0.000000000000000000e+00 0.000000000000000000e+00 0.000000000000000000e+00 0.000000000000000000e+00 0.000000000000000000e+00 0.000000000000000000e+00 0.000000000000000000e+00
5.000000000000000000e+00 7.800219870975853009e-01 2.468699086899852069e-01 1.000000000000000000e+00 0.000000000000000000e+00 1.657435265709929773e-01 1.348115870749324874e-01
1.000000000000000000e+01 8.307432739890746598e-01 4.064700059591815351e-01 1.000000000000000000e+00 1.000000000000000000e+00 1.923305611343158195e-01 7.289721097600211641e-02
1.500000000000000000e+01 8.115337866044883830e-01 4.055209606990954896e-01 1.000000000000000000e+00 1.000000000000000000e+00 1.376968502105855308e-01 1.435013756952999986e-01
2.000000000000000000e+01 6.801978818570929564e-01 1.453583122396480132e-01 1.000000000000000000e+00 0.000000000000000000e+00 1.827010725056694151e-01 1.026013732263680589e-01
2.500000000000000000e+01 4.711490788241665117e-01 3.143724232983081679e-01 1.000000000000000000e+00 0.000000000000000000e+00 1.537458672794165537e-01 1.354646963687715089e-01
3.000000000000000000e+01 8.187831862244024927e-01 3.570377667369092345e-01 1.000000000000000000e+00 0.000000000000000000e+00 1.539715735764227988e-01 1.449608689549879148e-01
3.500000000000000000e+01 6.423654383234822518e-01 3.330782765795030076e-01 1.000000000000000000e+00 0.000000000000000000e+00 1.115410217265079551e-01 1.260908870192440356e-01
4.000000000000000000e+01 6.259962627000509316e-01 3.204050293108223757e-01 1.000000000000000000e+00 0.000000000000000000e+00 1.986823607747060794e-01 1.592520661414526806e-01
4.500000000000000000e+01 6.336748377870170534e-01 2.087396756245813167e-01 1.000000000000000000e+00 0.000000000000000000e+00 1.847330027622532123e-01 9.410044932919997551e-02
5.000000000000000000e+01 7.057790273718882457e-01 1.620187514785896565e-01 1.000000000000000000e+00 0.000000000000000000e+00 1.885108833930922712e-01 1.152485002909968276e-01
5.500000000000000000e+01 6.179496108261937071e-01 1.120191501500007458e-01 1.000000000000000000e+00 0.000000000000000000e+00 1.465552813004394050e-01 8.168417836268956900e-02
6.000000000000000000e+01 6.709119208199839646e-01 1.589825186482082264e-01 0.000000000000000000e+00 0.000000000000000000e+00 2.452376276564455504e-01 7.923535346484641972e-02
6.500000000000000000e+01 6.331526637978152072e-01 2.046765213111058357e-01 1.000000000000000000e+00 1.000000000000000000e+00 1.115727092806559489e-01 5.778903113149638782e-02
7.000000000000000000e+01 6.810701687210291011e-01 3.047089319731853818e-01 1.000000000000000000e+00 1.000000000000000000e+00 1.702594075156536602e-01 8.700867802976751386e-02
7.500000000000000000e+01 7.022039008932245974e-01 2.961903628290172841e-01 1.000000000000000000e+00 0.000000000000000000e+00 2.254266928262163017e-01 1.212274502627101319e-01
8.000000000000000000e+01 6.988454593079307386e-01 0.000000000000000000e+00 1.000000000000000000e+00 0.000000000000000000e+00 1.601009690460782342e-01 0.000000000000000000e+00
8.500000000000000000e+01 5.223384688012305821e-01 1.053002858033204314e-01 1.000000000000000000e+00 0.000000000000000000e+00 1.514324404157211257e-01 1.002227006906125650e-01
9.000000000000000000e+01 6.313542096436592921e-01 1.179352021775096626e-01 1.000000000000000000e+00 0.000000000000000000e+00 2.223463257429546258e-01 9.712567400197370804e-02
9.500000000000000000e+01 6.651261119142201084e-01 2.007774454876923818e-03 1.000000000000000000e+00 0.000000000000000000e+00 1.992978303771978654e-01 1.091076127255535301e-02
1.000000000000000000e+02 5.044306775701123957e-01 1.768438965322695622e-01 1.000000000000000000e+00 0.000000000000000000e+00 1.436798712859705118e-01 1.638725668266060032e-01
1.050000000000000000e+02 5.971810150353474844e-01 2.394634223486401814e-01 1.000000000000000000e+00 0.000000000000000000e+00 1.482874093422463513e-01 1.447072877873386287e-01
1.100000000000000000e+02 5.814194868146694839e-01 1.832500573565642443e-01 0.000000000000000000e+00 0.000000000000000000e+00 2.282619850185733101e-01 9.716338071436918244e-02
1.150000000000000000e+02 5.253700925843267644e-01 2.604711391751771132e-01 1.000000000000000000e+00 1.000000000000000000e+00 1.839402871451684129e-01 8.985445847848234913e-02
1.200000000000000000e+02 5.233871654146459163e-01 2.170871098870915117e-01 1.000000000000000000e+00 0.000000000000000000e+00 1.122009329390065840e-01 1.381647680458363003e-01
1.250000000000000000e+02 6.312152256557723717e-01 1.680717565877004258e-02 1.000000000000000000e+00 0.000000000000000000e+00 1.399972093560186148e-01 2.211109619530635464e-02
1.300000000000000000e+02 5.213349711001515896e-01 2.933555396986638475e-01 0.000000000000000000e+00 0.000000000000000000e+00 1.997154304800296543e-01 1.085129910222007860e-01
1.350000000000000000e+02 4.425333203487623601e-01 1.056547104226624179e-01 0.000000000000000000e+00 0.000000000000000000e+00 1.782466343691954669e-01 8.658935386861763006e-02
1.400000000000000000e+02 3.223888527937533444e-01 4.294387239075286161e-02 0.000000000000000000e+00 0.000000000000000000e+00 1.586270893052122988e-01 1.121777074105656941e-01
1.450000000000000000e+02 4.640725507536983541e-01 2.081694903248507145e-01 1.000000000000000000e+00 0.000000000000000000e+00 1.415176568433175741e-01 1.274891157191755664e-01
1.500000000000000000e+02 4.080678811144028972e-01 4.195743851543116132e-01 0.000000000000000000e+00 0.000000000000000000e+00 1.881448479604725388e-01 1.542225623079591657e-01
1.550000000000000000e+02 5.128271489114626380e-01 2.395849375908486525e-02 1.000000000000000000e+00 0.000000000000000000e+00 1.493642275260661789e-01 1.824421218228425637e-02
1.600000000000000000e+02 4.665026288809205335e-01 1.888425153413792745e-01 0.000000000000000000e+00 0.000000000000000000e+00 1.802800727121097457e-01 1.278727605879779461e-01
1.650000000000000000e+02 4.837545506524423833e-01 4.220537593450062741e-01 1.000000000000000000e+00 0.000000000000000000e+00 1.586299613340418080e-01 1.522541101157937060e-01
1.700000000000000000e+02 4.202382403157066681e-01 9.384332746995954766e-02 0.000000000000000000e+00 0.000000000000000000e+00 1.678219682815402514e-01 4.992244674453884951e-02
1.750000000000000000e+02 5.452616646997816563e-01 5.420931789100870146e-01 1.000000000000000000e+00 1.000000000000000000e+00 1.820394831273688396e-01 1.641107618273493218e-01
1.800000000000000000e+02 4.774048829352158241e-01 2.786900745964571158e-01 0.000000000000000000e+00 0.000000000000000000e+00 1.795078129736902561e-01 1.402989996939455752e-01
1.850000000000000000e+02 6.225579267249250481e-01 4.683633210559935006e-02 1.000000000000000000e+00 0.000000000000000000e+00 1.178712436577796785e-01 1.180781978923148290e-01
1.900000000000000000e+02 5.061250808321579031e-01 1.259150180892055215e-01 1.000000000000000000e+00 0.000000000000000000e+00 1.293011833333795879e-01 2.030034515321163524e-01
1.950000000000000000e+02 5.268636578466454612e-01 1.763251021413340669e-01 1.000000000000000000e+00 0.000000000000000000e+00 1.488981026270427277e-01 1.878583392470802582e-01
2.000000000000000000e+02 5.959969644647631348e-01 8.483492748281132312e-02 1.000000000000000000e+00 0.000000000000000000e+00 1.216843842548494814e-01 1.337278429347089348e-01
2.050000000000000000e+02 4.385995770869186572e-01 2.475602933721095800e-01 1.000000000000000000e+00 0.000000000000000000e+00 1.194995492427769340e-01 1.326085343868346478e-01
2.100000000000000000e+02 4.660311049401685279e-01 2.217619516815114711e-01 1.000000000000000000e+00 0.000000000000000000e+00 1.431966036671784848e-01 1.952944811517444423e-01
2.150000000000000000e+02 4.543226397792006210e-01 1.984779157971247598e-01 0.000000000000000000e+00 0.000000000000000000e+00 1.808883306839444427e-01 1.471122365229788342e-01
2.200000000000000000e+02 5.702022341838484110e-01 3.065467654421856758e-01 1.000000000000000000e+00 0.000000000000000000e+00 1.752937522604550158e-01 1.199035502241722062e-01
2.250000000000000000e+02 5.866340047211001663e-01 1.809766980489576071e-01 0.000000000000000000e+00 0.000000000000000000e+00 2.170189413641154808e-01 9.941248659305081115e-02
2.300000000000000000e+02 4.482521618666757135e-01 1.161735293897973309e-01 1.000000000000000000e+00 0.000000000000000000e+00 1.535603546340874870e-01 7.882920833392109694e-02
2.350000000000000000e+02 2.655575547552682103e-01 1.371206806166465619e-01 0.000000000000000000e+00 0.000000000000000000e+00 1.429475637096144502e-01 7.001931718950236971e-02
2.400000000000000000e+02 5.606832712646749872e-01 2.000232991548702710e-01 1.000000000000000000e+00 0.000000000000000000e+00 1.664043040485587710e-01 1.297041580676892292e-01
2.450000000000000000e+02 5.373244828387679917e-01 8.263724173158379371e-02 1.000000000000000000e+00 0.000000000000000000e+00 1.851240096737356566e-01 9.743430386787832465e-02
2.500000000000000000e+02 6.112682201311867569e-01 3.544621639349300191e-01 1.000000000000000000e+00 0.000000000000000000e+00 1.946294334306666041e-01 1.356963556207305688e-01
2.550000000000000000e+02 4.299527751120160168e-01 9.862799446860485986e-02 0.000000000000000000e+00 0.000000000000000000e+00 1.771773880837292647e-01 1.177169729833371647e-01
2.600000000000000000e+02 4.804576743175664744e-01 2.419704305157652918e-02 0.000000000000000000e+00 0.000000000000000000e+00 1.884186691267151492e-01 4.432955163008472227e-02
2.650000000000000000e+02 4.544150204413546779e-01 6.964562197144850975e-02 1.000000000000000000e+00 0.000000000000000000e+00 8.712835653820004411e-02 4.553335475462416682e-02
2.700000000000000000e+02 5.452444379707184208e-01 8.271375658734260450e-02 1.000000000000000000e+00 0.000000000000000000e+00 1.883345192967504078e-01 1.741130846541645016e-01
2.750000000000000000e+02 4.237678899424835999e-01 2.380155099036259103e-01 1.000000000000000000e+00 0.000000000000000000e+00 1.419431135690780998e-01 1.509229879097366278e-01
2.800000000000000000e+02 5.478962637913604716e-01 5.364305936154560583e-02 1.000000000000000000e+00 0.000000000000000000e+00 1.877226444537078709e-01 1.269659983097171374e-01
2.850000000000000000e+02 5.818406526223016684e-01 1.098340259123645746e-01 1.000000000000000000e+00 0.000000000000000000e+00 1.415368516629050000e-01 1.782161362684300532e-01
2.900000000000000000e+02 5.694741435276793329e-01 2.602452557357994856e-01 1.000000000000000000e+00 0.000000000000000000e+00 1.790787209922568013e-01 1.565986896087992464e-01
2.950000000000000000e+02 3.974107730096114177e-01 1.681742213945172371e-01 0.000000000000000000e+00 0.000000000000000000e+00 1.989928783109164434e-01 1.071510733089903189e-01
3.000000000000000000e+02 4.283657261974886943e-01 2.520456585836406971e-01 0.000000000000000000e+00 0.000000000000000000e+00 2.091797133881678206e-01 1.313703454436107587e-01
3.050000000000000000e+02 4.933835430381230402e-01 3.537903347505277907e-01 1.000000000000000000e+00 1.000000000000000000e+00 1.723983861419189911e-01 1.145886573135577041e-01
3.100000000000000000e+02 4.288971700987670443e-01 6.057088690434166839e-02 0.000000000000000000e+00 0.000000000000000000e+00 2.059350454628965654e-01 1.037550149581525777e-01
3.150000000000000000e+02 3.865816054347280262e-01 1.150061587409113156e-01 1.000000000000000000e+00 0.000000000000000000e+00 1.212775517397185615e-01 1.103825962661984794e-01
3.200000000000000000e+02 3.520794258834091250e-01 2.488007580204463220e-01 0.000000000000000000e+00 0.000000000000000000e+00 1.567057893433536908e-01 1.278011606023364277e-01
3.250000000000000000e+02 5.069605119334124055e-01 2.217565686242414791e-01 0.000000000000000000e+00 0.000000000000000000e+00 1.879960604419613213e-01 1.557032416174045919e-01
3.300000000000000000e+02 3.790328527853417673e-01 1.845683039935082648e-01 0.000000000000000000e+00 0.000000000000000000e+00 1.744481271568245340e-01 7.073284913794000706e-02
3.350000000000000000e+02 2.787526443703776668e-01 2.216069352014044536e-01 0.000000000000000000e+00 0.000000000000000000e+00 1.479733241339489247e-01 1.065898534963975047e-01
3.400000000000000000e+02 2.716697548977732857e-01 1.416459378535834812e-01 0.000000000000000000e+00 0.000000000000000000e+00 1.392007930157243834e-01 1.567876191318101631e-01
3.450000000000000000e+02 3.970263257388604861e-01 1.525177966864337820e-01 1.000000000000000000e+00 0.000000000000000000e+00 9.131186922248472893e-02 6.069628158468565876e-02
3.500000000000000000e+02 3.649593722730295475e-01 1.537517059493315741e-01 1.000000000000000000e+00 0.000000000000000000e+00 8.045968038533413136e-02 1.004638447214805247e-01
3.550000000000000000e+02 3.514521803242746656e-01 8.240144958111843276e-02 0.000000000000000000e+00 0.000000000000000000e+00 1.316985191166677449e-01 8.659639399272757443e-02
3.600000000000000000e+02 2.947106395857786998e-01 1.706563077991141708e-01 0.000000000000000000e+00 0.000000000000000000e+00 1.501365553041636991e-01 9.164835627187552236e-02
3.650000000000000000e+02 2.714530216186789024e-01 8.458201488619612740e-02 0.000000000000000000e+00 0.000000000000000000e+00 1.499200894826867025e-01 8.032343124478619201e-02
3.700000000000000000e+02 3.789611908691942199e-01 6.431506897285180213e-02 1.000000000000000000e+00 0.000000000000000000e+00 1.147797930364336388e-01 4.397484884550861145e-02
3.750000000000000000e+02 3.495279290514286541e-01 2.510275473948245795e-01 0.000000000000000000e+00 0.000000000000000000e+00 1.379926966842305869e-01 1.439875284578859271e-01
3.800000000000000000e+02 3.509481959865990430e-01 2.177187832897554409e-01 0.000000000000000000e+00 0.000000000000000000e+00 1.425523746213934462e-01 1.382105523135403746e-01
3.850000000000000000e+02 3.133449471257886421e-01 2.695257615645509364e-01 0.000000000000000000e+00 1.000000000000000000e+00 1.369082588529258737e-01 9.177801584996782280e-02
3.900000000000000000e+02 3.958271129265283350e-01 1.304990467851237790e-01 1.000000000000000000e+00 0.000000000000000000e+00 1.277445614530089701e-01 1.873095570417531441e-01
3.950000000000000000e+02 2.341036055850765629e-01 1.334741572136322607e-01 0.000000000000000000e+00 0.000000000000000000e+00 1.276871397025182153e-01 1.395690940658874946e-01
4.000000000000000000e+02 3.063638095605515366e-01 1.045683439939718538e-02 0.000000000000000000e+00 0.000000000000000000e+00 1.634639224797678203e-01 7.998782994759805198e-02
4.050000000000000000e+02 5.579811115831010415e-01 1.272025364262626412e-01 1.000000000000000000e+00 0.000000000000000000e+00 1.391856769014301332e-01 1.942495364207369180e-01
4.100000000000000000e+02 3.587387470202471063e-01 2.758403397023601045e-01 1.000000000000000000e+00 0.000000000000000000e+00 1.183180758081978784e-01 1.406955614768833351e-01
4.150000000000000000e+02 3.874742398988394454e-01 0.000000000000000000e+00 1.000000000000000000e+00 0.000000000000000000e+00 1.368814624595461049e-01 0.000000000000000000e+00
4.200000000000000000e+02 2.960778619423359848e-01 6.182253832657923220e-02 0.000000000000000000e+00 0.000000000000000000e+00 1.325174599025415456e-01 5.972188730223416259e-02
4.250000000000000000e+02 3.117594919107089524e-01 8.621265437834244039e-02 1.000000000000000000e+00 0.000000000000000000e+00 1.006846335133809583e-01 1.056633012447316111e-01
4.300000000000000000e+02 3.430491317980507437e-01 1.569097766631243895e-01 0.000000000000000000e+00 0.000000000000000000e+00 1.514011916446039163e-01 1.014831699894376132e-01
4.350000000000000000e+02 2.820070146666872057e-01 2.258198737356464925e-01 1.000000000000000000e+00 0.000000000000000000e+00 9.515329223705280837e-02 8.929428927204198507e-02
4.400000000000000000e+02 3.504391004539505472e-01 1.629168226327177005e-01 0.000000000000000000e+00 0.000000000000000000e+00 1.792875329552337249e-01 1.307856482212722826e-01
4.450000000000000000e+02 1.985114291537449227e-01 4.112368554598613279e-01 0.000000000000000000e+00 0.000000000000000000e+00 1.444885596425521113e-01 2.150245624038974457e-01
4.500000000000000000e+02 2.529836394290949086e-01 2.302400029480662913e-01 0.000000000000000000e+00 0.000000000000000000e+00 1.375169566282934408e-01 9.785413328279737866e-02
4.550000000000000000e+02 2.934882301460371989e-01 1.487542512143910367e-01 0.000000000000000000e+00 0.000000000000000000e+00 1.341444689077855024e-01 1.190036868039596740e-01
4.600000000000000000e+02 2.133231959648481113e-01 7.298226322756498630e-02 0.000000000000000000e+00 0.000000000000000000e+00 1.397951431398087307e-01 1.180213719487193946e-01
4.650000000000000000e+02 3.971743629327972869e-01 3.728411443564324523e-01 1.000000000000000000e+00 1.000000000000000000e+00 1.107272474386440109e-01 8.073713218683603587e-02
4.700000000000000000e+02 2.015713305195701577e-01 1.268671070824612668e-01 0.000000000000000000e+00 0.000000000000000000e+00 1.240929265215164334e-01 2.141828170197556391e-01
4.750000000000000000e+02 3.367105105358822459e-01 3.246616849687321005e-01 1.000000000000000000e+00 1.000000000000000000e+00 8.175294432791506416e-02 6.368315205838384618e-02
4.800000000000000000e+02 2.358110100795894337e-01 4.494528762337013927e-01 0.000000000000000000e+00 0.000000000000000000e+00 9.770766847595611926e-02 1.790922711114781851e-01
4.850000000000000000e+02 2.582701868422143110e-01 2.471842411421719399e-01 0.000000000000000000e+00 0.000000000000000000e+00 1.001865109283471972e-01 1.436217127938571592e-01
4.900000000000000000e+02 2.103238499993356214e-01 2.552920742020717837e-01 0.000000000000000000e+00 0.000000000000000000e+00 1.404547864459696482e-01 1.328916128001824959e-01
4.950000000000000000e+02 1.410645092253532407e-01 2.823163599708938820e-01 0.000000000000000000e+00 0.000000000000000000e+00 1.433118465160842792e-01 2.528280262103548282e-01
5.000000000000000000e+02 2.426345658952836215e-01 1.344624529341857111e-01 0.000000000000000000e+00 0.000000000000000000e+00 1.684644086432811050e-01 1.851190000681151582e-01
5.050000000000000000e+02 2.252231622873880068e-01 2.564409826606602882e-01 0.000000000000000000e+00 0.000000000000000000e+00 1.610147605335275900e-01 1.384579734195545697e-01
5.100000000000000000e+02 3.298118498700010059e-01 3.853506817362720716e-01 0.000000000000000000e+00 1.000000000000000000e+00 1.223641118538984496e-01 1.238744306406959067e-01
5.150000000000000000e+02 9.434493664149989911e-02 2.279919707417767394e-01 0.000000000000000000e+00 0.000000000000000000e+00 1.068484815616394662e-01 1.139807712934362838e-01
5.200000000000000000e+02 2.426581531616328891e-01 4.614473491600686039e-02 0.000000000000000000e+00 0.000000000000000000e+00 1.094496374135056488e-01 5.653210577482004062e-02
5.250000000000000000e+02 1.439239674217627218e-01 4.738563305166618861e-02 0.000000000000000000e+00 0.000000000000000000e+00 1.108915836156172813e-01 5.996281422254693544e-02
5.300000000000000000e+02 2.342881072891507821e-01 1.809807411197917604e-01 0.000000000000000000e+00 0.000000000000000000e+00 1.099560265940709575e-01 8.906132644538707066e-02
5.350000000000000000e+02 1.601611026415883932e-01 3.308841142768906840e-01 0.000000000000000000e+00 0.000000000000000000e+00 1.271695145691889295e-01 1.642568222752482932e-01
5.400000000000000000e+02 1.946742697781054243e-01 2.230685738854273070e-01 0.000000000000000000e+00 0.000000000000000000e+00 1.290802273046443571e-01 1.355189833899097807e-01
5.450000000000000000e+02 2.119081044971999339e-01 7.797418013893397948e-02 0.000000000000000000e+00 0.000000000000000000e+00 1.011894658337917363e-01 1.301535860461596472e-01
5.500000000000000000e+02 2.436376661809527833e-01 4.191927447738679757e-01 0.000000000000000000e+00 0.000000000000000000e+00 9.981628216170014556e-02 1.904182027075182471e-01
5.550000000000000000e+02 2.685752295184941629e-01 1.351708990845361946e-01 0.000000000000000000e+00 0.000000000000000000e+00 1.234376533967474210e-01 1.767129433805919025e-01
5.600000000000000000e+02 2.798299915961969253e-01 7.884227683471181636e-02 0.000000000000000000e+00 0.000000000000000000e+00 1.027464196767401278e-01 1.219595096666643147e-01
5.650000000000000000e+02 1.322167957344901890e-01 1.537920065325348307e-01 0.000000000000000000e+00 0.000000000000000000e+00 1.331119418276889843e-01 1.375297907386456575e-01
5.700000000000000000e+02 3.060430676145177165e-01 2.687061265601996540e-01 0.000000000000000000e+00 0.000000000000000000e+00 1.113022567211965352e-01 1.436766554192038248e-01
5.750000000000000000e+02 3.323900883689555608e-01 1.845670038015889969e-01 0.000000000000000000e+00 0.000000000000000000e+00 1.668405682700191406e-01 1.298728229617207297e-01
5.800000000000000000e+02 1.604064873682124193e-01 8.106374098484740720e-02 0.000000000000000000e+00 0.000000000000000000e+00 1.121744462998000430e-01 1.793537214381449307e-01
5.850000000000000000e+02 1.383371785512480523e-01 1.098208891203156651e-01 0.000000000000000000e+00 0.000000000000000000e+00 8.391980493332645841e-02 7.111371002469857316e-02
5.900000000000000000e+02 1.001646159110366890e-01 4.693720189644260410e-01 0.000000000000000000e+00 1.000000000000000000e+00 1.345155748652523964e-01 9.726777016370223572e-02
5.950000000000000000e+02 2.303238430768426159e-01 1.350159977898152674e-01 0.000000000000000000e+00 0.000000000000000000e+00 1.016944213538194391e-01 6.650478815525859289e-02
6.000000000000000000e+02 1.698160227253419641e-01 7.767350978175820153e-02 0.000000000000000000e+00 0.000000000000000000e+00 1.081852315150616667e-01 1.192280727563145709e-01
6.050000000000000000e+02 2.011983153816319092e-01 5.847977556677862176e-02 0.000000000000000000e+00 0.000000000000000000e+00 1.119128210471599660e-01 2.046984737686905476e-01
6.100000000000000000e+02 1.965480877259036530e-01 5.192707675659643390e-02 0.000000000000000000e+00 0.000000000000000000e+00 1.173550054219314603e-01 7.900204487344417159e-02
6.150000000000000000e+02 1.719809595418771431e-01 3.384652927647612275e-01 0.000000000000000000e+00 0.000000000000000000e+00 7.378466022549493020e-02 1.221689547039882390e-01
6.200000000000000000e+02 2.916797811960803455e-01 1.275454831181961346e-01 0.000000000000000000e+00 0.000000000000000000e+00 1.577865076567314950e-01 2.488622040453262185e-01
6.250000000000000000e+02 1.599112303303886207e-01 3.736520331700785014e-01 0.000000000000000000e+00 0.000000000000000000e+00 9.696333400460202534e-02 1.825694408447919026e-01
6.300000000000000000e+02 1.142505030817194955e-01 6.921362449078656554e-02 0.000000000000000000e+00 0.000000000000000000e+00 1.654701663965318370e-01 8.629166512496271035e-02
6.350000000000000000e+02 2.769186673009824684e-01 2.262944171882606548e-01 0.000000000000000000e+00 0.000000000000000000e+00 1.511837689954714514e-01 1.404096193107833290e-01
6.400000000000000000e+02 2.062324900761924318e-01 1.534903617281214161e-01 0.000000000000000000e+00 0.000000000000000000e+00 1.206424121158646279e-01 8.709141454505330004e-02
6.450000000000000000e+02 1.182744620254380791e-01 2.281322099147151672e-01 0.000000000000000000e+00 0.000000000000000000e+00 1.136628537697066954e-01 1.517173631528774269e-01
6.500000000000000000e+02 3.543363718477035573e-01 2.048789916884367207e-02 0.000000000000000000e+00 0.000000000000000000e+00 2.001936350116222674e-01 1.430047846506658782e-01
6.550000000000000000e+02 1.919270012828946936e-01 2.943721454389074954e-01 0.000000000000000000e+00 0.000000000000000000e+00 1.326373585769717589e-01 1.903154606530748361e-01
6.600000000000000000e+02 1.975650548271686291e-01 1.845156046379344082e-03 0.000000000000000000e+00 0.000000000000000000e+00 8.131751294187943013e-02 6.092136834592449569e-03
6.650000000000000000e+02 9.913222878872671173e-02 1.647545728673684984e-01 0.000000000000000000e+00 0.000000000000000000e+00 1.118705533178628586e-01 7.553321560449852146e-02
6.700000000000000000e+02 1.404655331580314248e-01 1.047011818602452682e-01 0.000000000000000000e+00 0.000000000000000000e+00 8.575929004892085539e-02 8.928099593065288997e-02
6.750000000000000000e+02 1.239479049777284791e-01 0.000000000000000000e+00 0.000000000000000000e+00 0.000000000000000000e+00 1.647805140608627483e-01 0.000000000000000000e+00
6.800000000000000000e+02 3.295657894095483376e-01 1.818264815434835757e-01 0.000000000000000000e+00 0.000000000000000000e+00 1.246492164433716521e-01 1.313049878957986694e-01
6.850000000000000000e+02 1.692309180573707272e-01 2.145828268528327532e-01 0.000000000000000000e+00 1.000000000000000000e+00 9.165491998588491673e-02 4.598888890371509441e-02
6.900000000000000000e+02 1.486443606553310981e-01 4.533798364581877877e-02 0.000000000000000000e+00 0.000000000000000000e+00 1.501775103759070418e-01 3.677644084443806166e-02
6.950000000000000000e+02 1.031485314084368693e-01 1.333765435487591910e-01 0.000000000000000000e+00 0.000000000000000000e+00 9.626770430969433523e-02 1.231714868375320543e-01
7.000000000000000000e+02 1.681295153234170225e-01 1.198282964817019847e-01 0.000000000000000000e+00 0.000000000000000000e+00 1.006890751069171724e-01 9.295142200247469288e-02
7.050000000000000000e+02 2.905169603370997833e-01 2.459014069119686285e-01 0.000000000000000000e+00 0.000000000000000000e+00 1.433114263235515662e-01 1.735946692865185104e-01
7.100000000000000000e+02 2.342496921295333934e-01 1.581334794349529282e-01 0.000000000000000000e+00 0.000000000000000000e+00 8.906412348759146225e-02 1.369626520448173068e-01
7.150000000000000000e+02 2.631458570906536898e-01 2.647169475595567145e-01 0.000000000000000000e+00 0.000000000000000000e+00 1.333574958844242486e-01 9.748380061822231601e-02
7.200000000000000000e+02 2.522679502812720242e-01 1.194882269255854307e-01 0.000000000000000000e+00 0.000000000000000000e+00 1.478605117677554148e-01 7.334226131560270256e-02
7.250000000000000000e+02 1.968718380124028222e-01 2.363881842247572140e-01 0.000000000000000000e+00 0.000000000000000000e+00 1.021673532016496022e-01 1.484396359391202125e-01
7.300000000000000000e+02 2.307397859548680485e-01 6.886066705478868788e-02 0.000000000000000000e+00 0.000000000000000000e+00 1.088291171423002163e-01 1.375407128842305315e-01
7.350000000000000000e+02 3.713622744692024469e-02 1.037341571273930618e-01 0.000000000000000000e+00 0.000000000000000000e+00 1.112042163042084586e-01 1.646161817164646102e-01
7.400000000000000000e+02 3.865020212812983469e-01 2.295373786771328084e-01 1.000000000000000000e+00 0.000000000000000000e+00 9.957227826243376934e-02 9.070566300771039370e-02
7.450000000000000000e+02 2.903245299580728966e-01 5.464619304535175276e-02 1.000000000000000000e+00 0.000000000000000000e+00 9.416741900895825301e-02 3.929443958917001878e-02
7.500000000000000000e+02 2.520616709917233855e-01 1.305660188426128188e-01 1.000000000000000000e+00 0.000000000000000000e+00 6.183821502185745528e-02 1.404628708632005840e-01
7.550000000000000000e+02 4.911117618376321936e-02 2.565452631659618232e-01 0.000000000000000000e+00 0.000000000000000000e+00 6.515888435927313926e-02 1.523521647767253906e-01
7.600000000000000000e+02 1.899317932977373224e-01 3.234485749429766854e-01 0.000000000000000000e+00 0.000000000000000000e+00 1.164514029349470320e-01 1.587120477182601408e-01
7.650000000000000000e+02 3.073939690383383633e-02 6.891745882872295226e-02 0.000000000000000000e+00 0.000000000000000000e+00 1.015300065815564617e-01 6.088315444397884857e-02
7.700000000000000000e+02 1.967586323667544213e-01 1.189869318440184565e-01 0.000000000000000000e+00 0.000000000000000000e+00 1.970428358231051946e-01 1.486688328435902540e-01
7.750000000000000000e+02 1.633473937959176725e-01 1.326749058976161577e-01 0.000000000000000000e+00 0.000000000000000000e+00 1.554092281683271681e-01 7.746552282915525334e-02
7.800000000000000000e+02 1.142269880390187620e-01 2.124906308760472484e-01 0.000000000000000000e+00 1.000000000000000000e+00 1.743449039920662857e-01 7.208531558024765251e-02
7.850000000000000000e+02 4.782321237835306382e-01 2.919463082365712087e-03 1.000000000000000000e+00 0.000000000000000000e+00 1.057354483780758442e-01 3.830941516709850288e-03
7.900000000000000000e+02 2.454667895521673304e-01 2.250957925022713246e-01 0.000000000000000000e+00 0.000000000000000000e+00 1.700519594568438431e-01 1.144591904148548889e-01
7.950000000000000000e+02 1.231488358836921870e-01 2.614849341629056356e-01 0.000000000000000000e+00 0.000000000000000000e+00 1.149012333009189896e-01 1.431485331456502363e-01
8.000000000000000000e+02 1.321452219909743098e-01 2.972358804618910333e-01 0.000000000000000000e+00 0.000000000000000000e+00 9.459581803360062047e-02 1.301760833445217425e-01
8.050000000000000000e+02 2.735559081291598638e-01 2.683048668063409692e-01 0.000000000000000000e+00 0.000000000000000000e+00 1.385274707657527804e-01 1.132481461596681338e-01
8.100000000000000000e+02 6.753043686508405918e-02 1.511626477436318339e-01 0.000000000000000000e+00 0.000000000000000000e+00 9.107411969966752729e-02 2.077879642154004669e-01
8.150000000000000000e+02 1.554150535934926969e-01 2.140941111571699196e-01 0.000000000000000000e+00 0.000000000000000000e+00 1.376536272255398929e-01 9.594149303270124718e-02
8.200000000000000000e+02 1.362215608557139634e-01 1.004054886471928976e-01 0.000000000000000000e+00 0.000000000000000000e+00 9.211734996850806656e-02 1.093701286332195571e-01
8.250000000000000000e+02 5.608039607417192318e-02 7.632949583470079180e-02 0.000000000000000000e+00 0.000000000000000000e+00 2.892466755976040929e-02 1.059914830617199738e-01
8.300000000000000000e+02 7.402363849014738373e-02 3.105630320642445083e-02 0.000000000000000000e+00 0.000000000000000000e+00 1.551379060692464618e-01 3.419204372481394333e-02
8.350000000000000000e+02 2.552269990651726550e-01 2.939252830282689244e-01 0.000000000000000000e+00 1.000000000000000000e+00 9.384470716919611488e-02 9.889459743023724936e-02
8.400000000000000000e+02 7.812934179131872381e-02 4.907757683574247298e-02 0.000000000000000000e+00 0.000000000000000000e+00 8.470165949807115235e-02 3.829689496496583440e-02
8.450000000000000000e+02 1.117803199338215786e-01 1.907436297628019584e-01 0.000000000000000000e+00 0.000000000000000000e+00 1.535107068934983277e-01 1.151519904867349259e-01
8.500000000000000000e+02 9.218907817128625670e-02 9.772165430336605951e-03 0.000000000000000000e+00 0.000000000000000000e+00 1.647136993289747275e-01 1.110412430173151124e-02
8.550000000000000000e+02 2.124029215563444928e-01 1.243871908997253861e-01 0.000000000000000000e+00 0.000000000000000000e+00 1.004971258658709510e-01 1.300840688956620694e-01
8.600000000000000000e+02 2.663499709214899314e-01 1.861537250133297461e-01 0.000000000000000000e+00 0.000000000000000000e+00 1.126245232262207130e-01 9.715128487673538316e-02
8.650000000000000000e+02 1.386647526459600654e-01 2.546708032145409972e-01 0.000000000000000000e+00 0.000000000000000000e+00 1.047162216284055064e-01 1.132162941633433895e-01
8.700000000000000000e+02 2.167811644880034421e-04 1.160445016204262048e-01 0.000000000000000000e+00 0.000000000000000000e+00 1.156672831450196968e-03 1.223369096523546085e-01
8.750000000000000000e+02 3.462200885320211863e-01 1.878554737238616601e-01 0.000000000000000000e+00 0.000000000000000000e+00 1.385968261816463432e-01 1.560192603111018039e-01
8.800000000000000000e+02 1.547899039122355713e-01 8.242119006609865961e-02 0.000000000000000000e+00 0.000000000000000000e+00 1.599451538547961571e-01 8.912049916006409278e-02
8.850000000000000000e+02 0.000000000000000000e+00 8.972919150653160814e-02 0.000000000000000000e+00 0.000000000000000000e+00 0.000000000000000000e+00 1.549611790872313377e-01
8.900000000000000000e+02 2.747375024033558710e-01 9.787569936584553099e-02 1.000000000000000000e+00 0.000000000000000000e+00 8.994129146132154307e-02 1.062147994304230292e-01
8.950000000000000000e+02 2.519048091609935591e-01 2.930135099454030945e-01 0.000000000000000000e+00 0.000000000000000000e+00 1.162265265021264621e-01 1.378751521818153969e-01
9.000000000000000000e+02 2.016174355721818134e-01 1.557800004405275052e-01 0.000000000000000000e+00 0.000000000000000000e+00 2.005956419342869723e-01 8.403273358097201884e-02
9.050000000000000000e+02 0.000000000000000000e+00 1.718509720680750363e-01 0.000000000000000000e+00 0.000000000000000000e+00 0.000000000000000000e+00 7.979436087805653888e-02
9.100000000000000000e+02 1.120225448694190246e-01 8.904898869464547562e-02 0.000000000000000000e+00 0.000000000000000000e+00 1.256174154856937730e-01 1.289460449819653798e-01
9.150000000000000000e+02 8.401433215542089550e-02 1.113405098640676966e-01 0.000000000000000000e+00 0.000000000000000000e+00 1.238116410276339785e-01 9.384288549131800106e-02
9.200000000000000000e+02 3.317253043301264803e-01 5.036565168609848792e-02 1.000000000000000000e+00 0.000000000000000000e+00 1.172277931316388078e-01 1.198178022142175891e-01
9.250000000000000000e+02 1.591418632948867484e-01 0.000000000000000000e+00 0.000000000000000000e+00 0.000000000000000000e+00 1.001523695830784377e-01 0.000000000000000000e+00
9.300000000000000000e+02 8.548683921397343122e-02 0.000000000000000000e+00 0.000000000000000000e+00 0.000000000000000000e+00 1.490478231762275840e-01 0.000000000000000000e+00
9.350000000000000000e+02 2.522408170623877122e-02 2.570599525104440199e-03 0.000000000000000000e+00 0.000000000000000000e+00 5.135238068974613823e-02 4.668980002200695013e-03
9.400000000000000000e+02 5.512812428568902856e-02 1.050554004852929657e-01 0.000000000000000000e+00 0.000000000000000000e+00 1.187069345112842234e-01 1.129153199795725621e-01
9.450000000000000000e+02 1.972805038924085319e-01 5.386648292156963509e-03 0.000000000000000000e+00 0.000000000000000000e+00 1.611601369281940310e-01 3.385711473707322255e-02
9.500000000000000000e+02 1.779609489872853723e-01 3.697429466633645606e-02 0.000000000000000000e+00 0.000000000000000000e+00 1.402936046885266130e-01 1.862415457659257756e-01
9.550000000000000000e+02 8.653023296956272037e-02 2.025734116424967798e-02 0.000000000000000000e+00 0.000000000000000000e+00 4.653436150198758670e-02 8.223184643122325929e-03
9.600000000000000000e+02 6.668561557656034477e-02 7.383701238953205293e-02 0.000000000000000000e+00 0.000000000000000000e+00 4.695038002306668734e-02 8.370556898658110256e-02
9.650000000000000000e+02 2.307996905572810287e-01 1.110325391702700060e-01 0.000000000000000000e+00 0.000000000000000000e+00 8.955838341822332238e-02 1.179311228747913221e-01
9.700000000000000000e+02 3.851618270899373475e-02 1.798504194950618570e-02 0.000000000000000000e+00 0.000000000000000000e+00 9.448244226408487878e-02 4.419041779283960220e-02
9.750000000000000000e+02 7.408969368978976511e-02 1.350665179851417985e-01 0.000000000000000000e+00 0.000000000000000000e+00 7.802821049623251404e-02 1.315795658770681220e-01
9.800000000000000000e+02 9.270184496040247135e-02 1.869763382786252259e-01 0.000000000000000000e+00 0.000000000000000000e+00 6.840251388858871462e-02 1.159743232092232956e-01
9.850000000000000000e+02 2.599879360448247301e-01 1.428868629055965733e-01 0.000000000000000000e+00 0.000000000000000000e+00 9.856953327069402360e-02 8.692508364015909261e-02
9.900000000000000000e+02 5.797888227223515351e-02 6.433312345433433652e-03 0.000000000000000000e+00 0.000000000000000000e+00 1.346525919266129689e-01 6.889168513978701815e-03
9.950000000000000000e+02 2.265811894067651378e-01 1.572693307900008275e-01 0.000000000000000000e+00 0.000000000000000000e+00 1.180176444260663954e-01 9.450627458483117083e-02
