0.000000000000000000e+00 0.000000000000000000e+00 0.000000000000000000e+00 0.000000000000000000e+00 0.000000000000000000e+00 0.000000000000000000e+00 0.000000000000000000e+00
5.000000000000000000e+00 7.398772672199702694e-01 4.316036444035436515e-01 1.000000000000000000e+00 0.000000000000000000e+00 1.461521369765160228e-01 1.564471773669635357e-01
1.000000000000000000e+01 8.486595063471502609e-01 4.533350032233064431e-01 1.000000000000000000e+00 1.000000000000000000e+00 2.283008416367740268e-01 1.595693691219835508e-01
1.500000000000000000e+01 7.590357139852310642e-01 2.928646748125064425e-01 1.000000000000000000e+00 0.000000000000000000e+00 2.120553238857849077e-01 1.673136602582619148e-01
2.000000000000000000e+01 7.425898327113730213e-01 4.164355835035675746e-01 1.000000000000000000e+00 1.000000000000000000e+00 1.973722972443818224e-01 7.970290241922965702e-02
2.500000000000000000e+01 6.715199354515007935e-01 3.451365622638602471e-01 1.000000000000000000e+00 0.000000000000000000e+00 2.019709885326810561e-01 1.555668303232159433e-01
3.000000000000000000e+01 5.945786582196245229e-01 3.402737999515410561e-01 1.000000000000000000e+00 0.000000000000000000e+00 1.606840067620698975e-01 1.677656727554274196e-01
3.500000000000000000e+01 7.036270263346420251e-01 3.974395801105634618e-01 1.000000000000000000e+00 1.000000000000000000e+00 1.878789109867732565e-01 1.391899750129784175e-01
4.000000000000000000e+01 8.124007792429169816e-01 2.038319906977932305e-01 1.000000000000000000e+00 0.000000000000000000e+00 2.590492703433585620e-01 9.722807414664391690e-02
4.500000000000000000e+01 5.628126062772101923e-01 1.045250459242274416e-01 1.000000000000000000e+00 0.000000000000000000e+00 1.791152365054101692e-01 1.378392826523893444e-01
5.000000000000000000e+01 7.328116926801550024e-01 3.001072634159561714e-01 1.000000000000000000e+00 1.000000000000000000e+00 1.967784448360582750e-01 9.395098683657314431e-02
5.500000000000000000e+01 7.874417636321695557e-01 2.144902365984122650e-01 1.000000000000000000e+00 0.000000000000000000e+00 1.762383887709609576e-01 1.261223622709408965e-01
6.000000000000000000e+01 6.245229536229432998e-01 4.293702517821739173e-01 1.000000000000000000e+00 1.000000000000000000e+00 2.187461222205829003e-01 1.307665396997538532e-01
6.500000000000000000e+01 4.674269863085337429e-01 3.151463163742275753e-01 0.000000000000000000e+00 1.000000000000000000e+00 1.752823969059945641e-01 8.690774541687920629e-02
7.000000000000000000e+01 4.828564329232973296e-01 2.665272869716318049e-01 0.000000000000000000e+00 0.000000000000000000e+00 2.042324313841349659e-01 1.292537218818642641e-01
7.500000000000000000e+01 6.887625778874262306e-01 4.746621586069702525e-01 0.000000000000000000e+00 1.000000000000000000e+00 2.604553978521697566e-01 1.188085681817951517e-01
8.000000000000000000e+01 6.462612575048605201e-01 0.000000000000000000e+00 1.000000000000000000e+00 0.000000000000000000e+00 2.237163134856011426e-01 0.000000000000000000e+00
8.500000000000000000e+01 6.316068532342355990e-01 3.037720049036158332e-01 0.000000000000000000e+00 0.000000000000000000e+00 2.252528594413327478e-01 1.244577679506232715e-01
9.000000000000000000e+01 5.789393525371545612e-01 1.086990881205677217e-01 0.000000000000000000e+00 0.000000000000000000e+00 2.248321215033219356e-01 9.572468630907721154e-02
9.500000000000000000e+01 4.200327484065340400e-01 1.311754024217222023e-02 0.000000000000000000e+00 0.000000000000000000e+00 2.196593187995373175e-01 1.365035837581910980e-02
1.000000000000000000e+02 5.052914388070519625e-01 1.329902646560204293e-01 1.000000000000000000e+00 0.000000000000000000e+00 1.739089296215251546e-01 1.741185692501335258e-01
1.050000000000000000e+02 4.134428143989829496e-01 3.354256439212374152e-01 0.000000000000000000e+00 0.000000000000000000e+00 1.969818040144152294e-01 1.196489944269038957e-01
1.100000000000000000e+02 4.465072608203656257e-01 2.692911350755679001e-01 0.000000000000000000e+00 1.000000000000000000e+00 2.123035205816803939e-01 9.182725915285505636e-02
1.150000000000000000e+02 4.381771315798667077e-01 1.233841123182805866e-01 0.000000000000000000e+00 0.000000000000000000e+00 2.160145460736198064e-01 9.860509606003302341e-02
1.200000000000000000e+02 6.772834612152024425e-01 1.735017298480544812e-01 1.000000000000000000e+00 0.000000000000000000e+00 1.645836770119089576e-01 1.055789332333763042e-01
1.250000000000000000e+02 3.504012084546937467e-01 3.031427091693961184e-02 0.000000000000000000e+00 0.000000000000000000e+00 2.175048152809388735e-01 1.441718690140247339e-01
1.300000000000000000e+02 3.907407060168246460e-01 2.074197755044637215e-01 0.000000000000000000e+00 0.000000000000000000e+00 2.073896161067223520e-01 1.652115632016342150e-01
1.350000000000000000e+02 4.899975109962361186e-01 6.374858474692765564e-02 0.000000000000000000e+00 0.000000000000000000e+00 2.308604899110206499e-01 1.166333296306709399e-01
1.400000000000000000e+02 4.715042112642855443e-01 2.982884721680157530e-02 0.000000000000000000e+00 0.000000000000000000e+00 1.904329409953829932e-01 1.141601514513804067e-01
1.450000000000000000e+02 3.495953836743007082e-01 2.446170357575473686e-01 0.000000000000000000e+00 0.000000000000000000e+00 1.393782568817669987e-01 8.757932206072650827e-02
1.500000000000000000e+02 6.360703843353741060e-01 1.211668211022882413e-01 0.000000000000000000e+00 1.000000000000000000e+00 2.481510368929615851e-01 4.199788150095422334e-02
1.550000000000000000e+02 5.080371941767374278e-01 2.252905084576606320e-01 1.000000000000000000e+00 0.000000000000000000e+00 1.360300948635820573e-01 1.086981035953202973e-01
1.600000000000000000e+02 6.920816315635027749e-01 7.093558827790462373e-02 1.000000000000000000e+00 0.000000000000000000e+00 1.236977682393635009e-01 8.275098405944687763e-02
1.650000000000000000e+02 3.861946148556027469e-01 1.087468638045853975e-01 0.000000000000000000e+00 0.000000000000000000e+00 2.026990396124321858e-01 1.430388947996218130e-01
1.700000000000000000e+02 6.181067765351067056e-01 1.856556174775345069e-01 1.000000000000000000e+00 0.000000000000000000e+00 1.570938625324056481e-01 1.402124592447824281e-01
1.750000000000000000e+02 4.844264219921438075e-01 3.982983960425200420e-01 0.000000000000000000e+00 1.000000000000000000e+00 1.773118857383964575e-01 1.223320839518655528e-01
1.800000000000000000e+02 5.539343908958314078e-01 2.623268407320991646e-01 1.000000000000000000e+00 0.000000000000000000e+00 1.656622023805094379e-01 1.281976851899804537e-01
1.850000000000000000e+02 2.797524001401213156e-01 2.086352328377296117e-01 0.000000000000000000e+00 0.000000000000000000e+00 1.661452378687399423e-01 1.474599671071518403e-01
1.900000000000000000e+02 6.591372850875123479e-01 2.380095796004129960e-01 1.000000000000000000e+00 0.000000000000000000e+00 1.643703421651523666e-01 1.584823303659909088e-01
1.950000000000000000e+02 6.485882562499806214e-01 6.542798811977668105e-02 1.000000000000000000e+00 0.000000000000000000e+00 1.909886763371840546e-01 9.203289835874249591e-02
2.000000000000000000e+02 4.648696737965017367e-01 2.033407113666375540e-02 1.000000000000000000e+00 0.000000000000000000e+00 1.589770763725255887e-01 1.537820131051466088e-01
2.050000000000000000e+02 4.322751679719374351e-01 3.356356060478268843e-01 0.000000000000000000e+00 1.000000000000000000e+00 2.136926393260986101e-01 1.048530113891749244e-01
2.100000000000000000e+02 5.799706455131667937e-01 3.199585969159268184e-01 1.000000000000000000e+00 0.000000000000000000e+00 1.845875226196647678e-01 2.058344875608160152e-01
2.150000000000000000e+02 6.439913630920652832e-01 1.942261153941217677e-01 0.000000000000000000e+00 0.000000000000000000e+00 2.385022446800980356e-01 1.220445094919853229e-01
2.200000000000000000e+02 5.937627079971785626e-01 2.274125716169967115e-01 1.000000000000000000e+00 0.000000000000000000e+00 1.330536148743815261e-01 1.009696240406551676e-01
2.250000000000000000e+02 3.754201091716452554e-01 2.564509928038035680e-01 0.000000000000000000e+00 0.000000000000000000e+00 1.372276149281707602e-01 1.472634049629125141e-01
2.300000000000000000e+02 4.551348877267485937e-01 0.000000000000000000e+00 1.000000000000000000e+00 0.000000000000000000e+00 1.415779598291654617e-01 0.000000000000000000e+00
2.350000000000000000e+02 3.674545541410743077e-01 1.682014016039225512e-01 0.000000000000000000e+00 0.000000000000000000e+00 1.614454582325758614e-01 8.224055879368236122e-02
2.400000000000000000e+02 4.390972611734618170e-01 2.671490026818861829e-01 0.000000000000000000e+00 0.000000000000000000e+00 1.655091777042209111e-01 1.354702801427552228e-01
2.450000000000000000e+02 3.127129115540727144e-01 1.182051621176504891e-01 0.000000000000000000e+00 0.000000000000000000e+00 1.638216413096317547e-01 1.215861671215553025e-01
2.500000000000000000e+02 4.244040674899390853e-01 3.354610484927038061e-01 0.000000000000000000e+00 0.000000000000000000e+00 1.938651772546707841e-01 1.741028329249781070e-01
2.550000000000000000e+02 4.056028169735812483e-01 2.214322827441344843e-01 0.000000000000000000e+00 0.000000000000000000e+00 1.504095152156116888e-01 9.220796334101752367e-02
2.600000000000000000e+02 5.708684917280750781e-01 1.419888501186153916e-02 0.000000000000000000e+00 0.000000000000000000e+00 2.299898912520535743e-01 4.139479689372328741e-02
2.650000000000000000e+02 5.103105929051198197e-01 1.423542598955391258e-01 1.000000000000000000e+00 0.000000000000000000e+00 1.580504102122764765e-01 1.099704047004673585e-01
2.700000000000000000e+02 4.712104241409660332e-01 1.246797903733100760e-01 1.000000000000000000e+00 0.000000000000000000e+00 1.095657966579465376e-01 1.769294976673550790e-01
2.750000000000000000e+02 4.320877037611783322e-01 3.040167626894169084e-01 0.000000000000000000e+00 1.000000000000000000e+00 1.759321212348761154e-01 7.353130569341100042e-02
2.800000000000000000e+02 4.259984852983153547e-01 2.223549032787625612e-01 0.000000000000000000e+00 0.000000000000000000e+00 2.250380148613073394e-01 1.031830277500838250e-01
2.850000000000000000e+02 5.317143145849783092e-01 1.276130911725808503e-01 1.000000000000000000e+00 0.000000000000000000e+00 1.571562681045182985e-01 1.661841462442872064e-01
2.900000000000000000e+02 4.070567174898082063e-01 2.661359762930007866e-01 0.000000000000000000e+00 0.000000000000000000e+00 2.172194541206667884e-01 9.643366653849941295e-02
2.950000000000000000e+02 3.268481595777933957e-01 3.246325014330757042e-01 0.000000000000000000e+00 0.000000000000000000e+00 1.812255809942106555e-01 1.321621764644989871e-01
3.000000000000000000e+02 3.706244047564408173e-01 1.135289352408579006e-01 0.000000000000000000e+00 0.000000000000000000e+00 1.941251843827782042e-01 9.650419834705399602e-02
3.050000000000000000e+02 3.961311270700454967e-01 2.435939396053767025e-01 0.000000000000000000e+00 0.000000000000000000e+00 1.858253191525704173e-01 1.032160327429054586e-01
3.100000000000000000e+02 2.848701903610900144e-01 2.071108762955303217e-01 0.000000000000000000e+00 0.000000000000000000e+00 1.463465870197127594e-01 1.976251822831269767e-01
3.150000000000000000e+02 5.516866303696446039e-01 1.104682647653656424e-01 1.000000000000000000e+00 0.000000000000000000e+00 1.807080403635541177e-01 1.366718151334521958e-01
3.200000000000000000e+02 3.703351364445875982e-01 8.377851086487439480e-02 1.000000000000000000e+00 0.000000000000000000e+00 1.296555035372846665e-01 1.091578366725944466e-01
3.250000000000000000e+02 4.064920385519935064e-01 1.255010767538587424e-01 1.000000000000000000e+00 0.000000000000000000e+00 1.179698712758675272e-01 1.527670454010632006e-01
3.300000000000000000e+02 4.472266631521278901e-01 2.337218034775602471e-01 0.000000000000000000e+00 0.000000000000000000e+00 1.772761035994555034e-01 1.739972253090863730e-01
3.350000000000000000e+02 3.879062110186403123e-01 2.423701355621671882e-01 1.000000000000000000e+00 0.000000000000000000e+00 1.277356088044731830e-01 1.676172842932550089e-01
3.400000000000000000e+02 2.652216453992518042e-01 1.139442881159477700e-01 0.000000000000000000e+00 0.000000000000000000e+00 1.762777196956353265e-01 1.884737522029858170e-01
3.450000000000000000e+02 3.671669511528276586e-01 6.534791279962663679e-02 0.000000000000000000e+00 0.000000000000000000e+00 1.707627502095309391e-01 1.430196139927380206e-01
3.500000000000000000e+02 4.435522253088818867e-01 0.000000000000000000e+00 0.000000000000000000e+00 0.000000000000000000e+00 1.794460608624222631e-01 0.000000000000000000e+00
3.550000000000000000e+02 3.031385091174216839e-01 4.571950179444386059e-02 0.000000000000000000e+00 0.000000000000000000e+00 1.624070525167048695e-01 1.251726098638861473e-01
3.600000000000000000e+02 3.494663381576523231e-01 1.749142212544161495e-02 0.000000000000000000e+00 0.000000000000000000e+00 1.477275853488566326e-01 8.187640497048746802e-02
3.650000000000000000e+02 3.272863589375427651e-01 0.000000000000000000e+00 0.000000000000000000e+00 0.000000000000000000e+00 1.814405513595808983e-01 0.000000000000000000e+00
3.700000000000000000e+02 3.714498105947366957e-01 1.534925539405093686e-01 0.000000000000000000e+00 0.000000000000000000e+00 1.507266792710681147e-01 1.078007904795652283e-01
3.750000000000000000e+02 2.743458479039380116e-01 2.284519119514633601e-01 0.000000000000000000e+00 1.000000000000000000e+00 1.914571321961208161e-01 7.699672368061652450e-02
3.800000000000000000e+02 3.757550968666760194e-01 1.382694503310797074e-01 0.000000000000000000e+00 0.000000000000000000e+00 2.008366926112390705e-01 6.007038150715465069e-02
3.850000000000000000e+02 4.524363188697291815e-01 2.833121707982350079e-02 1.000000000000000000e+00 0.000000000000000000e+00 1.234141191085541128e-01 1.011044397395602507e-01
3.900000000000000000e+02 3.556638654526976251e-01 1.173537049215355177e-01 1.000000000000000000e+00 0.000000000000000000e+00 8.694757518724301193e-02 1.246416797725417303e-01
3.950000000000000000e+02 3.362708226230326503e-01 2.577998484106546750e-01 0.000000000000000000e+00 0.000000000000000000e+00 2.196042117138401195e-01 1.472561912696125630e-01
4.000000000000000000e+02 2.824752960442170058e-01 1.573412232953768641e-01 0.000000000000000000e+00 0.000000000000000000e+00 1.152064089034307015e-01 1.787114744973917757e-01
4.050000000000000000e+02 2.945355287205428385e-01 5.780661393420407496e-02 0.000000000000000000e+00 0.000000000000000000e+00 1.342704360585160461e-01 2.005517052932274946e-01
4.100000000000000000e+02 2.957647886033879514e-01 8.466500823853861935e-02 0.000000000000000000e+00 0.000000000000000000e+00 1.195849003342075445e-01 1.242605571830779354e-01
4.150000000000000000e+02 2.855608506623025233e-01 1.620676673951221280e-02 0.000000000000000000e+00 0.000000000000000000e+00 1.993321774234832755e-01 7.991670346721391205e-02
4.200000000000000000e+02 3.933686744521364687e-01 1.959493739720161078e-03 0.000000000000000000e+00 0.000000000000000000e+00 1.616704948576435374e-01 5.507514131607141664e-03
4.250000000000000000e+02 2.667625810732557334e-01 2.258988563245731274e-01 0.000000000000000000e+00 0.000000000000000000e+00 1.667816857261683605e-01 1.370729839649593162e-01
4.300000000000000000e+02 3.071356019252363123e-01 3.443609626783157851e-01 0.000000000000000000e+00 0.000000000000000000e+00 2.524615809624775609e-01 2.161970022518125423e-01
4.350000000000000000e+02 4.571972942516301375e-01 1.313073408712644163e-01 1.000000000000000000e+00 0.000000000000000000e+00 1.585435845435365643e-01 1.170390619183907660e-01
4.400000000000000000e+02 3.661180903165101030e-01 2.586649926398243982e-01 0.000000000000000000e+00 0.000000000000000000e+00 1.433049681490276006e-01 1.248152395652802060e-01
4.450000000000000000e+02 2.366096005128182911e-01 3.559938902069452737e-01 0.000000000000000000e+00 0.000000000000000000e+00 1.141002131629760830e-01 1.413921221014247109e-01
4.500000000000000000e+02 3.411861593738940157e-01 3.392786493586307656e-02 1.000000000000000000e+00 0.000000000000000000e+00 8.272544443495163935e-02 3.442449982551985116e-02
4.550000000000000000e+02 2.988482576871019925e-01 6.623631678068597761e-02 0.000000000000000000e+00 0.000000000000000000e+00 1.799379019122691603e-01 1.364485303456677290e-01
4.600000000000000000e+02 3.704290147240824616e-01 6.418055600805869232e-02 0.000000000000000000e+00 0.000000000000000000e+00 1.655086578670547093e-01 1.494510444260942483e-01
4.650000000000000000e+02 3.125035255649343813e-01 2.018855985357334293e-01 0.000000000000000000e+00 0.000000000000000000e+00 1.325158325488984545e-01 8.882986977324454358e-02
4.700000000000000000e+02 3.408497227165757648e-01 1.566187846182521826e-01 0.000000000000000000e+00 0.000000000000000000e+00 1.537214400041641560e-01 1.001998697955945455e-01
4.750000000000000000e+02 2.729091929030475483e-01 1.118143383249930733e-01 0.000000000000000000e+00 0.000000000000000000e+00 1.826472803033184211e-01 1.254483514429396707e-01
4.800000000000000000e+02 2.466343024849170507e-01 3.826890020899035849e-01 0.000000000000000000e+00 1.000000000000000000e+00 1.534473920195298657e-01 1.130224942383956516e-01
4.850000000000000000e+02 2.522966847973869831e-01 1.901541850902465913e-01 0.000000000000000000e+00 0.000000000000000000e+00 1.146757919648332402e-01 1.097318889749416410e-01
4.900000000000000000e+02 1.881409603629436156e-01 1.507564725957361296e-01 0.000000000000000000e+00 0.000000000000000000e+00 1.412193665331932246e-01 1.302598587778412420e-01
4.950000000000000000e+02 3.450023827583877933e-01 1.906054899365343391e-01 1.000000000000000000e+00 0.000000000000000000e+00 1.180838848024136217e-01 1.382135946915402924e-01
5.000000000000000000e+02 1.630663836094327357e-01 0.000000000000000000e+00 0.000000000000000000e+00 0.000000000000000000e+00 1.010614984773672148e-01 0.000000000000000000e+00
5.050000000000000000e+02 2.965282236491153522e-01 2.432238310395410941e-01 0.000000000000000000e+00 0.000000000000000000e+00 1.266601490830228105e-01 1.250901937516882279e-01
5.100000000000000000e+02 1.849218464334963785e-01 3.747606806405524571e-01 0.000000000000000000e+00 1.000000000000000000e+00 1.047599577004360710e-01 8.824760912768307708e-02
5.150000000000000000e+02 2.077983168262802494e-01 1.607380737826876183e-01 0.000000000000000000e+00 0.000000000000000000e+00 1.379255673597539200e-01 1.711965074738205361e-01
5.200000000000000000e+02 7.958903494583083327e-02 1.148015142903449359e-01 0.000000000000000000e+00 0.000000000000000000e+00 5.707130475444406603e-02 6.906272190416651302e-02
5.250000000000000000e+02 1.534874934427649662e-01 2.549797953936911582e-02 0.000000000000000000e+00 0.000000000000000000e+00 9.746318625224141552e-02 9.115690692264834250e-02
5.300000000000000000e+02 1.427394052118552970e-01 1.607035996009091861e-01 0.000000000000000000e+00 0.000000000000000000e+00 1.599492440256765624e-01 1.373403900523676446e-01
5.350000000000000000e+02 3.127812716032526419e-01 1.317617208596281730e-01 0.000000000000000000e+00 0.000000000000000000e+00 1.480141545812892756e-01 1.418644726011152324e-01
5.400000000000000000e+02 2.635836967583722878e-01 2.006452242680978326e-01 0.000000000000000000e+00 0.000000000000000000e+00 2.177828686329866537e-01 1.496428858699092590e-01
5.450000000000000000e+02 2.778027214596169303e-01 1.678940954652708983e-01 0.000000000000000000e+00 0.000000000000000000e+00 1.985494978004060940e-01 1.278734638141492963e-01
5.500000000000000000e+02 2.779551729009572814e-01 3.558910718082189950e-01 0.000000000000000000e+00 0.000000000000000000e+00 1.392483715154927137e-01 1.496071500174485369e-01
5.550000000000000000e+02 2.001698549018583739e-01 1.740648716130648865e-01 0.000000000000000000e+00 0.000000000000000000e+00 1.600645046397942695e-01 1.541728382208066572e-01
5.600000000000000000e+02 3.020024211002124703e-01 3.056131278867644796e-01 0.000000000000000000e+00 0.000000000000000000e+00 1.517933438252783707e-01 1.853659722488637529e-01
5.650000000000000000e+02 1.311354392959273030e-01 1.049456181197099686e-01 0.000000000000000000e+00 0.000000000000000000e+00 1.515188577738754705e-01 1.091008431163638798e-01
5.700000000000000000e+02 2.897989102263628380e-01 1.873289436287735588e-01 0.000000000000000000e+00 0.000000000000000000e+00 1.732753620387420812e-01 9.119433597101657407e-02
5.750000000000000000e+02 1.438517607089566663e-01 3.086357495685020380e-01 0.000000000000000000e+00 0.000000000000000000e+00 1.547161441871357235e-01 1.422149479165859265e-01
5.800000000000000000e+02 2.380129464935842321e-01 1.333160728942579462e-02 0.000000000000000000e+00 0.000000000000000000e+00 1.123153667262618560e-01 8.093706138747726320e-02
5.850000000000000000e+02 2.533774497048855712e-01 1.321633767247784585e-01 0.000000000000000000e+00 0.000000000000000000e+00 1.240663090902485305e-01 1.963206592753236335e-01
5.900000000000000000e+02 2.279421500509023757e-01 3.543115854043402679e-01 0.000000000000000000e+00 1.000000000000000000e+00 2.827553385657252116e-01 8.872599531730751554e-02
5.950000000000000000e+02 2.032179313153192057e-01 0.000000000000000000e+00 0.000000000000000000e+00 0.000000000000000000e+00 1.359430320432423456e-01 0.000000000000000000e+00
6.000000000000000000e+02 9.061613806709467589e-02 5.676738181030476817e-03 0.000000000000000000e+00 0.000000000000000000e+00 8.158138693417009424e-02 4.664195549898545422e-03
6.050000000000000000e+02 1.298505240621836976e-01 7.929605942147495423e-02 0.000000000000000000e+00 0.000000000000000000e+00 1.240840556858421317e-01 1.486366564303403248e-01
6.100000000000000000e+02 9.688222655611790357e-02 0.000000000000000000e+00 0.000000000000000000e+00 0.000000000000000000e+00 8.730735994643762377e-02 0.000000000000000000e+00
6.150000000000000000e+02 1.791655332410241608e-01 1.510879375581598849e-01 0.000000000000000000e+00 0.000000000000000000e+00 1.266681605279928735e-01 1.182578681054236303e-01
6.200000000000000000e+02 2.042132905962135148e-01 1.107523721088919666e-01 0.000000000000000000e+00 0.000000000000000000e+00 1.578773393891549359e-01 1.282307883087102918e-01
6.250000000000000000e+02 3.650185596012983091e-01 4.960529550266271070e-01 0.000000000000000000e+00 1.000000000000000000e+00 1.565111948104971895e-01 1.317158654378509097e-01
6.300000000000000000e+02 2.103688201004172975e-01 7.905850120274456050e-02 1.000000000000000000e+00 0.000000000000000000e+00 7.234188063656410428e-02 1.296766480139850408e-01
6.350000000000000000e+02 3.700497518003486586e-01 1.644536353118404293e-01 1.000000000000000000e+00 0.000000000000000000e+00 1.052988412299559057e-01 9.112480977749004563e-02
6.400000000000000000e+02 1.764866766851878599e-01 8.331842106955385241e-02 0.000000000000000000e+00 0.000000000000000000e+00 1.211421064058987029e-01 1.020311090267843473e-01
6.450000000000000000e+02 1.078353005568833956e-01 3.394941939312915435e-01 0.000000000000000000e+00 1.000000000000000000e+00 1.178834550409170318e-01 1.075789648004924909e-01
6.500000000000000000e+02 1.565712015070898910e-01 6.924251338257288169e-02 0.000000000000000000e+00 0.000000000000000000e+00 1.562471977001737289e-01 1.348487149300230670e-01
6.550000000000000000e+02 8.699039236103421613e-02 1.635466205463932954e-01 0.000000000000000000e+00 0.000000000000000000e+00 1.333486462409204099e-01 1.286930843956315962e-01
6.600000000000000000e+02 1.787607824744715246e-01 0.000000000000000000e+00 0.000000000000000000e+00 0.000000000000000000e+00 1.518048244296296423e-01 0.000000000000000000e+00
6.650000000000000000e+02 1.341910999611543309e-01 1.362516456400480747e-01 0.000000000000000000e+00 0.000000000000000000e+00 1.415530036768790911e-01 1.406121516320940346e-01
6.700000000000000000e+02 1.392006487815165283e-01 8.015812757934613272e-03 0.000000000000000000e+00 0.000000000000000000e+00 1.330555071833554592e-01 7.288349731255824512e-03
6.750000000000000000e+02 1.187074743590504078e-01 2.571424597343358043e-02 0.000000000000000000e+00 0.000000000000000000e+00 8.916002246887455573e-02 1.376621858182541236e-01
6.800000000000000000e+02 8.453647291398788677e-02 9.660655593002262509e-02 0.000000000000000000e+00 0.000000000000000000e+00 8.224734449061087138e-02 6.304094670910136144e-02
6.850000000000000000e+02 2.339104291724441731e-01 1.390946179345436406e-01 0.000000000000000000e+00 0.000000000000000000e+00 1.456967150769809816e-01 6.560961389275635214e-02
6.900000000000000000e+02 1.446423498504605387e-01 8.244907991478468007e-03 0.000000000000000000e+00 0.000000000000000000e+00 1.575068091349192123e-01 1.035646769046091528e-02
6.950000000000000000e+02 1.217877420716495240e-01 1.854022042020098682e-01 0.000000000000000000e+00 0.000000000000000000e+00 1.048574187329249785e-01 1.183225792014075961e-01
7.000000000000000000e+02 1.855312460268879193e-01 3.302903208440678695e-02 1.000000000000000000e+00 0.000000000000000000e+00 2.969611476858889307e-02 4.201413589481527849e-02
7.050000000000000000e+02 1.517228330219476673e-01 4.314617735743062760e-02 0.000000000000000000e+00 0.000000000000000000e+00 1.288877999602584812e-01 1.188347781340736015e-01
7.100000000000000000e+02 2.069492606391337142e-01 2.806911374122937966e-02 0.000000000000000000e+00 0.000000000000000000e+00 1.845810454198948958e-01 6.618304756905880881e-02
7.150000000000000000e+02 1.582429807381778575e-01 1.634680170747827288e-01 0.000000000000000000e+00 0.000000000000000000e+00 6.053231691839799922e-02 1.421475957105441112e-01
7.200000000000000000e+02 2.020417932990676776e-02 3.066926170901988075e-02 0.000000000000000000e+00 0.000000000000000000e+00 4.857570520470223807e-02 1.116540495798503119e-01
7.250000000000000000e+02 2.835133650068487055e-01 9.811532399351849398e-02 1.000000000000000000e+00 0.000000000000000000e+00 9.865718412247477531e-02 5.793115721096919746e-02
7.300000000000000000e+02 1.958297182024956451e-01 3.529961812742023197e-02 0.000000000000000000e+00 0.000000000000000000e+00 8.979954010165333567e-02 5.614457105293119837e-02
7.350000000000000000e+02 1.933996662659427934e-01 1.042184379666678817e-02 0.000000000000000000e+00 0.000000000000000000e+00 1.099000384906536620e-01 6.237759901560035319e-02
7.400000000000000000e+02 0.000000000000000000e+00 1.407137116236946706e-01 0.000000000000000000e+00 0.000000000000000000e+00 0.000000000000000000e+00 1.270071776991170409e-01
7.450000000000000000e+02 4.540680648490152405e-01 4.280695333750891146e-02 1.000000000000000000e+00 0.000000000000000000e+00 1.199562872543162018e-01 9.888936570537459891e-02
7.500000000000000000e+02 9.124480509288847296e-02 2.706603479992639866e-02 0.000000000000000000e+00 0.000000000000000000e+00 8.350419801060178504e-02 5.918629859070276278e-02
7.550000000000000000e+02 2.688282982319557535e-01 7.174053973291796837e-02 0.000000000000000000e+00 0.000000000000000000e+00 1.934156417358512403e-01 1.602035726002485339e-01
7.600000000000000000e+02 1.596980541824699618e-01 1.487182443529781461e-01 0.000000000000000000e+00 0.000000000000000000e+00 1.609345620413994982e-01 1.103797419131738455e-01
7.650000000000000000e+02 1.043135505068406299e-01 5.783510536171070082e-02 0.000000000000000000e+00 0.000000000000000000e+00 8.956560869517556089e-02 8.942561338668980619e-02
7.700000000000000000e+02 2.833921128356767793e-01 6.338168780708021421e-02 0.000000000000000000e+00 0.000000000000000000e+00 1.640805640420801848e-01 1.010863580649894039e-01
7.750000000000000000e+02 2.276291278400322804e-01 2.824335227417774583e-02 0.000000000000000000e+00 0.000000000000000000e+00 1.206177003747942039e-01 1.517018010413729856e-01
7.800000000000000000e+02 1.905410560647399498e-01 2.025363237747280498e-01 0.000000000000000000e+00 0.000000000000000000e+00 1.005396284672514517e-01 1.134129361101511857e-01
7.850000000000000000e+02 2.698337167081185095e-01 4.277783601682727359e-03 0.000000000000000000e+00 0.000000000000000000e+00 1.114399792787725413e-01 1.138755975812223153e-01
7.900000000000000000e+02 9.817772737579642806e-02 1.362744234565749744e-02 0.000000000000000000e+00 0.000000000000000000e+00 1.105271017243664444e-01 3.993822581652212156e-02
7.950000000000000000e+02 3.024290473326656792e-01 1.158383809765887451e-01 0.000000000000000000e+00 0.000000000000000000e+00 1.521201281854884235e-01 1.145063219719123643e-01
8.000000000000000000e+02 5.095744830816910376e-02 3.358085888853074574e-01 0.000000000000000000e+00 0.000000000000000000e+00 7.200688405639245337e-02 1.355314295190239438e-01
8.050000000000000000e+02 1.913349728109380310e-01 1.854792348783046996e-01 0.000000000000000000e+00 0.000000000000000000e+00 1.833564502319563472e-01 1.084851746124888966e-01
8.100000000000000000e+02 8.313521666181966641e-02 1.916461467147862474e-01 0.000000000000000000e+00 0.000000000000000000e+00 1.176665949018574214e-01 1.099116895722067749e-01
8.150000000000000000e+02 5.242928827642619194e-02 8.775791048289249829e-02 0.000000000000000000e+00 0.000000000000000000e+00 1.027585552978820677e-01 9.911969283438704093e-02
8.200000000000000000e+02 1.157604286617764239e-01 8.795069177768674584e-02 0.000000000000000000e+00 0.000000000000000000e+00 1.167252129055481591e-01 7.318127577467403722e-02
8.250000000000000000e+02 2.322426931840062062e-02 1.211130585223092054e-01 0.000000000000000000e+00 0.000000000000000000e+00 7.138150655495852093e-02 6.953525248053783747e-02
8.300000000000000000e+02 1.475191575881807660e-01 1.129167166392277578e-02 0.000000000000000000e+00 0.000000000000000000e+00 6.614285952731562002e-02 5.870938267737142030e-02
8.350000000000000000e+02 1.129737171412306396e-01 3.547106342470981999e-01 0.000000000000000000e+00 1.000000000000000000e+00 1.538219565058900618e-01 1.201367488938731715e-01
8.400000000000000000e+02 2.004416077657211748e-02 0.000000000000000000e+00 0.000000000000000000e+00 0.000000000000000000e+00 4.398999252943745775e-02 0.000000000000000000e+00
8.450000000000000000e+02 2.246204085108260973e-01 1.715814843473414952e-01 0.000000000000000000e+00 0.000000000000000000e+00 1.392698746550895539e-01 9.031378588352596826e-02
8.500000000000000000e+02 1.047949578197800574e-01 5.094450253076682200e-02 0.000000000000000000e+00 0.000000000000000000e+00 5.197483079866294098e-02 7.632156468896103552e-02
8.550000000000000000e+02 1.107222509434812319e-01 7.439924315292353874e-02 0.000000000000000000e+00 0.000000000000000000e+00 4.561604562789842165e-02 1.021546265922858715e-01
8.600000000000000000e+02 2.405121128003759878e-01 1.254002954909649581e-01 0.000000000000000000e+00 0.000000000000000000e+00 1.000374714462465842e-01 9.250319132215339968e-02
8.650000000000000000e+02 3.462427150135624077e-01 2.311425166351471217e-01 1.000000000000000000e+00 0.000000000000000000e+00 1.106029447374156371e-01 1.324699157274831507e-01
8.700000000000000000e+02 4.007157318442728378e-01 1.592129943788989088e-03 0.000000000000000000e+00 0.000000000000000000e+00 1.454254584410298035e-01 4.793957563676330171e-03
8.750000000000000000e+02 8.871706092468883975e-02 0.000000000000000000e+00 0.000000000000000000e+00 0.000000000000000000e+00 5.281798570730032727e-02 0.000000000000000000e+00
8.800000000000000000e+02 0.000000000000000000e+00 0.000000000000000000e+00 0.000000000000000000e+00 0.000000000000000000e+00 0.000000000000000000e+00 0.000000000000000000e+00
8.850000000000000000e+02 2.475076705443409464e-01 3.995567314306522344e-02 0.000000000000000000e+00 0.000000000000000000e+00 1.600151979525502310e-01 8.395004306745965095e-02
8.900000000000000000e+02 1.804599883129581472e-01 9.257989339193339537e-03 0.000000000000000000e+00 0.000000000000000000e+00 1.010521566696110790e-01 1.240637017768374262e-02
8.950000000000000000e+02 8.189317518666976159e-02 1.514517124559096595e-01 0.000000000000000000e+00 0.000000000000000000e+00 1.440508277896205558e-01 1.189025521996286833e-01
9.000000000000000000e+02 1.710196138102858532e-01 2.519794620757496301e-02 0.000000000000000000e+00 0.000000000000000000e+00 9.967782966982632886e-02 1.748197884587155554e-02
9.050000000000000000e+02 9.694196782047502514e-02 4.171340791136142478e-02 0.000000000000000000e+00 0.000000000000000000e+00 1.106704540712837304e-01 1.167065962500619253e-01
9.100000000000000000e+02 1.901906146862713531e-01 4.488815574761289943e-03 0.000000000000000000e+00 0.000000000000000000e+00 1.320411003411357809e-01 7.811026171961672759e-02
9.150000000000000000e+02 1.750628365200272152e-01 1.691771444970516930e-02 0.000000000000000000e+00 0.000000000000000000e+00 1.039497406790441392e-01 1.134640095995167845e-02
9.200000000000000000e+02 1.570374900274711105e-01 2.900844957414630727e-03 0.000000000000000000e+00 0.000000000000000000e+00 1.365951344792717403e-01 4.543439895754718127e-02
9.250000000000000000e+02 2.702044863996903509e-02 4.335159933124803355e-02 0.000000000000000000e+00 0.000000000000000000e+00 2.439420186276673383e-02 4.878955455606454050e-02
9.300000000000000000e+02 1.104755150977244360e-01 7.313186387360878782e-02 0.000000000000000000e+00 0.000000000000000000e+00 6.861138962352757165e-02 6.465948842136003127e-02
9.350000000000000000e+02 4.862688085929139231e-02 6.582684767497795630e-02 0.000000000000000000e+00 0.000000000000000000e+00 7.507227303964572607e-02 1.361982213066863234e-01
9.400000000000000000e+02 3.700885548890277960e-02 3.072951298609642029e-02 0.000000000000000000e+00 0.000000000000000000e+00 1.940707049786137006e-01 7.098901874881712037e-02
9.450000000000000000e+02 6.646881749967654962e-02 3.682773919983940714e-02 0.000000000000000000e+00 0.000000000000000000e+00 8.794181380718570085e-02 2.443602902800579707e-02
9.500000000000000000e+02 3.070308735075594764e-01 0.000000000000000000e+00 0.000000000000000000e+00 0.000000000000000000e+00 1.348461488878458514e-01 0.000000000000000000e+00
9.550000000000000000e+02 1.457245602987947142e-01 1.139849941534750444e-01 0.000000000000000000e+00 0.000000000000000000e+00 1.367575818065043525e-01 1.623203144936992692e-01
9.600000000000000000e+02 4.471594858160684444e-02 3.106081148319842500e-01 0.000000000000000000e+00 0.000000000000000000e+00 2.142109513917263008e-01 1.195124267791048134e-01
9.650000000000000000e+02 1.164941085750821337e-01 1.942002910848998967e-02 0.000000000000000000e+00 0.000000000000000000e+00 1.343326192055625812e-01 1.310633686704202813e-02
9.700000000000000000e+02 6.218283532315591750e-02 1.483142770218715822e-01 0.000000000000000000e+00 0.000000000000000000e+00 1.586924202790119809e-01 9.295256029715949497e-02
9.750000000000000000e+02 2.036517816238630763e-01 1.488026311488660769e-01 0.000000000000000000e+00 0.000000000000000000e+00 9.010023175936854312e-02 8.971121048985651603e-02
9.800000000000000000e+02 8.632811315822764642e-04 1.572317196262701111e-01 0.000000000000000000e+00 0.000000000000000000e+00 2.438697527704976158e-03 1.410555551668402907e-01
9.850000000000000000e+02 6.908941333690901687e-02 9.451173469466442323e-02 0.000000000000000000e+00 0.000000000000000000e+00 6.590885281716468702e-02 7.397389327969319806e-02
9.900000000000000000e+02 3.721033387302027373e-01 0.000000000000000000e+00 1.000000000000000000e+00 0.000000000000000000e+00 1.222681107940185724e-01 0.000000000000000000e+00
9.950000000000000000e+02 2.211448924256191328e-01 1.266176504727211660e-01 0.000000000000000000e+00 0.000000000000000000e+00 1.320340306288453613e-01 7.077306379357811705e-02
