0.000000000000000000e+00 0.000000000000000000e+00 0.000000000000000000e+00 0.000000000000000000e+00 0.000000000000000000e+00 0.000000000000000000e+00 0.000000000000000000e+00
5.000000000000000000e+00 1.083117368663569113e+00 3.569120724407607859e-01 1.000000000000000000e+00 0.000000000000000000e+00 2.008560255428080976e-01 1.372451895508795539e-01
1.000000000000000000e+01 1.277489467284127933e+00 4.050018350332574846e-01 1.000000000000000000e+00 1.000000000000000000e+00 2.388409195633797999e-01 8.589100718220099573e-02
1.500000000000000000e+01 1.096721786285269618e+00 2.666220433235410581e-01 1.000000000000000000e+00 0.000000000000000000e+00 1.892504325041085567e-01 1.145998605622235433e-01
2.000000000000000000e+01 1.029523067326020724e+00 2.858512927663758307e-01 1.000000000000000000e+00 0.000000000000000000e+00 2.290553949980666248e-01 1.071354649588100172e-01
2.500000000000000000e+01 9.750107662960137977e-01 2.296147377954599056e-01 1.000000000000000000e+00 0.000000000000000000e+00 2.034969471349347969e-01 1.186394485304173851e-01
3.000000000000000000e+01 1.085530705415044705e+00 3.196046948978183977e-01 1.000000000000000000e+00 0.000000000000000000e+00 1.839536598960454239e-01 1.259104320639582164e-01
3.500000000000000000e+01 1.083775935755246334e+00 2.197507705050406046e-01 1.000000000000000000e+00 0.000000000000000000e+00 2.429541547111331856e-01 1.427397489522332363e-01
4.000000000000000000e+01 9.881332153345683267e-01 1.180550376912102573e-01 1.000000000000000000e+00 0.000000000000000000e+00 2.327172485549840186e-01 1.142185201956820439e-01
4.500000000000000000e+01 7.364228339129315071e-01 8.809698108583316478e-02 1.000000000000000000e+00 0.000000000000000000e+00 2.136354193126322742e-01 1.597895073728577697e-01
5.000000000000000000e+01 8.548967702847255490e-01 3.095010220637448572e-01 1.000000000000000000e+00 0.000000000000000000e+00 2.151963163965900372e-01 1.298903477704688725e-01
5.500000000000000000e+01 7.224968390828291342e-01 3.569973549134690116e-01 1.000000000000000000e+00 1.000000000000000000e+00 1.973736587477474269e-01 1.189889270466266968e-01
6.000000000000000000e+01 9.230961929694890822e-01 1.889773777946102129e-01 1.000000000000000000e+00 0.000000000000000000e+00 1.865326724589857210e-01 1.522178957890419626e-01
6.500000000000000000e+01 5.778546038032729149e-01 1.744488074747816975e-01 1.000000000000000000e+00 0.000000000000000000e+00 1.666225176729839996e-01 1.207800679867617327e-01
7.000000000000000000e+01 6.483625303458013800e-01 3.323819600895303594e-01 1.000000000000000000e+00 1.000000000000000000e+00 1.699497866902083820e-01 1.007347211713145452e-01
7.500000000000000000e+01 7.207480932446040933e-01 2.497664467739925398e-01 1.000000000000000000e+00 0.000000000000000000e+00 2.345692774414542270e-01 9.870568101531158878e-02
8.000000000000000000e+01 9.281192010939589565e-01 1.058191073448007530e-01 1.000000000000000000e+00 0.000000000000000000e+00 1.878558220733278772e-01 1.436057509980706581e-01
8.500000000000000000e+01 8.562867227928954161e-01 3.444413177736715959e-01 1.000000000000000000e+00 1.000000000000000000e+00 2.540420598567542099e-01 9.760978159629908613e-02
9.000000000000000000e+01 7.018167377599943135e-01 6.281953008795035376e-02 1.000000000000000000e+00 0.000000000000000000e+00 1.654584936881039470e-01 4.375483811813081492e-02
9.500000000000000000e+01 7.933062551117081584e-01 1.282208475531121938e-01 1.000000000000000000e+00 0.000000000000000000e+00 2.728033047830324409e-01 7.841223147906380142e-02
1.000000000000000000e+02 1.028732776649520897e+00 1.419798679293667598e-01 1.000000000000000000e+00 0.000000000000000000e+00 2.434753412720187804e-01 8.744477429691656367e-02
1.050000000000000000e+02 5.921084199837832740e-01 2.165625025933782533e-01 1.000000000000000000e+00 0.000000000000000000e+00 1.481327084967807572e-01 8.976395523883891336e-02
1.100000000000000000e+02 8.784753746713752642e-01 1.911873919828744328e-01 1.000000000000000000e+00 0.000000000000000000e+00 1.794130156944839516e-01 6.903450201101353489e-02
1.150000000000000000e+02 7.002307578982736036e-01 2.786971426391382511e-01 1.000000000000000000e+00 0.000000000000000000e+00 2.355578036893171412e-01 1.093199787116879568e-01
1.200000000000000000e+02 7.800763984663811046e-01 1.890485485869478899e-01 1.000000000000000000e+00 0.000000000000000000e+00 1.991704875696103383e-01 8.647590573591622254e-02
1.250000000000000000e+02 5.830172402607647353e-01 2.250685545490685724e-01 1.000000000000000000e+00 1.000000000000000000e+00 1.875258759026901811e-01 7.109778951864988150e-02
1.300000000000000000e+02 7.470346719776753686e-01 2.950919487074180614e-01 1.000000000000000000e+00 0.000000000000000000e+00 1.602455708215291263e-01 1.128917645843913048e-01
1.350000000000000000e+02 5.839100933299787854e-01 0.000000000000000000e+00 1.000000000000000000e+00 0.000000000000000000e+00 2.043641281560695522e-01 0.000000000000000000e+00
1.400000000000000000e+02 6.650450485527146238e-01 0.000000000000000000e+00 1.000000000000000000e+00 0.000000000000000000e+00 2.249195289230369321e-01 0.000000000000000000e+00
1.450000000000000000e+02 4.881946764095044244e-01 1.765194666075898811e-01 0.000000000000000000e+00 0.000000000000000000e+00 1.939974578452611509e-01 1.192973185450489637e-01
1.500000000000000000e+02 8.378189643585025603e-01 3.796282260627381611e-01 1.000000000000000000e+00 1.000000000000000000e+00 1.893779859132447563e-01 8.121660990139301095e-02
1.550000000000000000e+02 6.617443264156729343e-01 8.015335106348732419e-02 1.000000000000000000e+00 0.000000000000000000e+00 2.124620430051314124e-01 1.120034303871537545e-01
1.600000000000000000e+02 7.135010988354795192e-01 6.295173977667169185e-02 1.000000000000000000e+00 0.000000000000000000e+00 2.209484741223261550e-01 6.789562352020728220e-02
1.650000000000000000e+02 5.491344183835351611e-01 4.090325889317404373e-01 1.000000000000000000e+00 0.000000000000000000e+00 1.607828459451906278e-01 1.838961571344732426e-01
1.700000000000000000e+02 6.513087873542644513e-01 2.566293951104738347e-01 0.000000000000000000e+00 1.000000000000000000e+00 2.407208237979117371e-01 6.921324405199899554e-02
1.750000000000000000e+02 7.942693991603947401e-01 2.867152940358042024e-01 1.000000000000000000e+00 0.000000000000000000e+00 1.989043465639410424e-01 1.435235249820538406e-01
1.800000000000000000e+02 6.848409914057272951e-01 1.305650312664940471e-01 1.000000000000000000e+00 0.000000000000000000e+00 1.717196581694888646e-01 9.991860675555816473e-02
1.850000000000000000e+02 8.678999392719910499e-01 2.349843399916042852e-01 1.000000000000000000e+00 0.000000000000000000e+00 1.785862453801575211e-01 1.103574299591230518e-01
1.900000000000000000e+02 6.436260952930787926e-01 1.122572732083394476e-01 1.000000000000000000e+00 0.000000000000000000e+00 2.243095658317303953e-01 1.321040088016660063e-01
1.950000000000000000e+02 7.810282210498435962e-01 4.384491606291153754e-01 1.000000000000000000e+00 1.000000000000000000e+00 2.427202137247224389e-01 7.197809841347438398e-02
2.000000000000000000e+02 7.783816513054503394e-01 5.943331976389367582e-02 1.000000000000000000e+00 0.000000000000000000e+00 2.307976364260143354e-01 1.246909720682953249e-01
2.050000000000000000e+02 5.175162990992884238e-01 1.222506911484196601e-01 1.000000000000000000e+00 0.000000000000000000e+00 1.702076337596826472e-01 1.095994092101098133e-01
2.100000000000000000e+02 4.534596795336732211e-01 1.769191198563883627e-01 1.000000000000000000e+00 0.000000000000000000e+00 1.546363879364968108e-01 1.200384805336905947e-01
2.150000000000000000e+02 7.195612252315599644e-01 2.090930968256065337e-01 1.000000000000000000e+00 0.000000000000000000e+00 1.979927868646421119e-01 1.128057654311358099e-01
2.200000000000000000e+02 5.674411970595090171e-01 2.204176133332958476e-01 0.000000000000000000e+00 1.000000000000000000e+00 2.231374754196341070e-01 6.999672731779540968e-02
2.250000000000000000e+02 7.483128683453653673e-01 2.803449540457850775e-01 1.000000000000000000e+00 0.000000000000000000e+00 2.039516201689116626e-01 1.259631259055974950e-01
2.300000000000000000e+02 5.267071073975000406e-01 5.435337665880592140e-03 1.000000000000000000e+00 0.000000000000000000e+00 1.710038031996738983e-01 9.232462440295245709e-02
2.350000000000000000e+02 6.619152774309881027e-01 1.340753137691325647e-01 1.000000000000000000e+00 0.000000000000000000e+00 1.664807135015937967e-01 9.071678156505628976e-02
2.400000000000000000e+02 8.452471311712665969e-01 9.362619650826466133e-02 1.000000000000000000e+00 0.000000000000000000e+00 1.892254570876624464e-01 1.173334315539202727e-01
2.450000000000000000e+02 5.760170887131199624e-01 3.312795624732316896e-02 0.000000000000000000e+00 0.000000000000000000e+00 2.508392526197648631e-01 1.189883233823176428e-01
2.500000000000000000e+02 6.949507889033635921e-01 3.501983015246911135e-01 1.000000000000000000e+00 1.000000000000000000e+00 2.236786812423082194e-01 1.098100880075613961e-01
2.550000000000000000e+02 6.546996354109972938e-01 1.944792726737559763e-02 1.000000000000000000e+00 0.000000000000000000e+00 1.971021226261025494e-01 8.567670675224351579e-03
2.600000000000000000e+02 6.249575386448388281e-01 8.371307661852449289e-02 1.000000000000000000e+00 0.000000000000000000e+00 1.750497433615234300e-01 6.313076912712620170e-02
2.650000000000000000e+02 4.911475870594575466e-01 1.284881962046922621e-01 0.000000000000000000e+00 0.000000000000000000e+00 1.971659155385526718e-01 1.345503545107696597e-01
2.700000000000000000e+02 4.067577083217804867e-01 3.040741775220701017e-03 0.000000000000000000e+00 0.000000000000000000e+00 1.784616849830630014e-01 1.111274867098722974e-01
2.750000000000000000e+02 6.077524019441440384e-01 2.826074345759990170e-01 1.000000000000000000e+00 0.000000000000000000e+00 1.853386251743839586e-01 1.015485421533551536e-01
2.800000000000000000e+02 5.448925942614289974e-01 0.000000000000000000e+00 0.000000000000000000e+00 0.000000000000000000e+00 2.068638144845355853e-01 0.000000000000000000e+00
2.850000000000000000e+02 4.288968283485051214e-01 6.837838199890884650e-02 0.000000000000000000e+00 0.000000000000000000e+00 2.048783184849819472e-01 1.118981373632734200e-01
2.900000000000000000e+02 4.121497577000792778e-01 1.964867364362134494e-01 1.000000000000000000e+00 0.000000000000000000e+00 1.294113775618697115e-01 1.559669061358249231e-01
2.950000000000000000e+02 6.436530417994883457e-01 1.236600395098820943e-01 1.000000000000000000e+00 0.000000000000000000e+00 1.942622592611519261e-01 7.715281606734313014e-02
3.000000000000000000e+02 5.098726044822530223e-01 1.051584998769947710e-01 0.000000000000000000e+00 0.000000000000000000e+00 2.481434986445806845e-01 8.698081864066663227e-02
3.050000000000000000e+02 5.683426242773574888e-01 3.370514217007683500e-01 1.000000000000000000e+00 0.000000000000000000e+00 1.857772194989828207e-01 1.891407561164847873e-01
3.100000000000000000e+02 4.637260889801939068e-01 1.536468767164858584e-01 1.000000000000000000e+00 0.000000000000000000e+00 9.309082624949845119e-02 1.422144867691508274e-01
3.150000000000000000e+02 6.995149949886292351e-01 1.448280988614897014e-01 1.000000000000000000e+00 0.000000000000000000e+00 1.617262702472485603e-01 1.627656132286262880e-01
3.200000000000000000e+02 4.684439751067266400e-01 1.132675834915547464e-01 1.000000000000000000e+00 0.000000000000000000e+00 1.647790007126512246e-01 1.210810265534840446e-01
3.250000000000000000e+02 5.176337732238120992e-01 1.845734169673916014e-01 1.000000000000000000e+00 0.000000000000000000e+00 1.581505684130165290e-01 1.526480430828416612e-01
3.300000000000000000e+02 4.093055578358789082e-01 1.293080684278059000e-01 1.000000000000000000e+00 0.000000000000000000e+00 1.385894328842010303e-01 8.996251029925961262e-02
3.350000000000000000e+02 4.738306423468065520e-01 2.583860422169111937e-01 0.000000000000000000e+00 0.000000000000000000e+00 2.286743637999427980e-01 1.251577889555278988e-01
3.400000000000000000e+02 6.063121468711294426e-01 1.644762454872039648e-01 1.000000000000000000e+00 0.000000000000000000e+00 1.703151018529782124e-01 1.729123505460185284e-01
3.450000000000000000e+02 3.213566774990017083e-01 7.375436911873890777e-02 0.000000000000000000e+00 0.000000000000000000e+00 1.926737830553702513e-01 5.255441592480131902e-02
3.500000000000000000e+02 3.906795629898014433e-01 0.000000000000000000e+00 0.000000000000000000e+00 0.000000000000000000e+00 1.413457516968850414e-01 0.000000000000000000e+00
3.550000000000000000e+02 3.670714783172533413e-01 2.322358390978306597e-01 0.000000000000000000e+00 0.000000000000000000e+00 2.344316437211103887e-01 9.505192177316103275e-02
3.600000000000000000e+02 4.511943031556658323e-01 4.336485019125234375e-02 1.000000000000000000e+00 0.000000000000000000e+00 1.550510207593381873e-01 2.777789131618933413e-02
3.650000000000000000e+02 3.549804845566696399e-01 1.363635957789692543e-01 0.000000000000000000e+00 0.000000000000000000e+00 1.260932382811274233e-01 1.412548475650362012e-01
3.700000000000000000e+02 3.838274551915358268e-01 4.661244078570903298e-04 0.000000000000000000e+00 0.000000000000000000e+00 1.881671017626070364e-01 1.168240982464989128e-02
3.750000000000000000e+02 3.376896158522468272e-01 2.128735030134734085e-01 0.000000000000000000e+00 0.000000000000000000e+00 1.655865415506866389e-01 8.335242829326397485e-02
3.800000000000000000e+02 4.082544144481755066e-01 1.209236483283163410e-01 0.000000000000000000e+00 0.000000000000000000e+00 1.702630741517264512e-01 1.178704046808812106e-01
3.850000000000000000e+02 4.181362497259176747e-01 3.174368911995754106e-01 1.000000000000000000e+00 1.000000000000000000e+00 9.659626579538450886e-02 1.041491022671748173e-01
3.900000000000000000e+02 3.240049194083871598e-01 2.862475083237424611e-01 0.000000000000000000e+00 0.000000000000000000e+00 1.207374965954846058e-01 1.868161316715341858e-01
3.950000000000000000e+02 5.800730519415375763e-01 3.683430784754943010e-01 1.000000000000000000e+00 0.000000000000000000e+00 1.860909829057361409e-01 1.458263355365471414e-01
4.000000000000000000e+02 3.429943359874364495e-01 1.592632026510020296e-02 1.000000000000000000e+00 0.000000000000000000e+00 1.097734955035590404e-01 1.412386591780527001e-01
4.050000000000000000e+02 4.742069884050882922e-01 2.110864067348974804e-01 1.000000000000000000e+00 0.000000000000000000e+00 1.080024167142509400e-01 1.912586259077669049e-01
4.100000000000000000e+02 4.348406556429832426e-01 3.772597485253337823e-01 1.000000000000000000e+00 1.000000000000000000e+00 8.982478215830233537e-02 1.025470965790760275e-01
4.150000000000000000e+02 3.101016679518043828e-01 2.047710045116152566e-01 0.000000000000000000e+00 0.000000000000000000e+00 1.304555820830606838e-01 1.442536510645225922e-01
4.200000000000000000e+02 4.093829715810384795e-01 3.884267114909664090e-03 0.000000000000000000e+00 0.000000000000000000e+00 1.765890776459596301e-01 1.224479508390981936e-02
4.250000000000000000e+02 2.964425840869096551e-01 1.134139322390230048e-01 1.000000000000000000e+00 0.000000000000000000e+00 7.804855316517192443e-02 8.137290444791070443e-02
4.300000000000000000e+02 4.032945056710682818e-01 2.301563317409154874e-01 1.000000000000000000e+00 0.000000000000000000e+00 1.274235235389682419e-01 1.475217381918094428e-01
4.350000000000000000e+02 5.282157160042537658e-01 8.350121711697272575e-02 1.000000000000000000e+00 0.000000000000000000e+00 1.446472231176628154e-01 8.772440308671522469e-02
4.400000000000000000e+02 3.246112548586138069e-01 2.055520332903436886e-01 0.000000000000000000e+00 0.000000000000000000e+00 1.310733919216796606e-01 1.265242057020706523e-01
4.450000000000000000e+02 4.469827351047498398e-01 2.014331857212630639e-01 1.000000000000000000e+00 0.000000000000000000e+00 9.495265685038968562e-02 1.255175512586824693e-01
4.500000000000000000e+02 2.910785585021830602e-01 1.747598338688263753e-01 0.000000000000000000e+00 0.000000000000000000e+00 1.299661690093621702e-01 1.159234903667649141e-01
4.550000000000000000e+02 3.261684841585684724e-01 1.436513046946962802e-01 0.000000000000000000e+00 0.000000000000000000e+00 1.360847577589246737e-01 1.057856203732404771e-01
4.600000000000000000e+02 3.968727334855524091e-01 2.202776753191970638e-01 0.000000000000000000e+00 0.000000000000000000e+00 1.748036462168822969e-01 1.675039537005783286e-01
4.650000000000000000e+02 2.699677593051966751e-01 2.771216989594038616e-01 0.000000000000000000e+00 1.000000000000000000e+00 1.628326272413524456e-01 8.196395966572717073e-02
4.700000000000000000e+02 3.019223205689062217e-01 1.657177624603954347e-01 0.000000000000000000e+00 0.000000000000000000e+00 1.555731899342787383e-01 6.770000845277433787e-02
4.750000000000000000e+02 2.708688855958215624e-01 1.768163090512492597e-01 0.000000000000000000e+00 0.000000000000000000e+00 1.587959632784572139e-01 1.308589722737864280e-01
4.800000000000000000e+02 4.011750597291438569e-01 2.458138878636567382e-01 0.000000000000000000e+00 0.000000000000000000e+00 1.633532838824919009e-01 1.568588329428476646e-01
4.850000000000000000e+02 3.414908595230419230e-01 1.371138639223506428e-01 1.000000000000000000e+00 0.000000000000000000e+00 1.161391849906209806e-01 1.494610138164164659e-01
4.900000000000000000e+02 2.925958945862836003e-01 4.414135228671856211e-03 0.000000000000000000e+00 0.000000000000000000e+00 1.813027675553833817e-01 4.132673510489450960e-03
4.950000000000000000e+02 4.124798375853154786e-01 4.421168427065781392e-01 0.000000000000000000e+00 1.000000000000000000e+00 1.615390158301616697e-01 1.264713904955890866e-01
5.000000000000000000e+02 3.469124185749287159e-01 5.912283190000681976e-02 1.000000000000000000e+00 0.000000000000000000e+00 9.419465041645518066e-02 1.959555724651783903e-01
5.050000000000000000e+02 3.387372941783468039e-01 3.200101567997826191e-01 0.000000000000000000e+00 0.000000000000000000e+00 1.219573482188052033e-01 1.192584624866822596e-01
5.100000000000000000e+02 2.456113911577662012e-01 3.666784387606050188e-01 0.000000000000000000e+00 1.000000000000000000e+00 1.019054087956635102e-01 1.271797761188322717e-01
5.150000000000000000e+02 2.802977982767426712e-01 1.950502797094515461e-01 0.000000000000000000e+00 0.000000000000000000e+00 1.024848799949924089e-01 1.213864937918237435e-01
5.200000000000000000e+02 2.251039219621427667e-01 2.255737371975567451e-01 0.000000000000000000e+00 0.000000000000000000e+00 1.630216825745393339e-01 1.094610733086550242e-01
5.250000000000000000e+02 1.354192489341393968e-01 1.868551415989618270e-01 0.000000000000000000e+00 0.000000000000000000e+00 8.750914592863290320e-02 9.951041352723452582e-02
5.300000000000000000e+02 1.680981540709624578e-01 1.538705726835785381e-01 0.000000000000000000e+00 0.000000000000000000e+00 9.936363091080251120e-02 1.120657030939805204e-01
5.350000000000000000e+02 2.675978750747911583e-01 1.551839110360590246e-01 0.000000000000000000e+00 0.000000000000000000e+00 1.525913890164505571e-01 1.396131494680104557e-01
5.400000000000000000e+02 1.358072558691840181e-01 1.371251899901649585e-01 0.000000000000000000e+00 0.000000000000000000e+00 1.405914347583431812e-01 1.349560602249050001e-01
5.450000000000000000e+02 2.328193695780726435e-01 2.761885562226307905e-02 0.000000000000000000e+00 0.000000000000000000e+00 1.020905753410845801e-01 2.636795635937311255e-02
5.500000000000000000e+02 1.430462624406962091e-01 1.301816272854654788e-01 0.000000000000000000e+00 0.000000000000000000e+00 9.937163388514061446e-02 1.701875109968385424e-01
5.550000000000000000e+02 1.622961035812021113e-01 1.189145449327992238e-01 0.000000000000000000e+00 0.000000000000000000e+00 1.102332119675489830e-01 1.115956535051941534e-01
5.600000000000000000e+02 2.069048824569604261e-01 1.929271401048771040e-01 0.000000000000000000e+00 0.000000000000000000e+00 1.318593134634056530e-01 1.290113902438728699e-01
5.650000000000000000e+02 2.254808543068367310e-01 2.436183864147012934e-01 1.000000000000000000e+00 0.000000000000000000e+00 7.686843994951694792e-02 1.461128940994600445e-01
5.700000000000000000e+02 1.434114673714837473e-01 2.014949930073151041e-01 0.000000000000000000e+00 0.000000000000000000e+00 1.106006300697409822e-01 1.105074886961976421e-01
5.750000000000000000e+02 2.101714531394439922e-01 7.920214606823991477e-02 0.000000000000000000e+00 0.000000000000000000e+00 9.952452435553967025e-02 1.179159427057253351e-01
5.800000000000000000e+02 1.507900632536391394e-01 9.147959363549272582e-02 0.000000000000000000e+00 0.000000000000000000e+00 1.447119696829963498e-01 5.026405441442917399e-02
5.850000000000000000e+02 2.077497479698071636e-01 8.637309694412865016e-03 0.000000000000000000e+00 0.000000000000000000e+00 1.096120526261061129e-01 1.208950152735626254e-01
5.900000000000000000e+02 2.166849607515945186e-01 2.733867821239343021e-01 0.000000000000000000e+00 0.000000000000000000e+00 1.225632008216308022e-01 1.672243339622235814e-01
5.950000000000000000e+02 2.055047659373187285e-01 1.562667376094951377e-01 0.000000000000000000e+00 0.000000000000000000e+00 1.645894037777732299e-01 1.607494892898657657e-01
6.000000000000000000e+02 3.810283065059257013e-02 1.259224235192543950e-01 0.000000000000000000e+00 0.000000000000000000e+00 6.456324849019290379e-02 1.542044202859962632e-01
6.050000000000000000e+02 2.199262734958865040e-01 1.736662502716615486e-01 0.000000000000000000e+00 1.000000000000000000e+00 7.840799054985660155e-02 5.811101870446363366e-02
6.100000000000000000e+02 1.596965375892678007e-01 1.483305175227711027e-02 0.000000000000000000e+00 0.000000000000000000e+00 1.160923605988932600e-01 1.215397647163507233e-01
6.150000000000000000e+02 2.418608329552013048e-01 3.485666818955691082e-01 1.000000000000000000e+00 0.000000000000000000e+00 8.426321263632356728e-02 1.548698053482434611e-01
6.200000000000000000e+02 2.701892699244229368e-01 5.181978921206921440e-02 0.000000000000000000e+00 0.000000000000000000e+00 1.748636759335106539e-01 1.668944984731025871e-01
6.250000000000000000e+02 3.061421446348507880e-01 2.924323945032009653e-01 0.000000000000000000e+00 0.000000000000000000e+00 1.267378608286739150e-01 1.072991454196631222e-01
6.300000000000000000e+02 2.271277783701701192e-01 9.363471854365809643e-02 0.000000000000000000e+00 0.000000000000000000e+00 1.037964004893083686e-01 1.306843704100251191e-01
6.350000000000000000e+02 1.793217459737842245e-01 1.474464358741649217e-01 0.000000000000000000e+00 0.000000000000000000e+00 1.253983735179825254e-01 1.275344531900816925e-01
6.400000000000000000e+02 1.127488973542138256e-01 6.023255213882009601e-02 0.000000000000000000e+00 0.000000000000000000e+00 8.367478044100801204e-02 1.517330362987366621e-01
6.450000000000000000e+02 1.083891527498306306e-01 2.787093995934446511e-01 0.000000000000000000e+00 1.000000000000000000e+00 8.095411035877564387e-02 8.778248270853462876e-02
6.500000000000000000e+02 2.284431650260599356e-01 3.955273970141235523e-02 0.000000000000000000e+00 0.000000000000000000e+00 1.108805889927011873e-01 1.011851038868116781e-01
6.550000000000000000e+02 1.818072586308077665e-01 1.497758156857841860e-01 0.000000000000000000e+00 0.000000000000000000e+00 1.220598738088211482e-01 1.426622035257089638e-01
6.600000000000000000e+02 2.377845355657695059e-01 0.000000000000000000e+00 0.000000000000000000e+00 0.000000000000000000e+00 1.249207188666490026e-01 0.000000000000000000e+00
6.650000000000000000e+02 2.078385262507372599e-01 1.551826049952606812e-01 0.000000000000000000e+00 0.000000000000000000e+00 1.543463026665057025e-01 8.431454791684106498e-02
6.700000000000000000e+02 3.221106329729990780e-01 5.386513085443389581e-02 0.000000000000000000e+00 0.000000000000000000e+00 1.394518106487098452e-01 7.898305630062762983e-02
6.750000000000000000e+02 2.581974649758614349e-01 1.537455034755181305e-01 1.000000000000000000e+00 0.000000000000000000e+00 6.691805108426313042e-02 1.472227351636608839e-01
6.800000000000000000e+02 1.518219756881483140e-01 2.062293288739102393e-01 0.000000000000000000e+00 0.000000000000000000e+00 1.545424478837646998e-01 1.349089916454287441e-01
6.850000000000000000e+02 1.281398379275006660e-01 3.212121111140063823e-01 0.000000000000000000e+00 1.000000000000000000e+00 5.431185468044122389e-02 7.721658581331258819e-02
6.900000000000000000e+02 8.346244540262283407e-02 0.000000000000000000e+00 0.000000000000000000e+00 0.000000000000000000e+00 9.909110468849671727e-02 0.000000000000000000e+00
6.950000000000000000e+02 8.347344098874084906e-02 1.206434329588000967e-02 0.000000000000000000e+00 0.000000000000000000e+00 1.045435892667213040e-01 2.146190162758464803e-01
7.000000000000000000e+02 2.881769143736350736e-01 0.000000000000000000e+00 0.000000000000000000e+00 0.000000000000000000e+00 1.212937445923123192e-01 0.000000000000000000e+00
7.050000000000000000e+02 7.641951180963947599e-02 5.115626028281407972e-02 0.000000000000000000e+00 0.000000000000000000e+00 6.042839421566355285e-02 1.264185635961240506e-01
7.100000000000000000e+02 1.164924785082688263e-01 1.358716393989609639e-01 0.000000000000000000e+00 0.000000000000000000e+00 6.746060799699434007e-02 1.228299822477489367e-01
7.150000000000000000e+02 2.542523542505362721e-01 2.056652192529357381e-01 0.000000000000000000e+00 0.000000000000000000e+00 1.545180703213314688e-01 1.691827478431880416e-01
7.200000000000000000e+02 1.633672644391230278e-01 1.676586375151570552e-01 0.000000000000000000e+00 0.000000000000000000e+00 1.162525084280820881e-01 1.499433955335415514e-01
7.250000000000000000e+02 1.990836383448783553e-01 1.299850127619129637e-02 0.000000000000000000e+00 0.000000000000000000e+00 9.759015223192735178e-02 9.386147599254639207e-02
7.300000000000000000e+02 4.558551109567162557e-02 1.639894638791742632e-01 0.000000000000000000e+00 0.000000000000000000e+00 1.094253144446452886e-01 7.595494170675543000e-02
7.350000000000000000e+02 1.815519581534044136e-01 8.514777324870721753e-03 0.000000000000000000e+00 0.000000000000000000e+00 6.623018205570505024e-02 9.472930204593384834e-03
7.400000000000000000e+02 5.667261883836154090e-02 1.171848859629117390e-01 0.000000000000000000e+00 0.000000000000000000e+00 5.841408170214166390e-02 7.275383729488002493e-02
7.450000000000000000e+02 1.229943658976114379e-01 2.423579959316412430e-02 0.000000000000000000e+00 0.000000000000000000e+00 7.770248055173241408e-02 7.164269278164922539e-02
7.500000000000000000e+02 8.739533605836433128e-02 3.446380763901048944e-02 0.000000000000000000e+00 0.000000000000000000e+00 7.196999733911656205e-02 9.676621033485988121e-02
7.550000000000000000e+02 2.470664695049372972e-01 2.036128723695408704e-01 0.000000000000000000e+00 0.000000000000000000e+00 1.057131999211727014e-01 1.199849045185789748e-01
7.600000000000000000e+02 1.566294906523696961e-01 1.600957530734447298e-01 0.000000000000000000e+00 1.000000000000000000e+00 8.911779158665060485e-02 4.426865711991498364e-02
7.650000000000000000e+02 1.759468808005247575e-01 1.032551681380568980e-03 0.000000000000000000e+00 0.000000000000000000e+00 1.573795077021904465e-01 5.901032051517930178e-03
7.700000000000000000e+02 1.974729435078376449e-01 1.982160744291910637e-01 0.000000000000000000e+00 0.000000000000000000e+00 1.288436093296984608e-01 7.591593614589781103e-02
7.750000000000000000e+02 1.367121668466442785e-01 9.665229962523287643e-02 0.000000000000000000e+00 0.000000000000000000e+00 9.847246439966471365e-02 9.503852042600077765e-02
7.800000000000000000e+02 1.131417758638301879e-01 3.278417835028125116e-01 0.000000000000000000e+00 1.000000000000000000e+00 1.103313988488951597e-01 1.047820512537992743e-01
7.850000000000000000e+02 1.459209872356700410e-01 0.000000000000000000e+00 0.000000000000000000e+00 0.000000000000000000e+00 1.221428592153784715e-01 0.000000000000000000e+00
7.900000000000000000e+02 2.222286285009592022e-01 1.000632491289884241e-01 0.000000000000000000e+00 0.000000000000000000e+00 1.405784930339040451e-01 1.659750296205507181e-01
7.950000000000000000e+02 2.062004062829788098e-01 9.118539980234355302e-02 0.000000000000000000e+00 0.000000000000000000e+00 7.658746576762709424e-02 1.032537190729422849e-01
8.000000000000000000e+02 5.012483849024253202e-02 1.652920810312566990e-01 0.000000000000000000e+00 0.000000000000000000e+00 1.248630620675627301e-01 1.116020948953231340e-01
8.050000000000000000e+02 3.345748676369821872e-01 1.621237092341065722e-02 1.000000000000000000e+00 0.000000000000000000e+00 1.152111174471374538e-01 1.106113051003459746e-01
8.100000000000000000e+02 6.218018992888012242e-02 2.333957017627386610e-01 0.000000000000000000e+00 0.000000000000000000e+00 8.871729944478588814e-02 1.643757836262131067e-01
8.150000000000000000e+02 2.911583831498478214e-01 3.194541262618179334e-02 1.000000000000000000e+00 0.000000000000000000e+00 7.245725093707107434e-02 8.257187758354955776e-02
8.200000000000000000e+02 1.095199644220421487e-01 9.171287281327364371e-02 0.000000000000000000e+00 0.000000000000000000e+00 1.587863454794362916e-01 1.347515126752265591e-01
8.250000000000000000e+02 2.298894360711167262e-01 7.921691635189898051e-02 0.000000000000000000e+00 0.000000000000000000e+00 1.450290502741933274e-01 6.195912912862059502e-02
8.300000000000000000e+02 2.607419571210552456e-01 8.239244767636107192e-02 0.000000000000000000e+00 0.000000000000000000e+00 1.116849020998477993e-01 1.032981000143615713e-01
8.350000000000000000e+02 2.275303524120145249e-01 2.462117886063013295e-01 0.000000000000000000e+00 0.000000000000000000e+00 1.461320539120641304e-01 1.087343693561192565e-01
8.400000000000000000e+02 1.287190374208259658e-01 7.351779580727524355e-02 0.000000000000000000e+00 0.000000000000000000e+00 1.406094142768436750e-01 1.047852341476195881e-01
8.450000000000000000e+02 2.479095203907928369e-01 1.950462716971624877e-01 0.000000000000000000e+00 0.000000000000000000e+00 1.152571233063054978e-01 1.163185415615497487e-01
8.500000000000000000e+02 4.278014322512709022e-02 8.817240171714974331e-03 0.000000000000000000e+00 0.000000000000000000e+00 1.448834564882008902e-01 1.244523520612654359e-02
8.550000000000000000e+02 1.656901189365100613e-01 1.358937065364645980e-01 0.000000000000000000e+00 0.000000000000000000e+00 6.216008871863117069e-02 1.050714184257518502e-01
8.600000000000000000e+02 1.834877781412508624e-01 2.076385466232493759e-01 0.000000000000000000e+00 0.000000000000000000e+00 7.476200434537325079e-02 1.147291824272331923e-01
8.650000000000000000e+02 1.736521573682807129e-01 1.597223895202438126e-01 0.000000000000000000e+00 0.000000000000000000e+00 8.008010862337641700e-02 1.640257619401695455e-01
8.700000000000000000e+02 1.878427676865982998e-01 1.701148310881615833e-01 0.000000000000000000e+00 0.000000000000000000e+00 1.371211433292609527e-01 1.595543007863551577e-01
8.750000000000000000e+02 1.688678006612898824e-02 6.172660956226200257e-02 0.000000000000000000e+00 0.000000000000000000e+00 4.845512182927896871e-02 1.237917866872101508e-01
8.800000000000000000e+02 2.050706563927126302e-01 1.161600087677474961e-02 0.000000000000000000e+00 0.000000000000000000e+00 9.871506329174066507e-02 3.161048161505491255e-02
8.850000000000000000e+02 1.578660625855457522e-01 2.883517943005172168e-01 0.000000000000000000e+00 0.000000000000000000e+00 9.270972736801215419e-02 1.673429689237812823e-01
8.900000000000000000e+02 5.122630115112623145e-02 0.000000000000000000e+00 0.000000000000000000e+00 0.000000000000000000e+00 8.772899885001712861e-02 0.000000000000000000e+00
8.950000000000000000e+02 3.670594648707231622e-01 9.507295486690028885e-02 1.000000000000000000e+00 0.000000000000000000e+00 1.045052973751873088e-01 1.170510804362311086e-01
9.000000000000000000e+02 9.012265405466968193e-02 2.660663551148644045e-04 0.000000000000000000e+00 0.000000000000000000e+00 7.429375269582699781e-02 5.080077901097028274e-03
9.050000000000000000e+02 5.583569788657753719e-02 1.135485994777082619e-01 0.000000000000000000e+00 0.000000000000000000e+00 1.402262322238166103e-01 9.515193072970190569e-02
9.100000000000000000e+02 1.538837188364319819e-01 1.978206179867839365e-01 0.000000000000000000e+00 0.000000000000000000e+00 1.109137127894650882e-01 1.444696181848597605e-01
9.150000000000000000e+02 1.670692830696477449e-01 4.123466686716603831e-03 0.000000000000000000e+00 0.000000000000000000e+00 1.587023981676405904e-01 2.266065008180967802e-02
9.200000000000000000e+02 1.038767509486202972e-01 1.508897406553705300e-02 0.000000000000000000e+00 0.000000000000000000e+00 1.391171162807658124e-01 1.295932461789466861e-01
9.250000000000000000e+02 2.804084657174986742e-02 2.377764077118848032e-02 0.000000000000000000e+00 0.000000000000000000e+00 1.273855898659500552e-01 1.028731560288585201e-01
9.300000000000000000e+02 1.364058329571140038e-01 0.000000000000000000e+00 0.000000000000000000e+00 0.000000000000000000e+00 1.266425288704130792e-01 0.000000000000000000e+00
9.350000000000000000e+02 2.286088535831027058e-01 1.853844621484170840e-01 1.000000000000000000e+00 0.000000000000000000e+00 6.806647654146155690e-02 1.148603347782087419e-01
9.400000000000000000e+02 1.937783819891024427e-03 8.392789738775994698e-03 0.000000000000000000e+00 0.000000000000000000e+00 2.632362483438850220e-03 5.307004608201863587e-03
9.450000000000000000e+02 2.363966523050387569e-01 2.602440364200470091e-02 0.000000000000000000e+00 0.000000000000000000e+00 8.732207708897506138e-02 9.695762976085071927e-02
9.500000000000000000e+02 2.095745130200891426e-01 1.336151312802326685e-01 0.000000000000000000e+00 0.000000000000000000e+00 9.217777340872991554e-02 1.953207807107227301e-01
9.550000000000000000e+02 3.826769712435645343e-01 4.673522547018812284e-02 1.000000000000000000e+00 0.000000000000000000e+00 1.147247310276976601e-01 1.455613327866779605e-01
9.600000000000000000e+02 1.044346286787722206e-01 2.603165163186536568e-01 0.000000000000000000e+00 1.000000000000000000e+00 9.385074857427987138e-02 8.763771856228701196e-02
9.650000000000000000e+02 1.180787838612389340e-01 0.000000000000000000e+00 0.000000000000000000e+00 0.000000000000000000e+00 1.600329903089848238e-01 0.000000000000000000e+00
9.700000000000000000e+02 2.015381173969920531e-02 1.171572783930400624e-01 0.000000000000000000e+00 0.000000000000000000e+00 9.992325217137899840e-02 1.218882413783655139e-01
9.750000000000000000e+02 1.507186075432946637e-01 1.818980296026272148e-01 0.000000000000000000e+00 0.000000000000000000e+00 1.480023473895423491e-01 1.674619374104100444e-01
9.800000000000000000e+02 2.014641990714847730e-01 1.337746150660419631e-01 0.000000000000000000e+00 0.000000000000000000e+00 1.296698458095335293e-01 1.411292507813535768e-01
9.850000000000000000e+02 1.443648340765662785e-01 0.000000000000000000e+00 0.000000000000000000e+00 0.000000000000000000e+00 1.435789461079830243e-01 0.000000000000000000e+00
9.900000000000000000e+02 1.424802815849251225e-01 5.939925277961615076e-03 0.000000000000000000e+00 0.000000000000000000e+00 9.333928146235431766e-02 1.479268435753258726e-02
9.950000000000000000e+02 8.622339248459129357e-02 5.444701361589103505e-02 0.000000000000000000e+00 0.000000000000000000e+00 1.072546077491600414e-01 1.573176824316108169e-01
