0.000000000000000000e+00 0.000000000000000000e+00 0.000000000000000000e+00 0.000000000000000000e+00 0.000000000000000000e+00 0.000000000000000000e+00 0.000000000000000000e+00
5.000000000000000000e+00 1.205334257210302296e+00 4.157038890081009574e-01 1.000000000000000000e+00 0.000000000000000000e+00 2.321694790186643598e-01 1.598228883804521383e-01
1.000000000000000000e+01 1.097663295439501363e+00 2.901445188186159152e-01 1.000000000000000000e+00 1.000000000000000000e+00 2.433648483877028090e-01 1.001437200562620838e-01
1.500000000000000000e+01 8.444963052669413051e-01 3.979403637770725366e-01 1.000000000000000000e+00 0.000000000000000000e+00 2.430025917728973472e-01 2.012845195340843552e-01
2.000000000000000000e+01 7.964707073478236588e-01 3.720937346743655727e-01 1.000000000000000000e+00 0.000000000000000000e+00 2.093999917041456382e-01 1.608053028894862735e-01
2.500000000000000000e+01 1.021866898870779750e+00 3.843992746227951618e-01 1.000000000000000000e+00 0.000000000000000000e+00 2.648362698584359465e-01 1.611837311547543727e-01
3.000000000000000000e+01 1.071966013817379437e+00 3.145729194600538348e-01 1.000000000000000000e+00 1.000000000000000000e+00 2.502439706989611490e-01 1.112502946475543153e-01
3.500000000000000000e+01 9.821528400429129224e-01 3.436378019527205341e-01 1.000000000000000000e+00 0.000000000000000000e+00 1.922002439753552339e-01 1.430191397544909870e-01
4.000000000000000000e+01 8.667807449610840376e-01 3.047148741732805810e-01 0.000000000000000000e+00 0.000000000000000000e+00 3.345889144294831863e-01 1.819033179381253917e-01
4.500000000000000000e+01 1.014236666189543001e+00 1.905502526416613107e-01 1.000000000000000000e+00 0.000000000000000000e+00 2.421669282810111623e-01 1.093789407457779611e-01
5.000000000000000000e+01 9.096117421429805727e-01 2.400835758279928345e-01 1.000000000000000000e+00 0.000000000000000000e+00 2.247515321731593796e-01 1.384925963516785985e-01
5.500000000000000000e+01 6.017404847481232499e-01 1.326725422581107039e-01 0.000000000000000000e+00 0.000000000000000000e+00 2.626007415885019958e-01 1.245857192608460368e-01
6.000000000000000000e+01 7.635763922232573497e-01 1.631283519274254745e-01 1.000000000000000000e+00 0.000000000000000000e+00 2.147943325843542361e-01 9.130466214147253678e-02
6.500000000000000000e+01 9.889224734547831241e-01 2.716764717077336799e-01 1.000000000000000000e+00 0.000000000000000000e+00 2.602850300427038133e-01 1.233193064578110981e-01
7.000000000000000000e+01 9.868064617865771604e-01 3.291241164035614286e-01 1.000000000000000000e+00 1.000000000000000000e+00 1.886539098810730286e-01 1.062273706409802981e-01
7.500000000000000000e+01 7.115420336745288399e-01 3.652028545251734259e-01 0.000000000000000000e+00 0.000000000000000000e+00 2.819966781548697843e-01 1.347862098280602772e-01
8.000000000000000000e+01 8.278856960204954429e-01 6.605036843227977961e-02 0.000000000000000000e+00 0.000000000000000000e+00 3.049267800518029592e-01 1.362706405132461940e-01
8.500000000000000000e+01 8.854650662985621423e-01 4.682675409655896459e-01 1.000000000000000000e+00 1.000000000000000000e+00 1.959967770667817299e-01 1.307320364856191519e-01
9.000000000000000000e+01 6.418926065442982498e-01 1.170531869434049133e-01 1.000000000000000000e+00 0.000000000000000000e+00 1.905405401222945438e-01 8.947200049929843191e-02
9.500000000000000000e+01 7.107405492822672644e-01 2.070738492070955117e-01 1.000000000000000000e+00 0.000000000000000000e+00 1.692185019832179171e-01 1.065341255445271529e-01
1.000000000000000000e+02 7.290296586502467147e-01 1.904440212916180264e-01 1.000000000000000000e+00 0.000000000000000000e+00 2.222105350001601365e-01 1.164654719466925586e-01
1.050000000000000000e+02 1.025758051031777196e+00 3.319399909854620079e-01 1.000000000000000000e+00 0.000000000000000000e+00 2.057537055727363950e-01 1.540321491458980507e-01
1.100000000000000000e+02 6.195461568140477882e-01 3.530072699514785195e-01 1.000000000000000000e+00 0.000000000000000000e+00 1.816715971827237708e-01 1.474530682569573925e-01
1.150000000000000000e+02 6.530459623783917422e-01 1.626551464575937411e-01 1.000000000000000000e+00 0.000000000000000000e+00 2.090759565854240221e-01 1.512144984639526013e-01
1.200000000000000000e+02 5.757653456287263882e-01 2.310852336227058323e-01 0.000000000000000000e+00 0.000000000000000000e+00 2.176884940412354419e-01 8.436638340027866056e-02
1.250000000000000000e+02 6.783960297744195955e-01 1.210950315627102175e-01 0.000000000000000000e+00 0.000000000000000000e+00 2.541565789346746373e-01 7.677759645657011855e-02
1.300000000000000000e+02 6.436120648794488863e-01 2.083779924664404537e-01 1.000000000000000000e+00 0.000000000000000000e+00 1.688949874969790099e-01 1.214344121147948041e-01
1.350000000000000000e+02 6.999973761108397863e-01 1.817071695922762575e-01 1.000000000000000000e+00 0.000000000000000000e+00 2.280604855908617834e-01 1.138490756001275944e-01
1.400000000000000000e+02 6.798996690060656878e-01 8.495065437591362012e-02 0.000000000000000000e+00 0.000000000000000000e+00 2.461222842871421956e-01 1.023913531354269657e-01
1.450000000000000000e+02 7.922222721481428920e-01 3.219189713446241052e-01 1.000000000000000000e+00 1.000000000000000000e+00 2.631956674911165583e-01 9.142813902946576865e-02
1.500000000000000000e+02 7.914528840819171629e-01 1.924720558995871578e-01 1.000000000000000000e+00 0.000000000000000000e+00 2.137226547577149027e-01 1.105452288824922136e-01
1.550000000000000000e+02 5.672323331667487034e-01 2.240548132686458749e-01 1.000000000000000000e+00 0.000000000000000000e+00 1.889967577916870090e-01 1.168029463237134358e-01
1.600000000000000000e+02 6.426522721993374043e-01 1.890540561841977940e-01 1.000000000000000000e+00 0.000000000000000000e+00 1.901200262412024444e-01 9.658776203770248758e-02
1.650000000000000000e+02 7.420372381345967661e-01 1.667357945289368870e-01 1.000000000000000000e+00 0.000000000000000000e+00 2.072160070940137766e-01 1.269997114242286673e-01
1.700000000000000000e+02 5.005546817314592278e-01 3.227826929488090135e-01 0.000000000000000000e+00 1.000000000000000000e+00 2.305845435854579628e-01 9.229113333073023229e-02
1.750000000000000000e+02 7.456388459650726830e-01 4.188154262257924865e-01 1.000000000000000000e+00 1.000000000000000000e+00 2.252736705812565243e-01 1.212444380942439837e-01
1.800000000000000000e+02 6.670915528012251183e-01 2.587869688641855626e-01 1.000000000000000000e+00 0.000000000000000000e+00 2.290126697289489310e-01 1.669210334535610463e-01
1.850000000000000000e+02 8.147884727640191116e-01 2.526270837894337151e-01 1.000000000000000000e+00 0.000000000000000000e+00 2.377739214546163438e-01 1.645334752672215628e-01
1.900000000000000000e+02 6.332623821837055633e-01 2.094592710034987315e-01 1.000000000000000000e+00 0.000000000000000000e+00 2.160731264425263254e-01 1.471620162186570713e-01
1.950000000000000000e+02 8.296454190129589623e-01 1.151959202843602925e-01 1.000000000000000000e+00 0.000000000000000000e+00 1.943345758123042055e-01 1.599533508320778452e-01
2.000000000000000000e+02 7.213822713380650953e-01 1.097484020337539945e-01 1.000000000000000000e+00 0.000000000000000000e+00 2.503761974240744648e-01 6.281720193840027722e-02
2.050000000000000000e+02 6.822286231644538734e-01 1.928255635122741174e-01 1.000000000000000000e+00 0.000000000000000000e+00 2.334145285824966720e-01 1.609335194473544284e-01
2.100000000000000000e+02 5.234569945626539322e-01 2.487902404787750155e-01 0.000000000000000000e+00 0.000000000000000000e+00 2.334932852037634732e-01 1.462699119048128105e-01
2.150000000000000000e+02 4.796223484975085105e-01 8.209347272975235643e-02 0.000000000000000000e+00 0.000000000000000000e+00 2.152624223024374450e-01 1.051274346655755032e-01
2.200000000000000000e+02 8.269570355864193090e-01 3.082311599499161781e-01 1.000000000000000000e+00 0.000000000000000000e+00 2.511739798735242446e-01 1.205477082253265247e-01
2.250000000000000000e+02 6.493635458848867614e-01 1.027095588731624376e-01 1.000000000000000000e+00 0.000000000000000000e+00 1.648544154661835404e-01 1.140156437277167478e-01
2.300000000000000000e+02 5.283382776286943416e-01 2.868468426119906711e-01 1.000000000000000000e+00 1.000000000000000000e+00 1.610734174205292191e-01 9.617931494623634114e-02
2.350000000000000000e+02 5.594198994914519885e-01 2.094286194766516174e-01 1.000000000000000000e+00 1.000000000000000000e+00 1.294410145641453624e-01 6.815101701491715902e-02
2.400000000000000000e+02 6.083972596108566666e-01 2.535541386963756638e-01 0.000000000000000000e+00 1.000000000000000000e+00 2.367654421739600057e-01 7.988817269161849199e-02
2.450000000000000000e+02 4.744303191089332405e-01 1.825690962927466743e-01 0.000000000000000000e+00 0.000000000000000000e+00 1.867736591127484025e-01 1.067910817655369354e-01
2.500000000000000000e+02 5.424505000157279211e-01 3.476914484779908276e-01 0.000000000000000000e+00 0.000000000000000000e+00 1.927379287653614992e-01 1.306437058176902477e-01
2.550000000000000000e+02 3.552351618348784656e-01 8.118356665069029199e-02 0.000000000000000000e+00 0.000000000000000000e+00 1.813388659104613609e-01 6.154372094889975359e-02
2.600000000000000000e+02 6.557028550933103883e-01 4.879071444703121652e-02 1.000000000000000000e+00 0.000000000000000000e+00 2.322333063830404609e-01 7.237894279932920172e-02
2.650000000000000000e+02 7.513549684135327755e-01 2.436101854550952461e-01 1.000000000000000000e+00 0.000000000000000000e+00 1.985395423953660587e-01 1.624915495571244428e-01
2.700000000000000000e+02 5.226193516085706481e-01 1.629150349319683638e-04 0.000000000000000000e+00 0.000000000000000000e+00 1.976600730241020454e-01 7.577521774301551952e-03
2.750000000000000000e+02 4.596073863779960855e-01 2.332787954653163798e-01 0.000000000000000000e+00 0.000000000000000000e+00 1.935515196910002622e-01 9.370740807767986846e-02
2.800000000000000000e+02 5.924487894059208282e-01 3.767286501924824171e-01 0.000000000000000000e+00 1.000000000000000000e+00 2.198244474949529181e-01 6.814546410771678275e-02
2.850000000000000000e+02 5.864101933433716329e-01 1.327560135678416964e-01 0.000000000000000000e+00 0.000000000000000000e+00 2.760559962053206751e-01 1.722999142629275948e-01
2.900000000000000000e+02 4.757024257721982896e-01 4.250821308755828865e-01 0.000000000000000000e+00 1.000000000000000000e+00 1.817238217286358815e-01 1.134307750767330342e-01
2.950000000000000000e+02 6.317545106026789536e-01 1.704118150131689047e-01 1.000000000000000000e+00 0.000000000000000000e+00 1.971379541165729776e-01 1.043763635903635356e-01
3.000000000000000000e+02 3.622566550633991023e-01 1.249290261393199569e-01 0.000000000000000000e+00 0.000000000000000000e+00 2.181783854184750071e-01 9.227943228153968891e-02
3.050000000000000000e+02 7.566593791929931978e-01 2.303151948191572429e-01 1.000000000000000000e+00 0.000000000000000000e+00 1.484738357537932762e-01 1.620656070815751637e-01
3.100000000000000000e+02 6.848731210216477683e-01 1.096247471789608963e-01 1.000000000000000000e+00 0.000000000000000000e+00 1.977342506564872260e-01 1.374491664789774248e-01
3.150000000000000000e+02 6.228419244478332617e-01 3.327299835778920190e-01 1.000000000000000000e+00 0.000000000000000000e+00 1.709958638203006864e-01 1.452155103913149170e-01
3.200000000000000000e+02 4.240831145440447369e-01 1.775066670127538604e-01 0.000000000000000000e+00 0.000000000000000000e+00 2.397771952534788753e-01 1.014261973723532689e-01
3.250000000000000000e+02 4.736081158107111055e-01 1.181245603679164924e-01 0.000000000000000000e+00 0.000000000000000000e+00 2.444488358673526651e-01 1.255156695432941838e-01
3.300000000000000000e+02 4.567320515373634038e-01 2.251197288535818353e-01 0.000000000000000000e+00 0.000000000000000000e+00 2.192264010775097915e-01 1.143662695471054785e-01
3.350000000000000000e+02 4.559597445002287475e-01 3.316326452518819079e-01 0.000000000000000000e+00 1.000000000000000000e+00 2.161760942906555127e-01 1.132888122806889886e-01
3.400000000000000000e+02 3.946144309632040326e-01 2.638460188757196789e-01 0.000000000000000000e+00 0.000000000000000000e+00 2.059575150196717441e-01 1.398402254352655028e-01
3.450000000000000000e+02 6.397709253816996622e-01 2.134866056960941505e-01 1.000000000000000000e+00 0.000000000000000000e+00 1.948450569389043319e-01 1.934850672476425004e-01
3.500000000000000000e+02 5.503831711408248006e-01 1.462156407072381370e-01 0.000000000000000000e+00 0.000000000000000000e+00 2.042647433261209344e-01 9.574336366227899353e-02
3.550000000000000000e+02 2.612829250138118398e-01 2.096196328959893940e-01 0.000000000000000000e+00 0.000000000000000000e+00 1.751944014129450389e-01 1.294667820463683283e-01
3.600000000000000000e+02 6.331361997820786902e-01 9.509294301760559676e-02 1.000000000000000000e+00 0.000000000000000000e+00 1.756475992318362600e-01 9.734603243252160087e-02
3.650000000000000000e+02 4.889524352893038217e-01 5.914678510321802474e-02 1.000000000000000000e+00 0.000000000000000000e+00 1.553450520061583628e-01 1.330807368076324382e-01
3.700000000000000000e+02 3.847724500358159494e-01 8.277817953251861982e-02 0.000000000000000000e+00 0.000000000000000000e+00 1.961370529956978359e-01 1.355371115651573255e-01
3.750000000000000000e+02 2.450590631748206794e-01 1.801580182369793282e-01 0.000000000000000000e+00 0.000000000000000000e+00 1.269066080299184329e-01 1.435119813797479105e-01
3.800000000000000000e+02 4.784880457327672643e-01 2.818147942757000535e-01 0.000000000000000000e+00 0.000000000000000000e+00 1.822701251060971361e-01 1.441397676318963150e-01
3.850000000000000000e+02 4.813215225713270984e-01 3.332881224967046974e-01 1.000000000000000000e+00 1.000000000000000000e+00 1.331635802406710978e-01 1.102927858577569670e-01
3.900000000000000000e+02 3.756062472588919676e-01 2.650529807997611398e-01 0.000000000000000000e+00 0.000000000000000000e+00 2.101190907703248401e-01 1.729994005533266044e-01
3.950000000000000000e+02 2.457837845338879945e-01 3.580735503923324070e-01 0.000000000000000000e+00 0.000000000000000000e+00 1.500185420941586301e-01 1.363299213095506002e-01
4.000000000000000000e+02 2.992675789268596231e-01 1.074097344327757352e-02 0.000000000000000000e+00 0.000000000000000000e+00 1.551085340630860843e-01 5.528538713622552225e-02
4.050000000000000000e+02 4.833566245200655587e-01 3.081575893063946414e-01 1.000000000000000000e+00 0.000000000000000000e+00 1.698470629815879707e-01 1.791588390182433932e-01
4.100000000000000000e+02 3.889688956759818073e-01 3.894860337639640679e-01 0.000000000000000000e+00 0.000000000000000000e+00 1.430672798158828807e-01 1.962467612006288664e-01
4.150000000000000000e+02 3.413761554617907312e-01 8.798213252092046410e-02 1.000000000000000000e+00 0.000000000000000000e+00 1.163120613772349737e-01 1.266141809724669887e-01
4.200000000000000000e+02 4.827131652489830560e-01 6.110971262597254816e-02 0.000000000000000000e+00 0.000000000000000000e+00 1.910116425078347002e-01 1.668524510023233487e-01
4.250000000000000000e+02 6.470250673474450265e-01 2.204840129119681191e-01 1.000000000000000000e+00 0.000000000000000000e+00 1.026628586903861745e-01 8.349514948281783200e-02
4.300000000000000000e+02 4.605523001445279152e-01 2.635627664373129120e-01 0.000000000000000000e+00 0.000000000000000000e+00 1.636413979615842229e-01 1.632013869313483079e-01
4.350000000000000000e+02 2.749899952530870384e-01 2.319544905922286682e-01 0.000000000000000000e+00 0.000000000000000000e+00 1.684281013758736067e-01 8.931040896644414084e-02
4.400000000000000000e+02 3.733667600041739032e-01 1.469208386314837522e-01 0.000000000000000000e+00 0.000000000000000000e+00 1.987503304399005910e-01 9.598332562659481204e-02
4.450000000000000000e+02 4.916602033906031233e-01 2.736112292211179131e-01 1.000000000000000000e+00 0.000000000000000000e+00 1.679399599568675849e-01 1.278352768758407865e-01
4.500000000000000000e+02 3.609134714982054626e-01 1.702870161098854473e-01 1.000000000000000000e+00 0.000000000000000000e+00 1.033771639515331797e-01 9.341256195394501138e-02
4.550000000000000000e+02 4.215206935279800504e-01 2.128438995997199434e-01 0.000000000000000000e+00 0.000000000000000000e+00 1.667977778447734538e-01 1.566372863321087716e-01
4.600000000000000000e+02 4.747440418185608912e-01 1.646352533626992964e-01 0.000000000000000000e+00 0.000000000000000000e+00 1.949327502972937054e-01 8.966506117835426615e-02
4.650000000000000000e+02 4.429249922048121846e-01 3.560195150687407994e-01 0.000000000000000000e+00 0.000000000000000000e+00 1.918340353813254295e-01 1.290120536705634535e-01
4.700000000000000000e+02 2.862801209465510310e-01 1.307484754521149040e-01 0.000000000000000000e+00 0.000000000000000000e+00 1.691129840359035519e-01 1.112443664499985635e-01
4.750000000000000000e+02 3.472757708902892704e-01 1.806185787337852011e-01 0.000000000000000000e+00 0.000000000000000000e+00 1.628868143232507226e-01 1.218295680971265005e-01
4.800000000000000000e+02 3.741539698159560001e-01 1.935900161010571663e-01 0.000000000000000000e+00 0.000000000000000000e+00 1.487082618401463219e-01 1.390001610997635695e-01
4.850000000000000000e+02 3.823773429584720329e-01 3.150511203229626744e-01 1.000000000000000000e+00 1.000000000000000000e+00 1.268472433586652348e-01 9.990135426126779683e-02
4.900000000000000000e+02 2.196669031487093471e-01 7.405278004613044529e-02 0.000000000000000000e+00 0.000000000000000000e+00 1.483526427730942066e-01 8.903069592610023120e-02
4.950000000000000000e+02 2.344806446071438233e-01 5.103803865178012655e-01 0.000000000000000000e+00 1.000000000000000000e+00 9.382280045844576533e-02 1.413442053213734007e-01
5.000000000000000000e+02 3.133212264979081674e-01 3.083602259940770862e-02 0.000000000000000000e+00 0.000000000000000000e+00 2.171423890938183610e-01 2.084413190809336347e-01
5.050000000000000000e+02 4.323592991841235245e-01 2.171646265111182306e-01 1.000000000000000000e+00 0.000000000000000000e+00 1.284589761451977452e-01 1.298316005844059873e-01
5.100000000000000000e+02 2.640171688774878289e-01 3.505087175973031210e-01 0.000000000000000000e+00 0.000000000000000000e+00 1.166795741285327065e-01 1.253857788352794322e-01
5.150000000000000000e+02 8.075706720720414455e-02 4.188815333148238063e-01 0.000000000000000000e+00 0.000000000000000000e+00 9.192696223211968554e-02 1.624535897476350466e-01
5.200000000000000000e+02 2.066683343714972310e-01 1.178584882828118685e-01 0.000000000000000000e+00 0.000000000000000000e+00 1.674176215262530298e-01 5.387574360285904418e-02
5.250000000000000000e+02 3.296454807871750936e-01 2.956534319935466004e-01 0.000000000000000000e+00 1.000000000000000000e+00 1.599473031359127939e-01 5.373765092439409391e-02
5.300000000000000000e+02 2.394413604808848517e-01 2.672800885197034737e-01 0.000000000000000000e+00 0.000000000000000000e+00 1.223419869876521543e-01 1.594522054519961485e-01
5.350000000000000000e+02 1.987698817850311328e-01 1.330061141029672545e-01 0.000000000000000000e+00 0.000000000000000000e+00 1.261633790698239721e-01 1.472051148973902435e-01
5.400000000000000000e+02 3.883585542528927848e-01 3.757198023534395470e-01 0.000000000000000000e+00 0.000000000000000000e+00 1.907885258378882454e-01 1.424651682744236258e-01
5.450000000000000000e+02 3.374772278632117706e-01 9.767009290204829719e-02 0.000000000000000000e+00 0.000000000000000000e+00 1.384684616092934917e-01 9.800796444284888553e-02
5.500000000000000000e+02 1.330254939449669049e-01 4.985689365122263073e-02 0.000000000000000000e+00 0.000000000000000000e+00 1.337935925569692375e-01 1.615539934999146721e-01
5.550000000000000000e+02 4.187228112983564787e-01 1.165323540286704596e-01 0.000000000000000000e+00 0.000000000000000000e+00 1.490966369549748261e-01 1.557314308655849688e-01
5.600000000000000000e+02 2.619428182449908826e-01 1.842268325304755872e-01 0.000000000000000000e+00 0.000000000000000000e+00 2.012827927751660306e-01 1.720402343523304012e-01
5.650000000000000000e+02 2.433898276658241211e-01 1.480131394096741160e-01 0.000000000000000000e+00 0.000000000000000000e+00 1.688477702926400592e-01 1.278479978643528026e-01
5.700000000000000000e+02 1.797586539809432060e-01 1.753121886275770536e-01 0.000000000000000000e+00 0.000000000000000000e+00 1.698020370654615696e-01 1.040952771520758380e-01
5.750000000000000000e+02 2.564901565149070306e-01 1.508783314689669253e-01 0.000000000000000000e+00 0.000000000000000000e+00 1.509094749874547170e-01 6.416897261691263676e-02
5.800000000000000000e+02 2.837123189607518858e-01 6.729119397832444838e-02 0.000000000000000000e+00 0.000000000000000000e+00 1.584473856963402871e-01 1.385224297410190542e-01
5.850000000000000000e+02 2.649364750497829601e-01 1.174219549174994742e-01 0.000000000000000000e+00 0.000000000000000000e+00 2.127108467424288774e-01 1.958919346554983676e-01
5.900000000000000000e+02 2.190074994021419530e-01 2.857496141567313908e-01 0.000000000000000000e+00 0.000000000000000000e+00 1.563517574855813330e-01 1.305680839929708459e-01
5.950000000000000000e+02 1.409145459127922606e-01 8.401492222105319541e-02 0.000000000000000000e+00 0.000000000000000000e+00 1.357657580873476433e-01 1.246264997690117449e-01
6.000000000000000000e+02 2.908025351172950912e-01 5.399253236045513382e-02 0.000000000000000000e+00 0.000000000000000000e+00 1.248352540547879308e-01 5.340624122853507294e-02
6.050000000000000000e+02 3.858412297749633790e-01 8.060384006562766601e-02 1.000000000000000000e+00 0.000000000000000000e+00 1.026771860115407997e-01 1.042754469654835758e-01
6.100000000000000000e+02 2.774585257045151243e-01 1.839904360110983933e-02 0.000000000000000000e+00 0.000000000000000000e+00 1.871031102928812639e-01 1.271880308991116537e-01
6.150000000000000000e+02 2.320812986652708021e-01 2.849641052962119114e-01 0.000000000000000000e+00 0.000000000000000000e+00 1.206396638481263134e-01 1.596864250289197762e-01
6.200000000000000000e+02 2.906505176712393390e-01 1.446941849637761734e-02 0.000000000000000000e+00 0.000000000000000000e+00 1.736710273213998845e-01 1.323657241640016080e-01
6.250000000000000000e+02 2.102743362707101826e-01 3.687960204497234828e-01 0.000000000000000000e+00 1.000000000000000000e+00 1.053808636895731815e-01 8.181190354393305664e-02
6.300000000000000000e+02 2.072649520148149294e-01 1.284061382022187170e-01 0.000000000000000000e+00 0.000000000000000000e+00 1.222617727737102117e-01 1.969166791971728170e-01
6.350000000000000000e+02 4.418154253252188357e-01 1.150742739018196792e-01 1.000000000000000000e+00 0.000000000000000000e+00 1.556081989852384773e-01 1.112767620480647618e-01
6.400000000000000000e+02 2.230313966170239248e-01 1.010469211846122262e-01 0.000000000000000000e+00 0.000000000000000000e+00 1.497586801755645125e-01 1.393792538314314045e-01
6.450000000000000000e+02 3.137828334092424010e-01 1.341441683779342475e-01 0.000000000000000000e+00 0.000000000000000000e+00 1.192416088915579375e-01 1.234277019490458982e-01
6.500000000000000000e+02 2.226741946859493448e-01 5.451083602439055209e-02 0.000000000000000000e+00 0.000000000000000000e+00 1.339255198633646504e-01 5.128878981689147937e-02
6.550000000000000000e+02 2.978261518497501426e-01 0.000000000000000000e+00 0.000000000000000000e+00 0.000000000000000000e+00 1.075870975111064554e-01 0.000000000000000000e+00
6.600000000000000000e+02 1.454085370720513692e-01 1.369947121862805962e-02 0.000000000000000000e+00 0.000000000000000000e+00 1.102571419279843867e-01 2.350835576522424322e-02
6.650000000000000000e+02 2.401955766870754183e-01 2.414127903773184980e-01 0.000000000000000000e+00 0.000000000000000000e+00 1.187893264730345705e-01 1.274549282367215819e-01
6.700000000000000000e+02 3.183625267817045135e-01 1.100085999811163812e-01 0.000000000000000000e+00 0.000000000000000000e+00 1.504714591002427049e-01 1.238549121687871207e-01
6.750000000000000000e+02 2.371061727106977823e-01 2.290079373208260202e-02 0.000000000000000000e+00 0.000000000000000000e+00 1.492946597461918268e-01 2.068209002381816985e-02
6.800000000000000000e+02 1.954221756324384940e-01 1.898825418919945496e-01 0.000000000000000000e+00 0.000000000000000000e+00 1.231902956341653782e-01 2.115202767550639351e-01
6.850000000000000000e+02 9.456608820511110125e-02 1.907346258897215652e-01 0.000000000000000000e+00 0.000000000000000000e+00 9.152250474725222296e-02 9.577369799955427754e-02
6.900000000000000000e+02 9.639639402412561453e-02 1.003695340942648562e-01 0.000000000000000000e+00 0.000000000000000000e+00 9.443219809797540054e-02 1.080548026447335913e-01
6.950000000000000000e+02 4.570941847670637742e-02 0.000000000000000000e+00 0.000000000000000000e+00 0.000000000000000000e+00 1.370818774634154358e-01 0.000000000000000000e+00
7.000000000000000000e+02 2.658929458764521248e-01 1.091220725527039179e-02 0.000000000000000000e+00 0.000000000000000000e+00 1.384868738430466983e-01 5.115334281808999774e-03
7.050000000000000000e+02 2.018547028024625933e-01 8.714967740392014217e-02 0.000000000000000000e+00 0.000000000000000000e+00 1.382195466992393040e-01 1.014363902402156126e-01
7.100000000000000000e+02 1.513731538567624213e-01 0.000000000000000000e+00 0.000000000000000000e+00 0.000000000000000000e+00 1.391344213972736665e-01 0.000000000000000000e+00
7.150000000000000000e+02 2.238870518578263413e-01 1.364933457743885414e-01 0.000000000000000000e+00 0.000000000000000000e+00 1.280329893839110555e-01 1.267280952222113177e-01
7.200000000000000000e+02 1.028240821711687014e-01 1.370404787591282258e-01 0.000000000000000000e+00 0.000000000000000000e+00 1.179876641959100719e-01 1.121340578541447919e-01
7.250000000000000000e+02 1.314841378091025081e-01 1.067826034518571249e-01 0.000000000000000000e+00 0.000000000000000000e+00 7.484240651280710255e-02 1.191216711968785258e-01
7.300000000000000000e+02 2.092010234852540729e-01 5.143044489601533709e-02 0.000000000000000000e+00 0.000000000000000000e+00 1.051974415472443636e-01 8.194645015196491689e-02
7.350000000000000000e+02 1.918078588730467438e-01 0.000000000000000000e+00 0.000000000000000000e+00 0.000000000000000000e+00 1.412152658234707425e-01 0.000000000000000000e+00
7.400000000000000000e+02 8.313678354688010252e-02 2.471043599230387036e-02 0.000000000000000000e+00 0.000000000000000000e+00 8.865593584078663991e-02 1.032031188651963138e-01
7.450000000000000000e+02 1.095202117014625054e-01 2.592921306458714076e-02 0.000000000000000000e+00 0.000000000000000000e+00 7.540630357688744845e-02 7.039435896602705411e-02
7.500000000000000000e+02 2.791032772705709930e-01 4.041151299820523041e-02 1.000000000000000000e+00 0.000000000000000000e+00 8.772839058761743025e-02 8.862343250784372739e-02
7.550000000000000000e+02 2.331101260548163745e-01 1.744303291961629698e-01 0.000000000000000000e+00 0.000000000000000000e+00 1.909521323277302562e-01 1.016870568461298308e-01
7.600000000000000000e+02 3.573440800314783283e-01 1.160254726293001581e-01 0.000000000000000000e+00 0.000000000000000000e+00 1.406241499565884789e-01 1.071792457790789604e-01
7.650000000000000000e+02 8.595751762743478186e-02 5.852868742767899229e-02 0.000000000000000000e+00 0.000000000000000000e+00 1.066440883521260069e-01 3.658789862161873629e-02
7.700000000000000000e+02 5.020896892662939093e-02 1.093971520063083264e-01 0.000000000000000000e+00 0.000000000000000000e+00 1.355771993812966703e-01 1.322401798866346956e-01
7.750000000000000000e+02 2.441035068920181794e-01 4.951792679814243092e-02 0.000000000000000000e+00 0.000000000000000000e+00 1.795238176873184544e-01 1.278094699402230749e-01
7.800000000000000000e+02 1.769958354517309207e-01 1.828941070991100537e-01 0.000000000000000000e+00 1.000000000000000000e+00 1.010957395520553914e-01 3.790862935814686557e-02
7.850000000000000000e+02 1.543425198812101995e-01 8.432066268698617389e-03 0.000000000000000000e+00 0.000000000000000000e+00 1.220610479808232757e-01 3.275221008652832999e-02
7.900000000000000000e+02 1.761673675782743642e-01 1.530144121303387839e-01 0.000000000000000000e+00 0.000000000000000000e+00 7.655994010455374754e-02 1.219831833469471744e-01
7.950000000000000000e+02 1.230319351901680569e-01 1.747774998736784935e-01 0.000000000000000000e+00 0.000000000000000000e+00 8.183989740247846201e-02 7.975650092887885678e-02
8.000000000000000000e+02 2.738922095347119390e-01 2.717097248762836981e-01 0.000000000000000000e+00 1.000000000000000000e+00 2.177191606992963935e-01 9.533058544200025131e-02
8.050000000000000000e+02 1.654060292143001987e-01 4.267176091873426530e-02 0.000000000000000000e+00 0.000000000000000000e+00 1.066626054458887779e-01 1.358850016803322958e-01
8.100000000000000000e+02 8.272468199845263437e-02 1.380512231608111429e-01 0.000000000000000000e+00 0.000000000000000000e+00 6.366087420300338418e-02 1.100940995613959722e-01
8.150000000000000000e+02 3.395353248673980140e-01 8.346604952049500870e-02 1.000000000000000000e+00 0.000000000000000000e+00 1.157148064709694751e-01 6.700943536316908422e-02
8.200000000000000000e+02 2.670199451811567926e-01 9.677362596044635640e-03 0.000000000000000000e+00 0.000000000000000000e+00 1.053351433253538333e-01 6.504757451507486854e-02
8.250000000000000000e+02 8.053191270461060314e-02 1.079120788390824648e-01 0.000000000000000000e+00 0.000000000000000000e+00 8.526848013258911396e-02 1.184609789928846996e-01
8.300000000000000000e+02 7.246468430968487640e-02 1.267422023618591798e-01 0.000000000000000000e+00 0.000000000000000000e+00 8.277109713730494700e-02 1.535161977514405696e-01
8.350000000000000000e+02 5.188468173014382234e-02 2.541438817328837141e-01 0.000000000000000000e+00 1.000000000000000000e+00 9.447734823368707235e-02 8.432888956495385169e-02
8.400000000000000000e+02 3.296995249622618473e-01 9.337076826084365899e-02 1.000000000000000000e+00 0.000000000000000000e+00 1.042774878297644814e-01 9.754960656888343740e-02
8.450000000000000000e+02 7.614241813237362932e-02 1.680836659509855058e-01 0.000000000000000000e+00 0.000000000000000000e+00 5.562981327905415496e-02 1.303830886737823991e-01
8.500000000000000000e+02 7.787764273177728847e-02 3.306185029276138831e-02 0.000000000000000000e+00 0.000000000000000000e+00 1.118896357858304574e-01 7.751149058372583389e-02
8.550000000000000000e+02 1.107498583658691055e-01 4.350563084409792003e-02 0.000000000000000000e+00 0.000000000000000000e+00 7.513456151513323023e-02 1.079389600736081894e-01
8.600000000000000000e+02 3.521051475605987413e-01 3.288668823656719087e-01 0.000000000000000000e+00 0.000000000000000000e+00 1.649383321351519660e-01 1.474659012093705035e-01
8.650000000000000000e+02 2.289561568584902729e-01 1.054584065144520827e-01 0.000000000000000000e+00 0.000000000000000000e+00 1.248071150791828787e-01 7.467877159903205109e-02
8.700000000000000000e+02 1.669098205177435568e-01 2.328178382133878621e-01 0.000000000000000000e+00 0.000000000000000000e+00 1.490198213789939163e-01 1.048320412483894348e-01
8.750000000000000000e+02 1.361897459721753412e-01 8.693665967074863665e-02 0.000000000000000000e+00 0.000000000000000000e+00 1.236273410866359918e-01 1.035201615892004517e-01
8.800000000000000000e+02 3.372007122103671817e-01 9.116321941865252604e-04 0.000000000000000000e+00 0.000000000000000000e+00 1.309798456471595873e-01 1.271362684125975917e-01
8.850000000000000000e+02 9.009691632296094876e-02 1.013383465815391321e-01 0.000000000000000000e+00 0.000000000000000000e+00 1.046082242327139589e-01 1.446488818345205429e-01
8.900000000000000000e+02 4.338463821818572264e-03 7.786335700548793759e-02 0.000000000000000000e+00 0.000000000000000000e+00 2.963859880480687603e-02 7.628754676750683361e-02
8.950000000000000000e+02 1.487407724641809093e-01 1.001455265859807070e-01 0.000000000000000000e+00 0.000000000000000000e+00 9.825161385611373699e-02 1.045858472658122706e-01
9.000000000000000000e+02 2.040439352950099150e-01 2.019882396918808339e-03 0.000000000000000000e+00 0.000000000000000000e+00 1.229229076318797964e-01 9.000046786268957322e-02
9.050000000000000000e+02 1.863335275685617243e-01 1.357344820554631237e-01 0.000000000000000000e+00 0.000000000000000000e+00 1.315197763499906525e-01 8.291432148683200443e-02
9.100000000000000000e+02 1.515373798242619363e-01 2.679438711326147526e-01 0.000000000000000000e+00 0.000000000000000000e+00 7.976086564502160581e-02 1.258931534375964112e-01
9.150000000000000000e+02 2.306164955775551473e-01 1.565625175430883087e-01 0.000000000000000000e+00 0.000000000000000000e+00 1.596478067443034554e-01 9.973106510770186894e-02
9.200000000000000000e+02 2.700515594860825597e-01 1.379238273106737078e-01 0.000000000000000000e+00 0.000000000000000000e+00 1.166328214072419600e-01 1.009696038947310026e-01
9.250000000000000000e+02 1.472465645230513487e-01 1.035896162184288816e-01 0.000000000000000000e+00 0.000000000000000000e+00 1.020048525756931806e-01 9.553342701145479954e-02
9.300000000000000000e+02 1.705593299926964068e-01 4.225087323121377164e-02 0.000000000000000000e+00 0.000000000000000000e+00 1.484551903317341826e-01 5.979922261832930352e-02
9.350000000000000000e+02 1.063729684386267582e-01 0.000000000000000000e+00 0.000000000000000000e+00 0.000000000000000000e+00 1.004421962806888169e-01 0.000000000000000000e+00
9.400000000000000000e+02 3.322011768174840118e-01 1.813316807771168937e-01 0.000000000000000000e+00 1.000000000000000000e+00 1.727942145524232476e-01 6.274978323074548170e-02
9.450000000000000000e+02 1.044882192394155362e-01 2.307651022630645074e-02 0.000000000000000000e+00 0.000000000000000000e+00 1.489922214217382634e-01 8.791691333985959811e-02
9.500000000000000000e+02 2.066807978826410985e-01 1.451897650264162565e-03 0.000000000000000000e+00 0.000000000000000000e+00 1.502037143970638144e-01 6.414283966373684857e-03
9.550000000000000000e+02 1.773706634504687574e-01 2.275380015682273438e-01 0.000000000000000000e+00 0.000000000000000000e+00 1.333404614573032998e-01 1.015018881000212952e-01
9.600000000000000000e+02 2.253622497133846991e-01 2.883483536129902713e-01 0.000000000000000000e+00 1.000000000000000000e+00 1.720987792268670324e-01 9.022103619460979107e-02
9.650000000000000000e+02 1.486527801922548631e-01 1.204547957159267935e-01 0.000000000000000000e+00 0.000000000000000000e+00 1.291320104280078429e-01 7.058139916562254645e-02
9.700000000000000000e+02 9.930630901579073910e-02 9.957863587863277632e-02 0.000000000000000000e+00 0.000000000000000000e+00 1.136835516155735581e-01 7.844411949156294972e-02
9.750000000000000000e+02 2.998491672182554413e-01 1.747363244397644733e-01 0.000000000000000000e+00 0.000000000000000000e+00 1.248438101514082604e-01 1.276564960753550637e-01
9.800000000000000000e+02 1.568372894360427761e-01 1.066920013427894720e-01 0.000000000000000000e+00 0.000000000000000000e+00 1.229348974275800976e-01 1.162386490533224570e-01
9.850000000000000000e+02 3.722739018982488268e-01 0.000000000000000000e+00 0.000000000000000000e+00 0.000000000000000000e+00 1.697346471191529815e-01 0.000000000000000000e+00
9.900000000000000000e+02 2.424182601385139468e-01 0.000000000000000000e+00 0.000000000000000000e+00 0.000000000000000000e+00 1.374919349933578505e-01 0.000000000000000000e+00
9.950000000000000000e+02 2.565081912264919467e-02 4.430717954217076870e-02 0.000000000000000000e+00 0.000000000000000000e+00 2.976141269590575414e-02 3.672442950310202125e-02
