0.000000000000000000e+00 0.000000000000000000e+00 0.000000000000000000e+00 0.000000000000000000e+00 0.000000000000000000e+00 0.000000000000000000e+00 0.000000000000000000e+00
5.000000000000000000e+00 1.497772609334452998e+00 2.672662371194361453e-01 1.000000000000000000e+00 0.000000000000000000e+00 2.941371311109490239e-01 1.224046550183413573e-01
1.000000000000000000e+01 1.057517509129249467e+00 4.025655185116584489e-01 1.000000000000000000e+00 1.000000000000000000e+00 3.244668375479320965e-01 1.315558550275996719e-01
1.500000000000000000e+01 1.109762630514466331e+00 3.589216993891069518e-01 1.000000000000000000e+00 0.000000000000000000e+00 1.781427207456483530e-01 1.826122329238052400e-01
2.000000000000000000e+01 1.009948435117252075e+00 3.505860970591648251e-01 1.000000000000000000e+00 0.000000000000000000e+00 2.798292357128812080e-01 1.315276305283559488e-01
2.500000000000000000e+01 1.149402700229145369e+00 3.244724301800100963e-01 1.000000000000000000e+00 0.000000000000000000e+00 2.416988056213187352e-01 1.742627956434822933e-01
3.000000000000000000e+01 1.017370840175316093e+00 3.865421527207481001e-01 1.000000000000000000e+00 1.000000000000000000e+00 2.601289164721282687e-01 8.235688407860371207e-02
3.500000000000000000e+01 1.109899418976068919e+00 3.075414079366990405e-01 1.000000000000000000e+00 0.000000000000000000e+00 2.389808139385585506e-01 1.225716822002173439e-01
4.000000000000000000e+01 8.271962941512361889e-01 2.251857137414591814e-01 1.000000000000000000e+00 0.000000000000000000e+00 2.366767717814236005e-01 1.243339248108103340e-01
4.500000000000000000e+01 9.154133231281189609e-01 1.452903592930527010e-01 1.000000000000000000e+00 0.000000000000000000e+00 2.385204090552245915e-01 5.925408988525462245e-02
5.000000000000000000e+01 9.119668711405924943e-01 2.790386863683984586e-01 1.000000000000000000e+00 0.000000000000000000e+00 2.981949408373972266e-01 1.646404745520966273e-01
5.500000000000000000e+01 1.026737452482177293e+00 4.441423006696666731e-02 1.000000000000000000e+00 0.000000000000000000e+00 2.794602369697585798e-01 8.109485984407290016e-02
6.000000000000000000e+01 1.102559416176241314e+00 1.732259656476937137e-01 1.000000000000000000e+00 0.000000000000000000e+00 2.727169978878882239e-01 8.606784619193194596e-02
6.500000000000000000e+01 9.786373738103414377e-01 2.010966979491160822e-01 1.000000000000000000e+00 0.000000000000000000e+00 2.462645695526689271e-01 1.256338629789124361e-01
7.000000000000000000e+01 8.794406719222095381e-01 1.458530302351434271e-01 1.000000000000000000e+00 0.000000000000000000e+00 2.715569118945557747e-01 1.753076607815936827e-01
7.500000000000000000e+01 8.307222952835096041e-01 3.978834487702856970e-01 0.000000000000000000e+00 1.000000000000000000e+00 3.011955484319430720e-01 1.288109383732717050e-01
8.000000000000000000e+01 9.147080787726891149e-01 1.410675487612285117e-01 1.000000000000000000e+00 0.000000000000000000e+00 2.076820208924198552e-01 1.151790893597106624e-01
8.500000000000000000e+01 9.714187967464171791e-01 3.977011098590925164e-01 1.000000000000000000e+00 1.000000000000000000e+00 2.227181177197557482e-01 1.044025423797884933e-01
9.000000000000000000e+01 8.089204394159542622e-01 1.254779814961021547e-02 0.000000000000000000e+00 0.000000000000000000e+00 3.082663083695165729e-01 8.516749343340747347e-02
9.500000000000000000e+01 8.617338360578143952e-01 1.298981203070168344e-01 1.000000000000000000e+00 0.000000000000000000e+00 2.990548386314594298e-01 5.248398533110666675e-02
1.000000000000000000e+02 7.823261357181001685e-01 2.202906685681096932e-01 1.000000000000000000e+00 0.000000000000000000e+00 2.226614413243101775e-01 1.134423924322701394e-01
1.050000000000000000e+02 8.754401515047692817e-01 1.568417312812950548e-01 1.000000000000000000e+00 0.000000000000000000e+00 1.862270933358183556e-01 1.026634209054060054e-01
1.100000000000000000e+02 9.383499693618656545e-01 1.548939163150561404e-01 1.000000000000000000e+00 0.000000000000000000e+00 2.045130733070041895e-01 1.375248973072958347e-01
1.150000000000000000e+02 8.304325638900331708e-01 2.111135858005734056e-01 1.000000000000000000e+00 0.000000000000000000e+00 2.893343783072691022e-01 1.140621955369771484e-01
1.200000000000000000e+02 8.590590806222928588e-01 2.172979949379408582e-01 1.000000000000000000e+00 0.000000000000000000e+00 2.448751244025679785e-01 9.446058649140154362e-02
1.250000000000000000e+02 7.473999933652176741e-01 3.592147205960210393e-02 0.000000000000000000e+00 0.000000000000000000e+00 2.656166974763691790e-01 9.254533755065499911e-02
1.300000000000000000e+02 7.145099237182270802e-01 2.061024349584902882e-01 1.000000000000000000e+00 0.000000000000000000e+00 1.613793627821572818e-01 8.372861318143265397e-02
1.350000000000000000e+02 1.002229537587635999e+00 2.294191299532478412e-01 1.000000000000000000e+00 0.000000000000000000e+00 1.927327035006754785e-01 1.044273289412454009e-01
1.400000000000000000e+02 8.638910928434606618e-01 1.316194431091470031e-02 1.000000000000000000e+00 0.000000000000000000e+00 2.263226564839206367e-01 3.241761334503585890e-02
1.450000000000000000e+02 5.966888659972368059e-01 2.425282299389996399e-01 0.000000000000000000e+00 0.000000000000000000e+00 2.479258806581992602e-01 1.253062632521445008e-01
1.500000000000000000e+02 7.466836357378924260e-01 1.042577634074240145e-01 1.000000000000000000e+00 0.000000000000000000e+00 2.380997676359646875e-01 9.517052785110827196e-02
1.550000000000000000e+02 9.533579373625504783e-01 1.580312770108841802e-01 1.000000000000000000e+00 0.000000000000000000e+00 2.574344341633940103e-01 1.300122507418129680e-01
1.600000000000000000e+02 1.069406807882412380e+00 7.711519400098101884e-02 1.000000000000000000e+00 0.000000000000000000e+00 1.907803203478545262e-01 8.089191238631524006e-02
1.650000000000000000e+02 7.222240355937847855e-01 1.610206578342321393e-01 1.000000000000000000e+00 0.000000000000000000e+00 1.961084846069628407e-01 9.916279022165057355e-02
1.700000000000000000e+02 7.410779554001946101e-01 1.220249564405598008e-01 1.000000000000000000e+00 0.000000000000000000e+00 2.614063711132353918e-01 1.336857863601652041e-01
1.750000000000000000e+02 7.352628926222810613e-01 3.736209705158466399e-01 1.000000000000000000e+00 1.000000000000000000e+00 2.042534982393565679e-01 9.795006614417139934e-02
1.800000000000000000e+02 9.587433674055473309e-01 2.176139813916059818e-01 1.000000000000000000e+00 0.000000000000000000e+00 1.560206127139362187e-01 8.744410759289382440e-02
1.850000000000000000e+02 6.019393025941034425e-01 1.026968028834202296e-01 1.000000000000000000e+00 0.000000000000000000e+00 1.645658730855209528e-01 1.533412364461741173e-01
1.900000000000000000e+02 6.243862784421618795e-01 2.789386279881340136e-01 1.000000000000000000e+00 0.000000000000000000e+00 2.015203025400788550e-01 1.212273902429640282e-01
1.950000000000000000e+02 1.025289756810162434e+00 1.728678813660798341e-01 1.000000000000000000e+00 0.000000000000000000e+00 2.107739247900448087e-01 8.445544068455509978e-02
2.000000000000000000e+02 6.979085993400614418e-01 2.456005424049510499e-01 1.000000000000000000e+00 0.000000000000000000e+00 9.909083173674783362e-02 1.403699883752929090e-01
2.050000000000000000e+02 8.300731347278077488e-01 1.916620153724659659e-01 1.000000000000000000e+00 0.000000000000000000e+00 1.850043694444777065e-01 1.274162246271312304e-01
2.100000000000000000e+02 7.160083622382110713e-01 2.845686574325353435e-01 0.000000000000000000e+00 0.000000000000000000e+00 2.649568449155752514e-01 1.281557646858856037e-01
2.150000000000000000e+02 8.280778906563996955e-01 2.045969573456198343e-01 1.000000000000000000e+00 0.000000000000000000e+00 2.339007557011366090e-01 1.262391543389480564e-01
2.200000000000000000e+02 8.079873837081826826e-01 2.376681269292567344e-01 1.000000000000000000e+00 0.000000000000000000e+00 2.286001512921315149e-01 1.355484667639543228e-01
2.250000000000000000e+02 7.149885143757169770e-01 2.299765674819912176e-01 1.000000000000000000e+00 0.000000000000000000e+00 1.764646218314937232e-01 1.249783259776012512e-01
2.300000000000000000e+02 6.623349874820428917e-01 8.426841354120676031e-02 1.000000000000000000e+00 0.000000000000000000e+00 2.305189046539058706e-01 1.286947190115358963e-01
2.350000000000000000e+02 6.972094173896554725e-01 2.697475101570617206e-01 1.000000000000000000e+00 1.000000000000000000e+00 2.275785298369836507e-01 8.986675872144254951e-02
2.400000000000000000e+02 6.026241835038824712e-01 1.923182901291777824e-01 0.000000000000000000e+00 0.000000000000000000e+00 2.479940366816792141e-01 1.486319683590056617e-01
2.450000000000000000e+02 8.736083372528122837e-01 1.056941953131376871e-01 1.000000000000000000e+00 0.000000000000000000e+00 1.993861402831386131e-01 1.457229865511676936e-01
2.500000000000000000e+02 6.814446649935842482e-01 4.954116255474945163e-01 1.000000000000000000e+00 1.000000000000000000e+00 1.942098849738809474e-01 9.627397063059968396e-02
2.550000000000000000e+02 6.587085433718600225e-01 5.960863298842859065e-02 1.000000000000000000e+00 0.000000000000000000e+00 2.197520215551153067e-01 9.217732731806675683e-02
2.600000000000000000e+02 7.988435271242767532e-01 4.707580463994500558e-02 1.000000000000000000e+00 0.000000000000000000e+00 2.249134371386055931e-01 1.117431098552812835e-01
2.650000000000000000e+02 7.364722275852910727e-01 9.123188108124835605e-02 1.000000000000000000e+00 0.000000000000000000e+00 1.646502986149665781e-01 1.233320138477680405e-01
2.700000000000000000e+02 6.158079583832744008e-01 1.754483131166199583e-01 1.000000000000000000e+00 0.000000000000000000e+00 1.873181034517718557e-01 1.942727135850008668e-01
2.750000000000000000e+02 6.880209886930608310e-01 2.007999777233489824e-01 1.000000000000000000e+00 0.000000000000000000e+00 2.073266857026330734e-01 1.221737213892803292e-01
2.800000000000000000e+02 6.670031135119792731e-01 8.995577935282553228e-02 1.000000000000000000e+00 0.000000000000000000e+00 1.868629629971464701e-01 5.482923285768400573e-02
2.850000000000000000e+02 5.314538923804497106e-01 9.342019345952319587e-02 0.000000000000000000e+00 0.000000000000000000e+00 1.949308707112882566e-01 1.429143506605181080e-01
2.900000000000000000e+02 4.860059400120143036e-01 3.160797728411882668e-01 0.000000000000000000e+00 0.000000000000000000e+00 1.763156308416419238e-01 1.628712761631766759e-01
2.950000000000000000e+02 4.941013920448618646e-01 7.622823026943626075e-03 1.000000000000000000e+00 0.000000000000000000e+00 1.657056581710607823e-01 1.432293407904226649e-02
3.000000000000000000e+02 6.466831905895273902e-01 2.081201229541258524e-01 1.000000000000000000e+00 0.000000000000000000e+00 1.914649867240597880e-01 9.798909614704888471e-02
3.050000000000000000e+02 5.567376760120417156e-01 3.227700517384102241e-01 1.000000000000000000e+00 1.000000000000000000e+00 1.451081327570099277e-01 9.585639866750986227e-02
3.100000000000000000e+02 5.725553979752019407e-01 2.576504762744579735e-01 1.000000000000000000e+00 0.000000000000000000e+00 1.331898407132995343e-01 9.780665698883213299e-02
3.150000000000000000e+02 4.672360846547156110e-01 7.471301888339841601e-02 0.000000000000000000e+00 0.000000000000000000e+00 2.295839863554456906e-01 1.559252222426200929e-01
3.200000000000000000e+02 5.084517780028443568e-01 1.203938895128440489e-01 1.000000000000000000e+00 0.000000000000000000e+00 1.656171476988490265e-01 1.187086890795466948e-01
3.250000000000000000e+02 5.136947700826232088e-01 1.028444018758954970e-01 1.000000000000000000e+00 0.000000000000000000e+00 1.580524405577024283e-01 1.509684399398567300e-01
3.300000000000000000e+02 6.315291607770026072e-01 1.987391015962371166e-01 1.000000000000000000e+00 0.000000000000000000e+00 1.547731425934076865e-01 1.031195582844567776e-01
3.350000000000000000e+02 5.249104883342197159e-01 2.539126194886041077e-01 1.000000000000000000e+00 0.000000000000000000e+00 1.791676522572830388e-01 2.086871324129816740e-01
3.400000000000000000e+02 4.742217137621134171e-01 1.292301958484265711e-01 1.000000000000000000e+00 0.000000000000000000e+00 1.482148114280722184e-01 1.548343176437713686e-01
3.450000000000000000e+02 3.886246093681925418e-01 1.998428533392395401e-01 1.000000000000000000e+00 0.000000000000000000e+00 1.354964241274875525e-01 1.105069794885300133e-01
3.500000000000000000e+02 4.807463580175442286e-01 2.156616450383866679e-01 1.000000000000000000e+00 0.000000000000000000e+00 1.138795121805131622e-01 1.697325959991805022e-01
3.550000000000000000e+02 4.885347321534508902e-01 1.482586729007501769e-01 1.000000000000000000e+00 0.000000000000000000e+00 1.288815002001641730e-01 1.208400473695110250e-01
3.600000000000000000e+02 4.422767232625227085e-01 1.103156911001392099e-01 1.000000000000000000e+00 0.000000000000000000e+00 1.361214250775863444e-01 1.224329656944852796e-01
3.650000000000000000e+02 4.237595018975543470e-01 9.719559349983639129e-02 0.000000000000000000e+00 0.000000000000000000e+00 2.532294712606393827e-01 7.366974377799036244e-02
3.700000000000000000e+02 3.231946405653262078e-01 1.314344067427995200e-01 0.000000000000000000e+00 0.000000000000000000e+00 1.774233910155441629e-01 1.456165470359773173e-01
3.750000000000000000e+02 3.891912656702907203e-01 2.761870349469980335e-01 0.000000000000000000e+00 0.000000000000000000e+00 1.748512519794388209e-01 1.266721429957256284e-01
3.800000000000000000e+02 5.333747842916779502e-01 9.419432814464355486e-02 1.000000000000000000e+00 0.000000000000000000e+00 9.641650359704244388e-02 1.809915101495768452e-01
3.850000000000000000e+02 5.028310040306807061e-01 2.577281726855219501e-01 0.000000000000000000e+00 0.000000000000000000e+00 2.041607859628324362e-01 1.454890186420955411e-01
3.900000000000000000e+02 4.810508241743222113e-01 1.534291185820574888e-01 0.000000000000000000e+00 0.000000000000000000e+00 1.810662019164106240e-01 1.299429832323138745e-01
3.950000000000000000e+02 6.827923154342799839e-01 3.930679451726935558e-01 1.000000000000000000e+00 0.000000000000000000e+00 1.932484733177682323e-01 1.578514420204506219e-01
4.000000000000000000e+02 5.971462610565159146e-01 4.020330563545297664e-02 1.000000000000000000e+00 0.000000000000000000e+00 1.585317721751516307e-01 1.279938336575540403e-01
4.050000000000000000e+02 2.434614815990376879e-01 2.511718592865951338e-01 0.000000000000000000e+00 0.000000000000000000e+00 1.025967676301564324e-01 1.774613061043996409e-01
4.100000000000000000e+02 4.502505121209461336e-01 3.434445748946439170e-01 1.000000000000000000e+00 0.000000000000000000e+00 1.261504248677217943e-01 1.576252248572780068e-01
4.150000000000000000e+02 3.514612518571866850e-01 7.333983147652885226e-02 0.000000000000000000e+00 0.000000000000000000e+00 1.416599794017326941e-01 1.152118870492064989e-01
4.200000000000000000e+02 4.060493740080609593e-01 7.611466995625116097e-03 0.000000000000000000e+00 0.000000000000000000e+00 1.547661404236355398e-01 1.483758730813721227e-01
4.250000000000000000e+02 3.819430430684966349e-01 3.152610327656917844e-01 0.000000000000000000e+00 0.000000000000000000e+00 1.724489672894254366e-01 1.262808526450410196e-01
4.300000000000000000e+02 3.226007079282818824e-01 2.268633318840322932e-01 0.000000000000000000e+00 0.000000000000000000e+00 1.186642457211051910e-01 1.936421274588602526e-01
4.350000000000000000e+02 4.351031856229791162e-01 1.885326588387244429e-01 1.000000000000000000e+00 0.000000000000000000e+00 1.510168411335964800e-01 9.145469393165532590e-02
4.400000000000000000e+02 5.024643310410420449e-01 2.157473406539223704e-01 0.000000000000000000e+00 0.000000000000000000e+00 1.860252991998966043e-01 1.722223470734697004e-01
4.450000000000000000e+02 5.069936857803452046e-01 2.885207106414915401e-01 1.000000000000000000e+00 1.000000000000000000e+00 1.724214698883906882e-01 9.992646037268125558e-02
4.500000000000000000e+02 3.426730131425737569e-01 3.269756312698796630e-01 0.000000000000000000e+00 1.000000000000000000e+00 1.647066356535930864e-01 1.031240510198718069e-01
4.550000000000000000e+02 4.975884609997534014e-01 4.351015079625784009e-03 1.000000000000000000e+00 0.000000000000000000e+00 1.745963663226075824e-01 6.026326696446667082e-03
4.600000000000000000e+02 2.764973764028629266e-01 1.487035465193995987e-01 0.000000000000000000e+00 0.000000000000000000e+00 1.622340841058346750e-01 1.259188869836301017e-01
4.650000000000000000e+02 5.281842031856563979e-01 3.883688843712382321e-01 0.000000000000000000e+00 1.000000000000000000e+00 1.876066554245365003e-01 1.104092476154256153e-01
4.700000000000000000e+02 3.373145798810953666e-01 1.448543248477383860e-01 0.000000000000000000e+00 0.000000000000000000e+00 1.913103372908809552e-01 1.017669809556503019e-01
4.750000000000000000e+02 2.577419073464908283e-01 3.102684859780310833e-02 0.000000000000000000e+00 0.000000000000000000e+00 1.529084153429474124e-01 1.377279235102160937e-01
4.800000000000000000e+02 2.689748731772694246e-01 2.043775504250932573e-01 0.000000000000000000e+00 0.000000000000000000e+00 1.999026695543468790e-01 1.711504645458312712e-01
4.850000000000000000e+02 3.102354655722580623e-01 3.317776622742598103e-01 0.000000000000000000e+00 1.000000000000000000e+00 1.574602608023554784e-01 6.676475431133928329e-02
4.900000000000000000e+02 3.995638944204668030e-01 5.485238213658061301e-02 1.000000000000000000e+00 0.000000000000000000e+00 1.411649963986235656e-01 9.846191629642654652e-02
4.950000000000000000e+02 2.476290265040944349e-01 2.930432262246577269e-01 0.000000000000000000e+00 0.000000000000000000e+00 1.270524413586381629e-01 1.095236592888772648e-01
5.000000000000000000e+02 2.981368680308711383e-01 1.696220439644242212e-02 0.000000000000000000e+00 0.000000000000000000e+00 1.211670422765375593e-01 1.292342777823113353e-01
5.050000000000000000e+02 3.133186716891089851e-01 3.044082077751751880e-01 0.000000000000000000e+00 0.000000000000000000e+00 1.625046586051185904e-01 1.303844800448829278e-01
5.100000000000000000e+02 3.076031616142526071e-01 2.961361301834589677e-01 1.000000000000000000e+00 1.000000000000000000e+00 1.087728300385156499e-01 7.564478520424798569e-02
5.150000000000000000e+02 2.761829243195926264e-01 3.350783425439999297e-01 0.000000000000000000e+00 0.000000000000000000e+00 1.397460818754321099e-01 1.571122134131177905e-01
5.200000000000000000e+02 3.525543874480512874e-01 1.420857050534827803e-01 0.000000000000000000e+00 0.000000000000000000e+00 1.332622916025201498e-01 8.897155313156555889e-02
5.250000000000000000e+02 2.090716133325599413e-01 2.412836952362487075e-01 0.000000000000000000e+00 0.000000000000000000e+00 1.787239877572777413e-01 1.302475493272262919e-01
5.300000000000000000e+02 3.184582730450612464e-01 1.267962977262578061e-01 0.000000000000000000e+00 0.000000000000000000e+00 1.314394715409708259e-01 1.266367662991109144e-01
5.350000000000000000e+02 3.363676524108591970e-01 1.430432663404299087e-01 0.000000000000000000e+00 0.000000000000000000e+00 1.911766480749063635e-01 1.491692598159841121e-01
5.400000000000000000e+02 4.193508100101749347e-01 3.789239801034026689e-01 1.000000000000000000e+00 1.000000000000000000e+00 8.919737183198729602e-02 1.269838236490580252e-01
5.450000000000000000e+02 2.856077575818133374e-01 9.633978841042212249e-02 0.000000000000000000e+00 0.000000000000000000e+00 1.470776499571272711e-01 8.660248800431220861e-02
5.500000000000000000e+02 2.772742711693410023e-01 1.629593032907715733e-01 0.000000000000000000e+00 0.000000000000000000e+00 1.847386690380792007e-01 1.339120648548447479e-01
5.550000000000000000e+02 3.185263386388436646e-01 1.100952916127524023e-01 0.000000000000000000e+00 0.000000000000000000e+00 1.929705148315410124e-01 1.704264111133723669e-01
5.600000000000000000e+02 2.249790368453943867e-01 2.742896721925661141e-01 0.000000000000000000e+00 0.000000000000000000e+00 1.325972746397785507e-01 1.782400374455464231e-01
5.650000000000000000e+02 2.642096908847880732e-01 1.275909438892704750e-01 0.000000000000000000e+00 0.000000000000000000e+00 1.293569593658580041e-01 1.269194397419759479e-01
5.700000000000000000e+02 1.520935928850849495e-01 1.528376300635873597e-01 0.000000000000000000e+00 0.000000000000000000e+00 1.373200258385783301e-01 1.352373511273944895e-01
5.750000000000000000e+02 2.449427771899097550e-01 2.229469128283577406e-01 0.000000000000000000e+00 0.000000000000000000e+00 1.331316286620024270e-01 1.399762719837160385e-01
5.800000000000000000e+02 2.823912783450190922e-01 8.339607404789450840e-02 0.000000000000000000e+00 0.000000000000000000e+00 1.134968070687287361e-01 1.164540811627278044e-01
5.850000000000000000e+02 1.880842078895416103e-01 1.541970615349001206e-01 0.000000000000000000e+00 0.000000000000000000e+00 1.499784839363696165e-01 1.724185497974854431e-01
5.900000000000000000e+02 2.242772891757923159e-01 2.970295429959370348e-01 0.000000000000000000e+00 0.000000000000000000e+00 1.495672845372495452e-01 1.579618174411434872e-01
5.950000000000000000e+02 2.447120786378567669e-01 1.672031623137288370e-01 0.000000000000000000e+00 0.000000000000000000e+00 1.412917596500146145e-01 1.369177501740182212e-01
6.000000000000000000e+02 2.692546070540660641e-01 7.963015237273309010e-02 0.000000000000000000e+00 0.000000000000000000e+00 9.786013856919796583e-02 1.274438284676307209e-01
6.050000000000000000e+02 3.711159162104500919e-01 1.312765996618929509e-01 1.000000000000000000e+00 0.000000000000000000e+00 9.671043933180489827e-02 1.394146996617477152e-01
6.100000000000000000e+02 2.251894032206704088e-01 1.306207061967529226e-02 0.000000000000000000e+00 0.000000000000000000e+00 1.052619081504587994e-01 1.254601117698034840e-01
6.150000000000000000e+02 3.132082381031189300e-01 2.543329312521874774e-01 0.000000000000000000e+00 0.000000000000000000e+00 1.355653620829113115e-01 1.047371723672270577e-01
6.200000000000000000e+02 2.199712452167209842e-01 4.439648268343501791e-02 0.000000000000000000e+00 0.000000000000000000e+00 1.295372183075241268e-01 9.011522601469300342e-02
6.250000000000000000e+02 2.457298324283881397e-01 4.593995927689192849e-01 0.000000000000000000e+00 0.000000000000000000e+00 1.276692611148285417e-01 1.727851162288404074e-01
6.300000000000000000e+02 1.411431276532847390e-01 2.496299682172261059e-01 0.000000000000000000e+00 0.000000000000000000e+00 1.094626559771847418e-01 1.548498067670036615e-01
6.350000000000000000e+02 1.974749227947727725e-01 2.246633749927765822e-01 0.000000000000000000e+00 0.000000000000000000e+00 1.902623926637941609e-01 8.847214192770840036e-02
6.400000000000000000e+02 3.934182725072755682e-01 4.280676584750489622e-01 1.000000000000000000e+00 1.000000000000000000e+00 1.189721658514125285e-01 1.084589301568070208e-01
6.450000000000000000e+02 1.008648033027768898e-01 2.812282423969613698e-01 0.000000000000000000e+00 0.000000000000000000e+00 1.473500471642268106e-01 1.321142073370001058e-01
6.500000000000000000e+02 2.206289884160723691e-01 9.597465766066622106e-02 0.000000000000000000e+00 0.000000000000000000e+00 1.068521859786021461e-01 1.307095004971432772e-01
6.550000000000000000e+02 2.127615940888682167e-01 3.526641434042102619e-01 0.000000000000000000e+00 0.000000000000000000e+00 1.345893853442155785e-01 1.469221375691823206e-01
6.600000000000000000e+02 2.363888228573409189e-01 1.873194053989341978e-03 0.000000000000000000e+00 0.000000000000000000e+00 1.252224147106095475e-01 4.580975503762900469e-03
6.650000000000000000e+02 3.614919733273275204e-01 9.563359852822386764e-02 1.000000000000000000e+00 0.000000000000000000e+00 1.112431560372365291e-01 1.533768629444280107e-01
6.700000000000000000e+02 3.031602398148671718e-01 2.081551207414252674e-02 0.000000000000000000e+00 0.000000000000000000e+00 1.359826898609800272e-01 1.199006148707167790e-01
6.750000000000000000e+02 1.942868965508747492e-01 1.252860202108995735e-01 0.000000000000000000e+00 0.000000000000000000e+00 1.326270685870545585e-01 1.205070391463255453e-01
6.800000000000000000e+02 2.157023547073157466e-01 2.462608229002858362e-01 0.000000000000000000e+00 0.000000000000000000e+00 1.512704343780510163e-01 1.597263060404001955e-01
6.850000000000000000e+02 2.322987177506066203e-01 1.720281685209679445e-01 0.000000000000000000e+00 0.000000000000000000e+00 1.221114267641886103e-01 9.453666225665886824e-02
6.900000000000000000e+02 2.354457327276330836e-01 4.313378869541376753e-02 0.000000000000000000e+00 0.000000000000000000e+00 1.415766088174668647e-01 1.526021840910314620e-01
6.950000000000000000e+02 3.189802567357536978e-01 1.430945268285528371e-01 0.000000000000000000e+00 0.000000000000000000e+00 1.601158162841654631e-01 1.153533759731171782e-01
7.000000000000000000e+02 1.597288356277433985e-01 2.308693276030387709e-01 0.000000000000000000e+00 0.000000000000000000e+00 1.167079318690043832e-01 1.071719535391359307e-01
7.050000000000000000e+02 1.365397095530074822e-01 2.922435720211953233e-02 0.000000000000000000e+00 0.000000000000000000e+00 9.925598800893907503e-02 8.401479255241381394e-02
7.100000000000000000e+02 2.628588622778044170e-01 1.183345226620947377e-01 1.000000000000000000e+00 0.000000000000000000e+00 7.839075299313351397e-02 1.404487349991523637e-01
7.150000000000000000e+02 1.804511694408824918e-01 2.499831069335356482e-01 0.000000000000000000e+00 0.000000000000000000e+00 1.010863553427688299e-01 1.018461542644444467e-01
7.200000000000000000e+02 1.215406422727107333e-01 5.482255310363728235e-02 0.000000000000000000e+00 0.000000000000000000e+00 1.513927981489370522e-01 6.913378140456349907e-02
7.250000000000000000e+02 1.219980852359961732e-01 8.228566986652233184e-02 0.000000000000000000e+00 0.000000000000000000e+00 8.240859201271284740e-02 8.354703033454438654e-02
7.300000000000000000e+02 2.440620977068038988e-01 1.324985042311868644e-01 0.000000000000000000e+00 0.000000000000000000e+00 1.408498300575176110e-01 1.069442219172715008e-01
7.350000000000000000e+02 2.014716239996105218e-01 1.275689932861405126e-02 0.000000000000000000e+00 0.000000000000000000e+00 9.455986607521407739e-02 1.062537565142118723e-01
7.400000000000000000e+02 2.493015446404235891e-01 1.254354345437980710e-02 0.000000000000000000e+00 0.000000000000000000e+00 1.349290863835266308e-01 1.068453962979016951e-02
7.450000000000000000e+02 1.537181551669281609e-01 7.019974198925878379e-03 0.000000000000000000e+00 0.000000000000000000e+00 1.423002742205111970e-01 1.780024134386808121e-02
7.500000000000000000e+02 1.574285922442867636e-01 9.003025809370716892e-02 0.000000000000000000e+00 0.000000000000000000e+00 1.095898461245843475e-01 8.543672307511820940e-02
7.550000000000000000e+02 9.578848480444031310e-02 2.379588273273023358e-01 0.000000000000000000e+00 0.000000000000000000e+00 1.210031747108863132e-01 1.352285153191069567e-01
7.600000000000000000e+02 1.760508586731273362e-01 2.632996957554722961e-01 0.000000000000000000e+00 0.000000000000000000e+00 1.696592662258289141e-01 1.349397147311107159e-01
7.650000000000000000e+02 8.523977236553528791e-02 9.486975154106028207e-02 0.000000000000000000e+00 0.000000000000000000e+00 1.088002679831070879e-01 6.123731572009041141e-02
7.700000000000000000e+02 1.485261465056871566e-01 1.639730452080516709e-01 0.000000000000000000e+00 0.000000000000000000e+00 1.053216625715384658e-01 1.084628973182609618e-01
7.750000000000000000e+02 1.706627266096108486e-01 1.674206181099495427e-01 0.000000000000000000e+00 0.000000000000000000e+00 1.264046772932365392e-01 1.553974510745548543e-01
7.800000000000000000e+02 1.068776920976817896e-01 8.075636348748373161e-02 0.000000000000000000e+00 0.000000000000000000e+00 9.590262751179552680e-02 8.829027986167732600e-02
7.850000000000000000e+02 3.223198894070252729e-01 0.000000000000000000e+00 1.000000000000000000e+00 0.000000000000000000e+00 9.318940648178883346e-02 0.000000000000000000e+00
7.900000000000000000e+02 1.220753266006284060e-01 6.699547138058896401e-02 0.000000000000000000e+00 0.000000000000000000e+00 1.465013955750870955e-01 1.208946189889273520e-01
7.950000000000000000e+02 2.643931307393602159e-01 8.221303014223857453e-02 1.000000000000000000e+00 0.000000000000000000e+00 7.734119568842463821e-02 9.282149292726447898e-02
8.000000000000000000e+02 2.758752797432744153e-01 2.765923231243996305e-01 0.000000000000000000e+00 0.000000000000000000e+00 1.525446370573971255e-01 1.333925658376324541e-01
8.050000000000000000e+02 2.185995824102974494e-01 6.645101592473856567e-02 0.000000000000000000e+00 0.000000000000000000e+00 1.171059836900298495e-01 1.002562321055980449e-01
8.100000000000000000e+02 1.596930990163564767e-01 2.152297113237986448e-01 0.000000000000000000e+00 0.000000000000000000e+00 1.106425545792205367e-01 1.478148314176259970e-01
8.150000000000000000e+02 3.571176731157119644e-01 1.042175569966351106e-01 0.000000000000000000e+00 0.000000000000000000e+00 1.291957855087663976e-01 5.894005978391898826e-02
8.200000000000000000e+02 2.196710820195319214e-01 4.683575313701139609e-02 0.000000000000000000e+00 0.000000000000000000e+00 1.830510932238667565e-01 1.081624903536591437e-01
8.250000000000000000e+02 3.278571484210624498e-01 7.409913064994178011e-02 1.000000000000000000e+00 0.000000000000000000e+00 1.026874164959074576e-01 1.120364212677112253e-01
8.300000000000000000e+02 1.349578425023685302e-01 1.673876660981279407e-01 0.000000000000000000e+00 0.000000000000000000e+00 6.601240627148861895e-02 8.550806655433219883e-02
8.350000000000000000e+02 3.144566317241891396e-01 1.298851115623224917e-01 0.000000000000000000e+00 0.000000000000000000e+00 1.933865527153781072e-01 9.116119209500496423e-02
8.400000000000000000e+02 1.663668880059401833e-01 1.356163340640155202e-01 0.000000000000000000e+00 0.000000000000000000e+00 1.559390582644235301e-01 9.622864851341492165e-02
8.450000000000000000e+02 6.766984592299410406e-02 1.205811255021697337e-01 0.000000000000000000e+00 0.000000000000000000e+00 1.381863282445140728e-01 1.294366747629248360e-01
8.500000000000000000e+02 2.131359475558016747e-01 1.540237381342028124e-02 0.000000000000000000e+00 0.000000000000000000e+00 1.091160063771106498e-01 7.324440176245460010e-02
8.550000000000000000e+02 2.776395991723885071e-01 1.264751279185714061e-01 0.000000000000000000e+00 0.000000000000000000e+00 1.276965301036516731e-01 1.265487821573532123e-01
8.600000000000000000e+02 1.303481827559993533e-01 4.515103279462710784e-02 0.000000000000000000e+00 0.000000000000000000e+00 1.739230395687142716e-01 8.897789755285986923e-02
8.650000000000000000e+02 1.690130904889518837e-01 7.867081425919089654e-02 0.000000000000000000e+00 0.000000000000000000e+00 1.267447734340065857e-01 8.677069386493488357e-02
8.700000000000000000e+02 4.906415371433444500e-02 6.962525614304426735e-02 0.000000000000000000e+00 0.000000000000000000e+00 9.386957416018676392e-02 1.196990445437626088e-01
8.750000000000000000e+02 1.081200070387233758e-01 3.423841775295094481e-01 0.000000000000000000e+00 1.000000000000000000e+00 9.145480474676657978e-02 1.103174738190740023e-01
8.800000000000000000e+02 9.006565036208026565e-02 0.000000000000000000e+00 0.000000000000000000e+00 0.000000000000000000e+00 1.641590101409325930e-01 0.000000000000000000e+00
8.850000000000000000e+02 2.083107610370173168e-01 1.446272422588327361e-03 0.000000000000000000e+00 0.000000000000000000e+00 8.386047563615241229e-02 1.974248886932695752e-03
8.900000000000000000e+02 1.042516719129243652e-01 2.693251667702482172e-02 0.000000000000000000e+00 0.000000000000000000e+00 1.156426420727459659e-01 7.937267074382844956e-02
8.950000000000000000e+02 5.856731987791190253e-02 9.094275268296433956e-02 0.000000000000000000e+00 0.000000000000000000e+00 6.399349385878577712e-02 1.184067832154570149e-01
9.000000000000000000e+02 1.106225163467552119e-01 4.250843887053027195e-03 0.000000000000000000e+00 0.000000000000000000e+00 1.099157111868084291e-01 1.196388178499985661e-01
9.050000000000000000e+02 1.303597774019179256e-01 1.183202517590873359e-01 0.000000000000000000e+00 0.000000000000000000e+00 1.110148400933743257e-01 1.146629442434386054e-01
9.100000000000000000e+02 2.289930848216498727e-01 6.261336257259605964e-02 0.000000000000000000e+00 0.000000000000000000e+00 2.006730849597886945e-01 1.369374504305547469e-01
9.150000000000000000e+02 1.821382311016708500e-01 2.238284660972767737e-01 1.000000000000000000e+00 0.000000000000000000e+00 6.047715189595456731e-02 1.338368150009263402e-01
9.200000000000000000e+02 9.235451226093895072e-02 2.157708283259721915e-01 0.000000000000000000e+00 0.000000000000000000e+00 5.346393638756916783e-02 1.466624826074750254e-01
9.250000000000000000e+02 1.813343670840077970e-01 6.920073457938824774e-04 0.000000000000000000e+00 0.000000000000000000e+00 1.258493462992093803e-01 9.073511905587830495e-02
9.300000000000000000e+02 3.089939769677033654e-01 1.224911245260720954e-01 0.000000000000000000e+00 0.000000000000000000e+00 1.312585510910675435e-01 1.278831763236426000e-01
9.350000000000000000e+02 2.358357310823175901e-01 1.078480660141102332e-01 0.000000000000000000e+00 0.000000000000000000e+00 1.357313637369677306e-01 1.533737280036792661e-01
9.400000000000000000e+02 2.371579033778834986e-02 8.691474877367491580e-02 0.000000000000000000e+00 0.000000000000000000e+00 1.870697580852692943e-01 1.363582500000015962e-01
9.450000000000000000e+02 2.698052458873960169e-01 1.561376012163260829e-01 0.000000000000000000e+00 0.000000000000000000e+00 1.735121279561478713e-01 9.850257833843217847e-02
9.500000000000000000e+02 1.713566717074752332e-01 0.000000000000000000e+00 0.000000000000000000e+00 0.000000000000000000e+00 1.256078160074196592e-01 0.000000000000000000e+00
9.550000000000000000e+02 4.428618034811994120e-01 4.382741004682995378e-02 1.000000000000000000e+00 0.000000000000000000e+00 1.525912807605089017e-01 1.186415467932940976e-01
9.600000000000000000e+02 1.096697860782116091e-01 1.367252564788858094e-01 0.000000000000000000e+00 0.000000000000000000e+00 1.347600353414525609e-01 1.199523267929795967e-01
9.650000000000000000e+02 3.964232873192231194e-02 4.973544231939444615e-02 0.000000000000000000e+00 0.000000000000000000e+00 1.490547902385563894e-01 8.192719968908974970e-02
9.700000000000000000e+02 2.987654905587997511e-01 9.299848848263865542e-02 0.000000000000000000e+00 0.000000000000000000e+00 1.740195314094160617e-01 1.289760639660302854e-01
9.750000000000000000e+02 1.909775593917968917e-01 1.525990752236452974e-01 0.000000000000000000e+00 0.000000000000000000e+00 1.259123395107883958e-01 1.213866291429146066e-01
9.800000000000000000e+02 7.610136422197742723e-02 2.092656784975792661e-01 0.000000000000000000e+00 0.000000000000000000e+00 1.877872160346457098e-01 8.397100480361024966e-02
9.850000000000000000e+02 2.090884614455457147e-01 4.434894625395537776e-02 0.000000000000000000e+00 0.000000000000000000e+00 1.121472088872455669e-01 1.640054012094665226e-01
9.900000000000000000e+02 2.096222790015278004e-01 8.028335875245720676e-02 0.000000000000000000e+00 0.000000000000000000e+00 1.679633918882446897e-01 9.917276499796912059e-02
9.950000000000000000e+02 3.680831774184186167e-01 8.907488673812644087e-02 1.000000000000000000e+00 0.000000000000000000e+00 1.149430750469466189e-01 1.525295730292130780e-01
