0.000000000000000000e+00 0.000000000000000000e+00 0.000000000000000000e+00 0.000000000000000000e+00 0.000000000000000000e+00 0.000000000000000000e+00 0.000000000000000000e+00
5.000000000000000000e+00 5.934325085199255723e-01 1.841355561527737716e-01 1.000000000000000000e+00 0.000000000000000000e+00 2.048815917144219401e-01 1.407124164899758167e-01
1.000000000000000000e+01 4.872916726357313655e-01 2.527325991737798816e-01 1.000000000000000000e+00 0.000000000000000000e+00 1.461634570301542091e-01 1.086690241193512818e-01
1.500000000000000000e+01 5.082604515283103419e-01 2.721696709406553061e-01 1.000000000000000000e+00 0.000000000000000000e+00 1.309752059829562554e-01 1.171149173438068292e-01
2.000000000000000000e+01 4.987272273250442645e-01 1.985253053061330486e-01 1.000000000000000000e+00 0.000000000000000000e+00 1.390048724074303965e-01 1.632567763880634903e-01
2.500000000000000000e+01 7.227966470936298959e-01 3.119989765272541682e-01 1.000000000000000000e+00 1.000000000000000000e+00 1.486470673233376005e-01 1.083107067808818519e-01
3.000000000000000000e+01 3.787715925886627200e-01 3.032146609875366883e-01 1.000000000000000000e+00 0.000000000000000000e+00 1.293276175530400640e-01 1.184264508136222416e-01
3.500000000000000000e+01 4.557451698188933475e-01 2.437334495679345792e-01 1.000000000000000000e+00 1.000000000000000000e+00 1.280941349481533043e-01 6.191459412021645126e-02
4.000000000000000000e+01 4.347349469206321926e-01 1.416274412698176888e-01 1.000000000000000000e+00 0.000000000000000000e+00 9.354683981700481765e-02 6.389582682138249259e-02
4.500000000000000000e+01 5.886015014214504015e-01 2.127465004395568682e-01 0.000000000000000000e+00 0.000000000000000000e+00 2.215292339276739020e-01 1.174446007307953371e-01
5.000000000000000000e+01 4.400423104249055473e-01 1.632681004421436266e-01 1.000000000000000000e+00 0.000000000000000000e+00 7.608566798832289146e-02 8.262225975330189653e-02
5.500000000000000000e+01 4.266897382997532628e-01 8.205971357115729448e-02 1.000000000000000000e+00 0.000000000000000000e+00 1.166209361049443671e-01 9.210440402858645348e-02
6.000000000000000000e+01 4.272461815717212841e-01 6.190154229826043408e-02 0.000000000000000000e+00 0.000000000000000000e+00 1.579239865025390266e-01 1.326807709680598302e-01
6.500000000000000000e+01 6.080213038564640238e-01 1.309507866375109741e-01 1.000000000000000000e+00 0.000000000000000000e+00 1.699185458887692568e-01 1.247508326860050087e-01
7.000000000000000000e+01 3.648521214051490547e-01 2.071695982139734882e-01 1.000000000000000000e+00 0.000000000000000000e+00 8.607451032773991151e-02 1.336899517792463910e-01
7.500000000000000000e+01 4.602120367376006937e-01 1.880034751193876419e-01 1.000000000000000000e+00 0.000000000000000000e+00 1.160816757369199786e-01 1.561163100136586934e-01
8.000000000000000000e+01 3.617298270913363867e-01 1.138667105036076342e-02 1.000000000000000000e+00 0.000000000000000000e+00 1.025147074461474905e-01 1.264965872806367020e-01
8.500000000000000000e+01 3.916367348421573302e-01 1.339570202549497657e-01 0.000000000000000000e+00 0.000000000000000000e+00 1.492563846443932529e-01 1.107724194184880884e-01
9.000000000000000000e+01 3.277689739789704793e-01 2.077884193750695330e-02 0.000000000000000000e+00 0.000000000000000000e+00 1.296841760558140877e-01 5.439358824086183014e-02
9.500000000000000000e+01 3.456946126879387182e-01 7.026211025303011337e-02 0.000000000000000000e+00 0.000000000000000000e+00 1.307127430783160682e-01 6.613571967527911988e-02
1.000000000000000000e+02 3.217034638406411351e-01 1.901003134417560969e-01 0.000000000000000000e+00 0.000000000000000000e+00 1.197607914693794712e-01 1.561598495840698098e-01
1.050000000000000000e+02 4.932974536910446628e-01 2.203690460734407386e-01 1.000000000000000000e+00 0.000000000000000000e+00 1.481705693112509159e-01 1.308170983296159662e-01
1.100000000000000000e+02 3.833288894826830662e-01 2.413259716376627007e-01 1.000000000000000000e+00 0.000000000000000000e+00 1.317024297676579747e-01 9.405280341098973262e-02
1.150000000000000000e+02 3.594137118694166189e-01 2.960910644849867879e-02 1.000000000000000000e+00 0.000000000000000000e+00 9.830403263481787834e-02 7.496425729493001733e-02
1.200000000000000000e+02 3.311335841911079991e-01 1.685037602665721834e-01 0.000000000000000000e+00 0.000000000000000000e+00 1.334871130499560576e-01 1.080494376130229223e-01
1.250000000000000000e+02 4.198400614415171428e-01 4.987933585357857968e-02 1.000000000000000000e+00 0.000000000000000000e+00 9.086624453723010642e-02 8.502635380284521982e-02
1.300000000000000000e+02 2.531976581703355711e-01 3.023364935804831455e-01 0.000000000000000000e+00 1.000000000000000000e+00 1.156484367917380712e-01 1.069394479019527000e-01
1.350000000000000000e+02 4.014795996775195053e-01 9.582699911860531605e-03 1.000000000000000000e+00 0.000000000000000000e+00 1.343303056291618724e-01 1.336266481485856236e-02
1.400000000000000000e+02 2.960866395264991624e-01 5.286500743760049609e-03 1.000000000000000000e+00 0.000000000000000000e+00 9.496786844419354001e-02 1.739276849539400996e-02
1.450000000000000000e+02 3.947714035386575282e-01 2.735688788374791569e-01 0.000000000000000000e+00 0.000000000000000000e+00 1.580191152458610970e-01 1.748719691188665715e-01
1.500000000000000000e+02 5.504876444884245767e-01 3.035707439955591114e-01 1.000000000000000000e+00 0.000000000000000000e+00 1.483187767980873872e-01 1.162418287404295841e-01
1.550000000000000000e+02 2.606522146033910525e-01 6.751275921736303587e-02 0.000000000000000000e+00 0.000000000000000000e+00 1.093523812216827540e-01 8.889409762470376619e-02
1.600000000000000000e+02 2.590730496579540798e-01 1.790090676422838034e-01 0.000000000000000000e+00 0.000000000000000000e+00 1.351087489504262107e-01 1.061725687358830161e-01
1.650000000000000000e+02 4.452772776594792203e-01 2.267135673521339656e-01 0.000000000000000000e+00 0.000000000000000000e+00 1.777431474765539254e-01 1.401876037757494864e-01
1.700000000000000000e+02 3.104060326116224178e-01 1.770875188079992224e-01 1.000000000000000000e+00 0.000000000000000000e+00 1.063149801064122990e-01 8.836026989722489677e-02
1.750000000000000000e+02 3.170473724163661577e-01 8.056495098895975759e-02 1.000000000000000000e+00 0.000000000000000000e+00 8.726351746099757223e-02 1.266036388491586784e-01
1.800000000000000000e+02 3.492422890239755828e-01 1.618695203653680689e-04 0.000000000000000000e+00 0.000000000000000000e+00 1.306924024305008702e-01 4.503723673921654000e-03
1.850000000000000000e+02 4.216909314527071406e-01 9.150630867577952410e-02 1.000000000000000000e+00 0.000000000000000000e+00 1.491872016530248202e-01 1.339230355959450391e-01
1.900000000000000000e+02 3.334373739362955225e-01 1.032080071739160942e-01 0.000000000000000000e+00 0.000000000000000000e+00 2.029709882000928223e-01 1.011174227360704669e-01
1.950000000000000000e+02 4.926622432682249419e-01 9.439717606480514667e-02 1.000000000000000000e+00 0.000000000000000000e+00 1.101495198018819649e-01 1.280410208513336479e-01
2.000000000000000000e+02 3.957900794990885651e-01 5.682482383088983957e-02 0.000000000000000000e+00 0.000000000000000000e+00 1.594874167462826953e-01 8.814993789775631139e-02
2.050000000000000000e+02 5.000342228976362158e-01 1.969346444556320519e-01 1.000000000000000000e+00 0.000000000000000000e+00 1.441946425628341244e-01 1.032657869819659652e-01
2.100000000000000000e+02 4.108375644024639395e-01 2.352398645143716216e-01 1.000000000000000000e+00 0.000000000000000000e+00 1.410855675479695814e-01 1.654085580311158432e-01
2.150000000000000000e+02 3.122101049561665786e-01 7.695567726834104394e-02 0.000000000000000000e+00 0.000000000000000000e+00 1.318758254653789874e-01 1.010735075775846536e-01
2.200000000000000000e+02 3.730721822257686560e-01 1.311230768907707955e-01 1.000000000000000000e+00 0.000000000000000000e+00 1.317011828708136156e-01 8.836912307129643485e-02
2.250000000000000000e+02 4.609984946018386154e-01 2.520470227528928131e-01 0.000000000000000000e+00 0.000000000000000000e+00 1.796322729195956314e-01 1.230456024941313231e-01
2.300000000000000000e+02 2.812451808885771953e-01 2.429102843087123653e-01 0.000000000000000000e+00 0.000000000000000000e+00 1.668574763075435785e-01 1.107040318101631809e-01
2.350000000000000000e+02 3.460638754843186615e-01 1.860629484790623789e-01 1.000000000000000000e+00 0.000000000000000000e+00 1.153834770189268999e-01 1.340861889232362325e-01
2.400000000000000000e+02 2.505486539851625727e-01 2.292885746536778291e-01 0.000000000000000000e+00 1.000000000000000000e+00 1.360928081155049485e-01 7.862763783810994278e-02
2.450000000000000000e+02 3.835901288653497110e-01 2.900214854972390510e-01 0.000000000000000000e+00 0.000000000000000000e+00 1.462377901734145114e-01 1.158982138154361768e-01
2.500000000000000000e+02 3.666285682518233835e-01 3.011114578721589274e-01 1.000000000000000000e+00 0.000000000000000000e+00 9.115824403941254206e-02 1.595400161904970138e-01
2.550000000000000000e+02 4.773229603411818789e-01 1.563601293046868734e-01 1.000000000000000000e+00 0.000000000000000000e+00 1.446040839401228906e-01 1.098416083109810260e-01
2.600000000000000000e+02 3.492735222002577022e-01 3.299661204751747848e-03 0.000000000000000000e+00 0.000000000000000000e+00 1.764629835945894509e-01 6.814237084466798038e-03
2.650000000000000000e+02 4.823693920936618085e-01 7.685572228767015290e-02 0.000000000000000000e+00 0.000000000000000000e+00 1.798867251571794890e-01 1.251342185936090978e-01
2.700000000000000000e+02 4.060297571911865022e-01 1.032987011647399783e-01 1.000000000000000000e+00 0.000000000000000000e+00 1.317973167841532400e-01 1.208114707423024736e-01
2.750000000000000000e+02 2.591644735941165401e-01 6.698675775625465012e-02 1.000000000000000000e+00 0.000000000000000000e+00 6.083418158669126607e-02 1.937637548625364692e-01
2.800000000000000000e+02 3.683772560297951526e-01 1.016889532814114760e-01 0.000000000000000000e+00 0.000000000000000000e+00 1.617547528646150756e-01 1.160554628321508464e-01
2.850000000000000000e+02 5.102726033564974895e-01 1.217807369265261619e-01 1.000000000000000000e+00 0.000000000000000000e+00 1.368898941036523764e-01 1.898007534563212750e-01
2.900000000000000000e+02 4.828677898398122670e-01 1.587617897687599589e-01 1.000000000000000000e+00 0.000000000000000000e+00 1.237154500554414616e-01 1.872200956849817965e-01
2.950000000000000000e+02 1.660200998765554437e-01 1.143942845699185418e-01 0.000000000000000000e+00 0.000000000000000000e+00 1.322644895457214809e-01 8.115470014237823049e-02
3.000000000000000000e+02 5.006214126450323487e-01 0.000000000000000000e+00 1.000000000000000000e+00 0.000000000000000000e+00 1.432767562726130206e-01 0.000000000000000000e+00
3.050000000000000000e+02 3.357276098892139626e-01 3.280625771701284332e-01 0.000000000000000000e+00 0.000000000000000000e+00 1.892354690631311287e-01 1.539831353357126453e-01
3.100000000000000000e+02 2.512014687269393809e-01 1.525491023600837326e-01 0.000000000000000000e+00 0.000000000000000000e+00 1.173144284233564177e-01 1.145249009582851724e-01
3.150000000000000000e+02 3.316452552102394646e-01 2.003726581649521721e-01 1.000000000000000000e+00 0.000000000000000000e+00 9.296984118992651647e-02 1.566395464424318040e-01
3.200000000000000000e+02 3.010408616590279363e-01 1.953115853703349392e-01 0.000000000000000000e+00 0.000000000000000000e+00 1.673327572879342862e-01 1.356755745520832335e-01
3.250000000000000000e+02 4.945286000387572045e-01 7.324245812534509181e-02 0.000000000000000000e+00 0.000000000000000000e+00 2.103413458540759062e-01 5.185534968846004789e-02
3.300000000000000000e+02 2.027389750922850842e-01 1.819571376881606029e-01 0.000000000000000000e+00 0.000000000000000000e+00 1.200140877796976591e-01 6.718265945734129552e-02
3.350000000000000000e+02 1.270918210797161163e-01 1.826117859291868095e-01 0.000000000000000000e+00 0.000000000000000000e+00 1.164659148393977356e-01 1.463406589803667168e-01
3.400000000000000000e+02 3.756107583648869985e-01 1.424122703078760932e-01 1.000000000000000000e+00 0.000000000000000000e+00 1.210335900796893210e-01 1.421803253770541897e-01
3.450000000000000000e+02 4.112457180217434782e-01 2.424503179820668066e-03 0.000000000000000000e+00 0.000000000000000000e+00 1.889251006615237927e-01 5.001026381475889501e-03
3.500000000000000000e+02 2.577810984624789303e-01 1.139779382016830739e-01 0.000000000000000000e+00 0.000000000000000000e+00 1.043425772974388294e-01 1.379499087010492564e-01
3.550000000000000000e+02 3.130408778317658181e-01 1.025894990520503092e-01 0.000000000000000000e+00 0.000000000000000000e+00 1.429649642874674387e-01 1.068163459569935470e-01
3.600000000000000000e+02 3.593239791302249575e-01 1.057054671215725550e-01 1.000000000000000000e+00 0.000000000000000000e+00 1.208789631865974518e-01 1.104969986812498889e-01
3.650000000000000000e+02 3.904535291006598352e-01 4.798888727212378275e-02 0.000000000000000000e+00 0.000000000000000000e+00 1.787110943178505662e-01 1.273667450066441331e-01
3.700000000000000000e+02 2.802531849751352944e-01 8.907184516863352313e-04 0.000000000000000000e+00 0.000000000000000000e+00 1.080954948207307059e-01 1.386978730034705252e-02
3.750000000000000000e+02 1.676425973450045848e-01 2.140450331185295152e-01 0.000000000000000000e+00 0.000000000000000000e+00 1.474195414184228670e-01 1.618320018611340283e-01
3.800000000000000000e+02 2.023007607917315931e-01 2.759938777217847972e-01 0.000000000000000000e+00 1.000000000000000000e+00 1.387750691351656296e-01 9.461274331521697667e-02
3.850000000000000000e+02 3.734332797993890063e-01 1.649543231710136060e-01 0.000000000000000000e+00 0.000000000000000000e+00 1.976807509930498807e-01 6.571260839215994909e-02
3.900000000000000000e+02 3.823832865204810361e-01 1.699027679764177345e-01 0.000000000000000000e+00 0.000000000000000000e+00 1.439437326174172471e-01 1.622716852505689533e-01
3.950000000000000000e+02 1.983610012826239610e-01 1.188305748312001031e-01 0.000000000000000000e+00 0.000000000000000000e+00 1.120962928437243128e-01 1.323291310214039507e-01
4.000000000000000000e+02 2.792165881623401291e-01 2.074777172802139830e-02 0.000000000000000000e+00 0.000000000000000000e+00 1.023666359295383604e-01 4.244844483388117429e-02
4.050000000000000000e+02 3.019935422591476515e-01 2.533973080223962393e-01 0.000000000000000000e+00 0.000000000000000000e+00 1.677007822728726616e-01 2.107649379562476222e-01
4.100000000000000000e+02 5.136206556483258190e-01 4.132788334146003106e-01 1.000000000000000000e+00 0.000000000000000000e+00 1.203038301122905385e-01 1.753759287273752576e-01
4.150000000000000000e+02 3.404316028942530603e-01 7.010773462284454471e-02 0.000000000000000000e+00 0.000000000000000000e+00 1.288753069847406174e-01 1.610191654003079176e-01
4.200000000000000000e+02 3.255958798322769465e-01 7.261274090803207515e-02 0.000000000000000000e+00 0.000000000000000000e+00 1.217078171240248419e-01 1.495232662875431995e-01
4.250000000000000000e+02 3.208334545285355666e-01 1.777832822685432024e-01 0.000000000000000000e+00 0.000000000000000000e+00 1.955691632171620842e-01 9.123579628610307968e-02
4.300000000000000000e+02 1.363423209592124763e-01 3.498657272272114871e-01 0.000000000000000000e+00 1.000000000000000000e+00 1.131986274337065668e-01 1.096227006203712301e-01
4.350000000000000000e+02 3.046623453155276051e-01 2.142311699895829979e-01 0.000000000000000000e+00 0.000000000000000000e+00 1.168509851575244007e-01 1.514924796264837670e-01
4.400000000000000000e+02 1.799968327975505766e-01 3.280569704013434063e-01 0.000000000000000000e+00 0.000000000000000000e+00 1.701384983713094545e-01 1.645440487957496589e-01
4.450000000000000000e+02 3.279710378071942212e-01 3.810686121235849766e-02 0.000000000000000000e+00 0.000000000000000000e+00 2.122532514668145076e-01 1.422364938620330199e-01
4.500000000000000000e+02 2.446076551772402574e-01 1.515074345425093949e-01 0.000000000000000000e+00 0.000000000000000000e+00 1.223749265523888796e-01 9.633970971295802155e-02
4.550000000000000000e+02 3.313962979716839063e-01 1.162834890292645806e-01 1.000000000000000000e+00 0.000000000000000000e+00 9.181612205164746410e-02 1.525276038244426369e-01
4.600000000000000000e+02 2.958279492114715969e-01 1.600481537837261604e-04 0.000000000000000000e+00 0.000000000000000000e+00 1.168158026365173907e-01 1.154856623158508414e-02
4.650000000000000000e+02 3.747225948721936706e-01 2.820662289041596660e-01 0.000000000000000000e+00 0.000000000000000000e+00 1.477905128628813902e-01 1.183306489470515310e-01
4.700000000000000000e+02 2.047717773041063671e-01 9.389953509157492051e-02 0.000000000000000000e+00 0.000000000000000000e+00 1.309289193582666988e-01 1.175712274654486938e-01
4.750000000000000000e+02 4.523561752265335412e-01 3.794719117823016075e-01 1.000000000000000000e+00 0.000000000000000000e+00 1.454155062230525486e-01 1.531543560875064103e-01
4.800000000000000000e+02 3.911143066918790767e-01 2.576400040867855568e-01 1.000000000000000000e+00 0.000000000000000000e+00 1.134253560145500328e-01 2.303891228209357933e-01
4.850000000000000000e+02 2.419951395718375475e-01 2.318357777249163421e-01 0.000000000000000000e+00 0.000000000000000000e+00 2.120668925655530834e-01 1.396524873065401462e-01
4.900000000000000000e+02 1.152202344114585247e-01 9.538531785297574284e-02 0.000000000000000000e+00 0.000000000000000000e+00 8.652889832986528085e-02 1.426223866218046532e-01
4.950000000000000000e+02 1.636749273724715792e-01 4.237946385602762156e-01 0.000000000000000000e+00 1.000000000000000000e+00 1.181000954314724016e-01 1.060323100611788721e-01
5.000000000000000000e+02 2.222085843573804453e-01 1.088322758133441620e-01 0.000000000000000000e+00 0.000000000000000000e+00 1.217036389390046824e-01 1.632650645347906437e-01
5.050000000000000000e+02 2.941423841169733544e-01 2.911495913811362191e-01 0.000000000000000000e+00 0.000000000000000000e+00 1.316806937633535068e-01 1.374354672580695991e-01
5.100000000000000000e+02 2.317261736927471172e-01 3.369179021990104661e-01 1.000000000000000000e+00 0.000000000000000000e+00 6.305209659399269029e-02 1.738138957310813859e-01
5.150000000000000000e+02 3.399828355411028125e-01 2.679961775244193989e-01 1.000000000000000000e+00 0.000000000000000000e+00 8.553593956744225124e-02 1.520186633869630433e-01
5.200000000000000000e+02 2.344853747535694255e-01 2.962359341562669224e-01 0.000000000000000000e+00 0.000000000000000000e+00 1.211370238037271091e-01 1.511706677145862876e-01
5.250000000000000000e+02 3.055588507695977674e-01 2.018007411691599695e-01 1.000000000000000000e+00 0.000000000000000000e+00 9.047010815929494576e-02 1.752297602280343813e-01
5.300000000000000000e+02 2.956129593383490795e-01 9.102868653080915806e-02 0.000000000000000000e+00 0.000000000000000000e+00 1.306820753441617078e-01 1.570556237158741986e-01
5.350000000000000000e+02 1.176290711237856224e-01 1.060703629915240864e-01 0.000000000000000000e+00 0.000000000000000000e+00 9.256010419122176480e-02 1.219692230223386464e-01
5.400000000000000000e+02 2.699484590798584271e-01 2.718369308898621606e-01 0.000000000000000000e+00 0.000000000000000000e+00 1.648222014663928980e-01 1.215760858309512943e-01
5.450000000000000000e+02 4.212042040501541296e-01 1.853830103882228297e-01 1.000000000000000000e+00 0.000000000000000000e+00 1.152095997070211875e-01 1.356634502043059520e-01
5.500000000000000000e+02 2.269021251715065135e-01 2.852061478515196535e-01 0.000000000000000000e+00 0.000000000000000000e+00 1.022699285843107070e-01 1.728039493509882507e-01
5.550000000000000000e+02 3.768069991230191818e-01 1.410722271646736303e-01 1.000000000000000000e+00 0.000000000000000000e+00 1.254905048655287625e-01 8.580407196098928380e-02
5.600000000000000000e+02 1.370390529057427531e-01 1.464111880797052401e-01 0.000000000000000000e+00 0.000000000000000000e+00 8.795036263551142541e-02 1.406747901197341888e-01
5.650000000000000000e+02 1.994580277230263710e-01 6.312011702402933744e-02 0.000000000000000000e+00 0.000000000000000000e+00 1.548278655664065973e-01 8.722747928450079458e-02
5.700000000000000000e+02 1.071521022031268477e-01 2.406040497257431188e-01 0.000000000000000000e+00 0.000000000000000000e+00 1.111100417047044403e-01 1.395176958522200139e-01
5.750000000000000000e+02 1.341039990169615170e-01 1.302642629623817772e-01 0.000000000000000000e+00 0.000000000000000000e+00 8.997825589828313542e-02 1.467991058280070649e-01
5.800000000000000000e+02 2.295893786287958593e-01 0.000000000000000000e+00 0.000000000000000000e+00 0.000000000000000000e+00 1.284173794952913061e-01 0.000000000000000000e+00
5.850000000000000000e+02 1.060320138564908865e-01 9.333695517335298397e-02 0.000000000000000000e+00 0.000000000000000000e+00 1.338818124455178893e-01 8.853673945293487335e-02
5.900000000000000000e+02 2.453704267649790549e-01 2.841365048770025381e-01 0.000000000000000000e+00 0.000000000000000000e+00 1.190848236054148773e-01 1.884178057835872167e-01
5.950000000000000000e+02 3.267039875030232077e-01 1.016111818376781023e-01 1.000000000000000000e+00 0.000000000000000000e+00 1.061545460233967453e-01 1.153383498436356541e-01
6.000000000000000000e+02 3.689572077164330333e-01 1.372126869595298171e-01 1.000000000000000000e+00 0.000000000000000000e+00 1.177637193918832093e-01 9.678806720531102359e-02
6.050000000000000000e+02 2.331222903959074277e-01 4.643141932354308971e-02 0.000000000000000000e+00 0.000000000000000000e+00 1.620613681800469330e-01 1.490407062825602202e-01
6.100000000000000000e+02 2.106561042226959002e-01 0.000000000000000000e+00 0.000000000000000000e+00 0.000000000000000000e+00 9.061151038517832601e-02 0.000000000000000000e+00
6.150000000000000000e+02 2.010114655010984686e-01 2.168374273433745780e-01 0.000000000000000000e+00 0.000000000000000000e+00 1.429922065564060984e-01 9.933939958118606639e-02
6.200000000000000000e+02 4.418126605010858077e-01 2.068046694014771258e-01 0.000000000000000000e+00 0.000000000000000000e+00 1.627256149237523430e-01 1.763737979398972144e-01
6.250000000000000000e+02 3.822420125356410514e-01 4.360051305536426502e-01 0.000000000000000000e+00 1.000000000000000000e+00 1.424651112810765285e-01 1.329287208538251497e-01
6.300000000000000000e+02 1.456123390766653203e-01 2.729011208942312416e-01 0.000000000000000000e+00 0.000000000000000000e+00 8.491779987874936708e-02 2.104860276384352968e-01
6.350000000000000000e+02 2.185118231792896604e-01 2.460869837880686750e-01 0.000000000000000000e+00 0.000000000000000000e+00 1.479890603000185156e-01 1.455903159291904447e-01
6.400000000000000000e+02 1.230034050204358298e-01 2.983132787895659832e-01 0.000000000000000000e+00 0.000000000000000000e+00 8.957368385238878572e-02 1.929769561131362832e-01
6.450000000000000000e+02 1.351342526270711830e-01 2.360855118752768766e-01 0.000000000000000000e+00 0.000000000000000000e+00 1.345490379865228181e-01 1.649578193071579157e-01
6.500000000000000000e+02 2.793473984674862409e-01 1.777455366348965754e-02 0.000000000000000000e+00 0.000000000000000000e+00 1.444516079058791869e-01 9.342863489284254641e-02
6.550000000000000000e+02 1.236175256122148403e-01 4.717953542132492101e-02 0.000000000000000000e+00 0.000000000000000000e+00 1.105533958637905378e-01 1.201053828253950267e-01
6.600000000000000000e+02 1.727729651612580908e-01 0.000000000000000000e+00 0.000000000000000000e+00 0.000000000000000000e+00 1.134875189533153389e-01 0.000000000000000000e+00
6.650000000000000000e+02 2.114176836368811541e-01 2.239043496769527464e-01 0.000000000000000000e+00 0.000000000000000000e+00 1.133790726151909650e-01 1.539784189227202671e-01
6.700000000000000000e+02 1.291726513290652190e-01 0.000000000000000000e+00 0.000000000000000000e+00 0.000000000000000000e+00 6.123698313755847333e-02 0.000000000000000000e+00
6.750000000000000000e+02 3.373423289982720452e-01 1.781841173301007553e-02 0.000000000000000000e+00 0.000000000000000000e+00 1.713048252956136108e-01 4.833244578521761481e-02
6.800000000000000000e+02 2.918241958409061310e-01 1.483841751139844400e-01 0.000000000000000000e+00 0.000000000000000000e+00 1.105728670655312940e-01 1.289965863681598879e-01
6.850000000000000000e+02 2.717610847160680243e-01 1.636659198696910900e-01 1.000000000000000000e+00 0.000000000000000000e+00 7.941776265928814083e-02 1.189565333948438414e-01
6.900000000000000000e+02 1.415701340412916509e-01 3.271121168039011623e-02 0.000000000000000000e+00 0.000000000000000000e+00 8.821233302608379179e-02 1.607330053791879154e-01
6.950000000000000000e+02 2.095102603377650696e-01 0.000000000000000000e+00 0.000000000000000000e+00 0.000000000000000000e+00 1.189052620336668448e-01 0.000000000000000000e+00
7.000000000000000000e+02 1.648029933610902220e-01 1.584112730696116828e-02 0.000000000000000000e+00 0.000000000000000000e+00 1.505772513989360462e-01 2.105850494387543625e-01
7.050000000000000000e+02 3.195253445279921944e-01 0.000000000000000000e+00 0.000000000000000000e+00 0.000000000000000000e+00 1.289155120974821433e-01 0.000000000000000000e+00
7.100000000000000000e+02 1.657592712279972180e-01 1.866867290085032563e-02 0.000000000000000000e+00 0.000000000000000000e+00 8.374560608499798109e-02 1.593160564400744328e-01
7.150000000000000000e+02 2.010935664908092002e-01 2.963654088792605501e-01 0.000000000000000000e+00 0.000000000000000000e+00 1.011619042858722534e-01 1.289155223429315211e-01
7.200000000000000000e+02 2.009068240072141853e-01 0.000000000000000000e+00 0.000000000000000000e+00 0.000000000000000000e+00 1.327779743289793646e-01 0.000000000000000000e+00
7.250000000000000000e+02 6.421835408366298459e-02 1.165570289256559339e-01 0.000000000000000000e+00 0.000000000000000000e+00 7.983341523767625847e-02 7.738528375719248842e-02
7.300000000000000000e+02 1.262510707165724333e-01 2.936995975371835960e-02 0.000000000000000000e+00 0.000000000000000000e+00 1.298047638009199312e-01 1.431310993026431166e-01
7.350000000000000000e+02 7.480173960609567962e-02 3.180621380075818877e-02 0.000000000000000000e+00 0.000000000000000000e+00 1.150256133929822844e-01 1.895852130834712879e-01
7.400000000000000000e+02 1.951894208334648551e-01 0.000000000000000000e+00 0.000000000000000000e+00 0.000000000000000000e+00 1.139237666229018231e-01 0.000000000000000000e+00
7.450000000000000000e+02 3.627257620265714744e-01 7.456948890425812992e-02 1.000000000000000000e+00 0.000000000000000000e+00 1.271013565967502312e-01 8.779465202185567085e-02
7.500000000000000000e+02 2.227154180389269433e-01 0.000000000000000000e+00 0.000000000000000000e+00 0.000000000000000000e+00 1.495615445163490376e-01 0.000000000000000000e+00
7.550000000000000000e+02 1.866398961859970229e-01 8.796558124159896408e-02 0.000000000000000000e+00 0.000000000000000000e+00 1.151833279461746962e-01 9.654312902679688946e-02
7.600000000000000000e+02 1.358960274931908518e-01 1.062857426212268919e-01 0.000000000000000000e+00 0.000000000000000000e+00 1.107436586752573865e-01 7.877516710144197298e-02
7.650000000000000000e+02 1.919997504864446036e-01 5.957351146563070327e-02 0.000000000000000000e+00 0.000000000000000000e+00 1.755631111017629808e-01 1.055077366707728587e-01
7.700000000000000000e+02 7.531300619663591767e-02 2.517243243519591278e-01 0.000000000000000000e+00 0.000000000000000000e+00 1.281993457233502887e-01 9.678433749293929855e-02
7.750000000000000000e+02 2.518076421722104802e-02 4.387387670052147332e-02 0.000000000000000000e+00 0.000000000000000000e+00 1.142792780440682471e-01 1.548811918573656243e-01
7.800000000000000000e+02 1.505888127712232960e-01 1.895325977880508161e-01 0.000000000000000000e+00 0.000000000000000000e+00 9.395734433962450727e-02 1.042935041529638174e-01
7.850000000000000000e+02 1.322589561053385820e-01 1.699004059400995026e-03 0.000000000000000000e+00 0.000000000000000000e+00 1.155797977831957979e-01 1.058183332055930882e-02
7.900000000000000000e+02 2.455717430929068440e-02 1.256807672563516921e-02 0.000000000000000000e+00 0.000000000000000000e+00 4.332043389712552511e-02 1.447170523345504278e-01
7.950000000000000000e+02 5.352286874283551654e-02 5.846866889055892663e-02 0.000000000000000000e+00 0.000000000000000000e+00 6.062337955952742247e-02 1.186063529823599555e-01
8.000000000000000000e+02 5.095055118652145644e-03 1.902655143807167326e-01 0.000000000000000000e+00 0.000000000000000000e+00 5.815690401407216589e-03 1.448297263172006744e-01
8.050000000000000000e+02 1.822867828031439763e-01 7.846078065886123720e-02 0.000000000000000000e+00 0.000000000000000000e+00 1.453884188548571488e-01 1.209395670754440932e-01
8.100000000000000000e+02 3.944590365830445700e-02 1.301489671293409311e-01 0.000000000000000000e+00 0.000000000000000000e+00 1.588562150110848781e-01 1.230244623966971762e-01
8.150000000000000000e+02 1.615417014290373710e-01 8.847488011901441518e-02 0.000000000000000000e+00 0.000000000000000000e+00 1.169719836421641151e-01 1.090928236961780512e-01
8.200000000000000000e+02 5.241645032303735279e-04 0.000000000000000000e+00 0.000000000000000000e+00 0.000000000000000000e+00 1.178535275669105034e-03 0.000000000000000000e+00
8.250000000000000000e+02 2.157412481117444436e-01 1.413201021131056320e-02 0.000000000000000000e+00 0.000000000000000000e+00 1.081890105162179039e-01 9.581583774075765059e-02
8.300000000000000000e+02 8.449371333235923542e-02 0.000000000000000000e+00 0.000000000000000000e+00 0.000000000000000000e+00 8.529599999383467857e-02 0.000000000000000000e+00
8.350000000000000000e+02 1.659890023026255879e-01 1.491811920109345768e-01 0.000000000000000000e+00 0.000000000000000000e+00 9.316794547069306986e-02 1.224274196675344262e-01
8.400000000000000000e+02 1.441940873330781470e-01 1.100415242377926345e-01 0.000000000000000000e+00 0.000000000000000000e+00 1.493229266031785851e-01 7.237441836067884382e-02
8.450000000000000000e+02 2.361061423571068352e-01 1.421948252042818939e-01 1.000000000000000000e+00 0.000000000000000000e+00 7.084872093512593894e-02 1.574359667847750888e-01
8.500000000000000000e+02 2.126726487810780830e-01 0.000000000000000000e+00 0.000000000000000000e+00 0.000000000000000000e+00 1.439620141763299221e-01 0.000000000000000000e+00
8.550000000000000000e+02 3.404286266519348514e-01 0.000000000000000000e+00 0.000000000000000000e+00 0.000000000000000000e+00 1.261038312399267725e-01 0.000000000000000000e+00
8.600000000000000000e+02 3.279945255182669106e-01 1.394820635247256413e-01 1.000000000000000000e+00 0.000000000000000000e+00 1.065106209110095042e-01 1.026015723597340362e-01
8.650000000000000000e+02 9.072178287382903772e-02 9.375887750722000646e-02 0.000000000000000000e+00 0.000000000000000000e+00 1.241112889139768666e-01 1.439107340536273094e-01
8.700000000000000000e+02 2.494898630580832111e-01 8.594017531138282984e-02 0.000000000000000000e+00 0.000000000000000000e+00 1.311195280534352414e-01 7.910997914846258638e-02
8.750000000000000000e+02 8.059482053320797534e-02 7.328558813710568665e-02 0.000000000000000000e+00 0.000000000000000000e+00 6.822625005873617088e-02 1.677586495415421264e-01
8.800000000000000000e+02 1.442747715227134520e-01 0.000000000000000000e+00 0.000000000000000000e+00 0.000000000000000000e+00 1.284216775523976950e-01 0.000000000000000000e+00
8.850000000000000000e+02 2.646597912635169636e-01 9.060253862913716927e-02 0.000000000000000000e+00 0.000000000000000000e+00 1.146341633773138302e-01 1.293549391830677853e-01
8.900000000000000000e+02 7.873995440705827686e-02 4.644866010448443078e-02 0.000000000000000000e+00 0.000000000000000000e+00 1.231849713098652904e-01 1.288730177432562685e-01
8.950000000000000000e+02 1.585667507326608827e-01 1.390432023477065557e-02 0.000000000000000000e+00 0.000000000000000000e+00 9.574105374531595436e-02 8.255127392566952160e-02
9.000000000000000000e+02 1.660854843212977161e-01 0.000000000000000000e+00 0.000000000000000000e+00 0.000000000000000000e+00 1.126848541565015072e-01 0.000000000000000000e+00
9.050000000000000000e+02 1.075343329480827198e-01 2.106995660568581064e-01 0.000000000000000000e+00 0.000000000000000000e+00 1.446488244966384895e-01 2.020812312679539924e-01
9.100000000000000000e+02 2.146158121097657343e-02 1.952989191843881867e-01 0.000000000000000000e+00 0.000000000000000000e+00 1.353742837699627444e-01 9.456569410391364727e-02
9.150000000000000000e+02 2.186503219068636761e-01 3.144503335204226237e-03 0.000000000000000000e+00 0.000000000000000000e+00 1.159308108798166315e-01 7.097106286728247643e-03
9.200000000000000000e+02 2.647745451995828225e-01 0.000000000000000000e+00 0.000000000000000000e+00 0.000000000000000000e+00 2.196986369270241823e-01 0.000000000000000000e+00
9.250000000000000000e+02 2.418454038336281253e-01 6.235278316619983358e-02 0.000000000000000000e+00 0.000000000000000000e+00 1.315227317481441061e-01 1.320103870761511200e-01
9.300000000000000000e+02 0.000000000000000000e+00 0.000000000000000000e+00 0.000000000000000000e+00 0.000000000000000000e+00 0.000000000000000000e+00 0.000000000000000000e+00
9.350000000000000000e+02 3.694693282326138358e-03 0.000000000000000000e+00 0.000000000000000000e+00 0.000000000000000000e+00 2.902970205313324444e-03 0.000000000000000000e+00
9.400000000000000000e+02 6.065539868630506065e-02 8.532527647560442241e-02 0.000000000000000000e+00 0.000000000000000000e+00 6.326642847052008078e-02 9.275397114275929500e-02
9.450000000000000000e+02 3.819399982059627774e-02 6.311433233910165863e-02 0.000000000000000000e+00 0.000000000000000000e+00 4.754633756420428153e-02 1.057427293322196760e-01
9.500000000000000000e+02 2.643780405091092356e-01 0.000000000000000000e+00 0.000000000000000000e+00 0.000000000000000000e+00 1.631142874560527478e-01 0.000000000000000000e+00
9.550000000000000000e+02 1.225980808470757966e-01 1.413385242704899292e-01 0.000000000000000000e+00 0.000000000000000000e+00 2.344798691892966969e-01 2.314028718367376891e-01
9.600000000000000000e+02 3.372011205528627209e-02 1.259499585733072358e-01 0.000000000000000000e+00 0.000000000000000000e+00 1.705776903116553167e-01 7.405739193586553804e-02
9.650000000000000000e+02 9.531055360623083561e-02 6.459453943788581731e-02 0.000000000000000000e+00 0.000000000000000000e+00 9.493184063859928801e-02 8.320181309387478241e-02
9.700000000000000000e+02 3.521377863796131269e-01 4.425436609319392811e-02 0.000000000000000000e+00 0.000000000000000000e+00 1.447365894804920616e-01 1.051064201347847032e-01
9.750000000000000000e+02 1.311303010410160841e-01 0.000000000000000000e+00 0.000000000000000000e+00 0.000000000000000000e+00 1.640352571560564909e-01 0.000000000000000000e+00
9.800000000000000000e+02 2.946022638689535511e-01 1.119781280464786227e-01 0.000000000000000000e+00 0.000000000000000000e+00 1.773547419695811755e-01 8.319019693140072835e-02
9.850000000000000000e+02 9.652547049114940450e-03 0.000000000000000000e+00 0.000000000000000000e+00 0.000000000000000000e+00 7.675447190592564473e-02 0.000000000000000000e+00
9.900000000000000000e+02 1.350616582715328529e-01 2.222876811752790699e-02 0.000000000000000000e+00 0.000000000000000000e+00 1.426156988787074809e-01 1.266046359982346547e-01
9.950000000000000000e+02 5.979904152924823968e-02 2.387123041113335675e-01 0.000000000000000000e+00 0.000000000000000000e+00 1.176106028641836915e-01 1.279753288304310010e-01
