0.000000000000000000e+00 0.000000000000000000e+00 0.000000000000000000e+00 0.000000000000000000e+00 0.000000000000000000e+00 0.000000000000000000e+00 0.000000000000000000e+00
5.000000000000000000e+00 8.204911533410852442e-01 4.532599905519527073e-01 1.000000000000000000e+00 1.000000000000000000e+00 2.328393058608475286e-01 1.076879463392177161e-01
1.000000000000000000e+01 8.963643666441820645e-01 2.353097756019836562e-01 1.000000000000000000e+00 0.000000000000000000e+00 2.361603724596106624e-01 1.258643316486268149e-01
1.500000000000000000e+01 9.095248682724769163e-01 3.203999367689960853e-01 1.000000000000000000e+00 0.000000000000000000e+00 2.465751919786456359e-01 1.514433862346824533e-01
2.000000000000000000e+01 7.795607308318595052e-01 2.933524973722402840e-01 1.000000000000000000e+00 1.000000000000000000e+00 2.464091494499463242e-01 6.773575433691114700e-02
2.500000000000000000e+01 8.194165671701900688e-01 1.646123856575974487e-01 1.000000000000000000e+00 0.000000000000000000e+00 1.965979239142758572e-01 1.387547080101700914e-01
3.000000000000000000e+01 8.475809024462523933e-01 3.469738688364224499e-01 1.000000000000000000e+00 1.000000000000000000e+00 1.413031666931854891e-01 6.300436132653536303e-02
3.500000000000000000e+01 9.453069325615262031e-01 1.112996963493096680e-01 1.000000000000000000e+00 0.000000000000000000e+00 1.856950526904190268e-01 1.003433195877730250e-01
4.000000000000000000e+01 7.987144375928811879e-01 1.754491564422704097e-01 1.000000000000000000e+00 0.000000000000000000e+00 1.744674331027578351e-01 1.521188292377092521e-01
4.500000000000000000e+01 6.131387156161294261e-01 9.481540187735841563e-02 1.000000000000000000e+00 0.000000000000000000e+00 1.342499217314797599e-01 8.232185912682896123e-02
5.000000000000000000e+01 6.236009038986951580e-01 1.556588501528067270e-01 1.000000000000000000e+00 0.000000000000000000e+00 1.658346058520084321e-01 1.069879842301652284e-01
5.500000000000000000e+01 1.022833975254599181e+00 2.524188422861429193e-01 1.000000000000000000e+00 0.000000000000000000e+00 2.377174216145876984e-01 9.004624677246415854e-02
6.000000000000000000e+01 8.316632414595908074e-01 2.783748086283333034e-01 1.000000000000000000e+00 0.000000000000000000e+00 2.155250439767837922e-01 1.659601600481447337e-01
6.500000000000000000e+01 6.125888073053068483e-01 2.237304517785245195e-01 1.000000000000000000e+00 1.000000000000000000e+00 1.937702194574820180e-01 7.650476974133071928e-02
7.000000000000000000e+01 6.756215617711767152e-01 2.997063714230605025e-01 1.000000000000000000e+00 0.000000000000000000e+00 1.812454495809208144e-01 1.161320350328473860e-01
7.500000000000000000e+01 7.407838231836783027e-01 1.810267690555890374e-01 1.000000000000000000e+00 0.000000000000000000e+00 1.982229839561743256e-01 1.496136682378484128e-01
8.000000000000000000e+01 5.720402562568123184e-01 1.140447474112421256e-01 1.000000000000000000e+00 0.000000000000000000e+00 1.399887358063259535e-01 1.421638746485446581e-01
8.500000000000000000e+01 5.294981683209967205e-01 2.658607237143713609e-01 1.000000000000000000e+00 0.000000000000000000e+00 1.255778395851677998e-01 1.551157491283949585e-01
9.000000000000000000e+01 5.567775611636134325e-01 7.822826898101382931e-02 1.000000000000000000e+00 0.000000000000000000e+00 1.867373252745269385e-01 9.994218121332530680e-02
9.500000000000000000e+01 6.998062305550820650e-01 5.657496181086344583e-02 1.000000000000000000e+00 0.000000000000000000e+00 1.797477380835760807e-01 7.363687820298570053e-02
1.000000000000000000e+02 6.333725657971545075e-01 8.553021783767010555e-03 1.000000000000000000e+00 0.000000000000000000e+00 2.128875298979250041e-01 9.220418951796288676e-03
1.050000000000000000e+02 5.923074690466039183e-01 4.119627762452505171e-01 0.000000000000000000e+00 1.000000000000000000e+00 2.141903134097074557e-01 1.194843318304713853e-01
1.100000000000000000e+02 6.587986056479069319e-01 1.525734724224273031e-01 1.000000000000000000e+00 0.000000000000000000e+00 1.375489710514153918e-01 1.497465590304268290e-01
1.150000000000000000e+02 6.130864483390768838e-01 2.280157651555846654e-01 1.000000000000000000e+00 0.000000000000000000e+00 1.777967529664809809e-01 1.289297752178467926e-01
1.200000000000000000e+02 5.748551380456099480e-01 2.317008510853123260e-01 1.000000000000000000e+00 0.000000000000000000e+00 1.885136408466205060e-01 1.239201310768299202e-01
1.250000000000000000e+02 5.747087140996345322e-01 1.810870729029210591e-01 1.000000000000000000e+00 1.000000000000000000e+00 1.465688880508229375e-01 4.911702817075060123e-02
1.300000000000000000e+02 4.777338590918027705e-01 2.116386817208028570e-01 1.000000000000000000e+00 0.000000000000000000e+00 1.262380676507983690e-01 1.584002971314032449e-01
1.350000000000000000e+02 5.771716255199712542e-01 2.084018982623379868e-01 1.000000000000000000e+00 0.000000000000000000e+00 1.650195001501204572e-01 1.246532158772016841e-01
1.400000000000000000e+02 5.233847980745617301e-01 4.559844485088819510e-02 1.000000000000000000e+00 0.000000000000000000e+00 1.379784371295464662e-01 8.608967625471725116e-02
1.450000000000000000e+02 6.467871712399584361e-01 1.424401819650942813e-01 1.000000000000000000e+00 0.000000000000000000e+00 1.093453400131139397e-01 1.098658533932176107e-01
1.500000000000000000e+02 4.485649407149204793e-01 1.064974411287352429e-01 1.000000000000000000e+00 0.000000000000000000e+00 9.962710944147484815e-02 1.416702023801935661e-01
1.550000000000000000e+02 6.476552487556240800e-01 5.837292362209977291e-03 1.000000000000000000e+00 0.000000000000000000e+00 1.748674666918479392e-01 3.790533488350689324e-03
1.600000000000000000e+02 5.300510615208320342e-01 1.629496129430864082e-01 1.000000000000000000e+00 0.000000000000000000e+00 1.842292350622473096e-01 1.025256483538426050e-01
1.650000000000000000e+02 5.425530237981129877e-01 2.037712032715227328e-01 1.000000000000000000e+00 0.000000000000000000e+00 1.749973295837513876e-01 1.212097742812356382e-01
1.700000000000000000e+02 4.010375092066708613e-01 1.551014863132874622e-01 0.000000000000000000e+00 0.000000000000000000e+00 1.534326738407450763e-01 8.370959140629799511e-02
1.750000000000000000e+02 5.298701848170125350e-01 2.136977268263055285e-01 1.000000000000000000e+00 0.000000000000000000e+00 1.403330494835611231e-01 1.145511804786472632e-01
1.800000000000000000e+02 4.270567396884039080e-01 8.706494243852092030e-02 0.000000000000000000e+00 0.000000000000000000e+00 1.852000379419141141e-01 1.623174825136896593e-01
1.850000000000000000e+02 6.266283778803957150e-01 8.529473564203195191e-02 1.000000000000000000e+00 0.000000000000000000e+00 1.442948060532883714e-01 1.389318904043721770e-01
1.900000000000000000e+02 5.247355712567608466e-01 1.624970936175871850e-01 1.000000000000000000e+00 0.000000000000000000e+00 9.823855444958086436e-02 2.135024012845439523e-01
1.950000000000000000e+02 5.843507849553757350e-01 7.605827548388138792e-02 1.000000000000000000e+00 0.000000000000000000e+00 1.793985001240922250e-01 1.764928285979187883e-01
2.000000000000000000e+02 6.102091203648496442e-01 9.182502078473575580e-02 1.000000000000000000e+00 0.000000000000000000e+00 1.956699892527308804e-01 1.125253773743437880e-01
2.050000000000000000e+02 4.093295755132184688e-01 3.997394759323315006e-01 0.000000000000000000e+00 1.000000000000000000e+00 1.825960495683340568e-01 1.002260380000275647e-01
2.100000000000000000e+02 5.606102343163129609e-01 2.521655375199338134e-01 1.000000000000000000e+00 0.000000000000000000e+00 1.601475929286867161e-01 1.739836643844528685e-01
2.150000000000000000e+02 5.655798007907122393e-01 2.040047712552775505e-01 1.000000000000000000e+00 0.000000000000000000e+00 1.381671389238902647e-01 1.473457657863071757e-01
2.200000000000000000e+02 3.023079569561691882e-01 1.861700172766933004e-01 0.000000000000000000e+00 0.000000000000000000e+00 1.273974402435176512e-01 1.031142123313353448e-01
2.250000000000000000e+02 6.115078877351158848e-01 1.999042083217167365e-01 1.000000000000000000e+00 0.000000000000000000e+00 1.736324026979189639e-01 8.057377141763891193e-02
2.300000000000000000e+02 4.455169862361724742e-01 3.501000052151251873e-01 1.000000000000000000e+00 1.000000000000000000e+00 1.302950911389505750e-01 9.169445490036537416e-02
2.350000000000000000e+02 5.080965638359254966e-01 3.193161361422042210e-01 1.000000000000000000e+00 1.000000000000000000e+00 1.407433824809468659e-01 6.778033452595656760e-02
2.400000000000000000e+02 4.839614623294395956e-01 1.832092098812155290e-01 1.000000000000000000e+00 0.000000000000000000e+00 1.671549500326724724e-01 1.688593194844449918e-01
2.450000000000000000e+02 5.014330910605903080e-01 1.473820738365475003e-01 0.000000000000000000e+00 0.000000000000000000e+00 1.997293929485163821e-01 1.433657997846234655e-01
2.500000000000000000e+02 3.702294009898659533e-01 3.798729091650868694e-01 0.000000000000000000e+00 1.000000000000000000e+00 1.577354296698172398e-01 1.198983534194731915e-01
2.550000000000000000e+02 4.623872719087794292e-01 1.267782591489796384e-01 1.000000000000000000e+00 0.000000000000000000e+00 1.363320451641276687e-01 1.298521313876027650e-01
2.600000000000000000e+02 4.482196542685941698e-01 6.371598285770167965e-03 0.000000000000000000e+00 0.000000000000000000e+00 2.294927462027685217e-01 4.117075249278308487e-03
2.650000000000000000e+02 4.227086895847467218e-01 1.983190586157577151e-01 1.000000000000000000e+00 0.000000000000000000e+00 1.411670387863779574e-01 1.047421490133783606e-01
2.700000000000000000e+02 5.502400319561226993e-01 0.000000000000000000e+00 1.000000000000000000e+00 0.000000000000000000e+00 1.603960941508156268e-01 0.000000000000000000e+00
2.750000000000000000e+02 6.057789635809084361e-01 8.039284026449369791e-02 1.000000000000000000e+00 0.000000000000000000e+00 1.599749109208437603e-01 1.626750170477508917e-01
2.800000000000000000e+02 5.384676833093194892e-01 1.371470700322846570e-01 1.000000000000000000e+00 0.000000000000000000e+00 1.554367439989734756e-01 9.807098440753182766e-02
2.850000000000000000e+02 3.567557660495016547e-01 1.981620086936864145e-01 0.000000000000000000e+00 0.000000000000000000e+00 1.517028900292739790e-01 1.218768804461799332e-01
2.900000000000000000e+02 4.493417870351348320e-01 1.678191592588842290e-02 1.000000000000000000e+00 0.000000000000000000e+00 1.295583051760157423e-01 1.406752020093489375e-01
2.950000000000000000e+02 6.205902740384751093e-01 1.506439660264523306e-01 1.000000000000000000e+00 0.000000000000000000e+00 1.593755723946320424e-01 1.006150260497766791e-01
3.000000000000000000e+02 3.649448111384485660e-01 0.000000000000000000e+00 0.000000000000000000e+00 0.000000000000000000e+00 1.834332322650240599e-01 0.000000000000000000e+00
3.050000000000000000e+02 4.289691051667682276e-01 2.316366050346315153e-01 0.000000000000000000e+00 0.000000000000000000e+00 1.780235287051818438e-01 1.023218195245430007e-01
3.100000000000000000e+02 4.770022545131903380e-01 1.701499472176482841e-01 1.000000000000000000e+00 0.000000000000000000e+00 1.104247763299335133e-01 1.011215260940837857e-01
3.150000000000000000e+02 5.522873747456690241e-01 1.435980897611032758e-01 1.000000000000000000e+00 0.000000000000000000e+00 1.225754239231683640e-01 1.786748385880709555e-01
3.200000000000000000e+02 3.456013641674832160e-01 5.978245067173836025e-02 0.000000000000000000e+00 0.000000000000000000e+00 1.280720857735820617e-01 8.467881677552956121e-02
3.250000000000000000e+02 4.878510171335980194e-01 1.668351451765350268e-01 1.000000000000000000e+00 0.000000000000000000e+00 1.334124997941242841e-01 1.403722777323602455e-01
3.300000000000000000e+02 3.142479028072778791e-01 1.379350135788778853e-01 1.000000000000000000e+00 0.000000000000000000e+00 8.481695638715576469e-02 1.418220861299424596e-01
3.350000000000000000e+02 4.561288961339204917e-01 3.378841889102595086e-01 0.000000000000000000e+00 1.000000000000000000e+00 1.942185564189092273e-01 6.914109317498799701e-02
3.400000000000000000e+02 2.867625776969453533e-01 1.693839773410190930e-01 0.000000000000000000e+00 0.000000000000000000e+00 1.789093065671905070e-01 1.750273402337284567e-01
3.450000000000000000e+02 4.628647419960087994e-01 7.629490159094567958e-02 1.000000000000000000e+00 0.000000000000000000e+00 1.632384210273368774e-01 7.989646337099501339e-02
3.500000000000000000e+02 3.405275337174102912e-01 6.492642795978072201e-02 0.000000000000000000e+00 0.000000000000000000e+00 1.273540770813953171e-01 1.281253824858073209e-01
3.550000000000000000e+02 4.851716668459861159e-01 1.781571194624773091e-01 0.000000000000000000e+00 0.000000000000000000e+00 1.888549228921818646e-01 1.117603813312419980e-01
3.600000000000000000e+02 4.890789481355801160e-01 5.455940022152870605e-02 1.000000000000000000e+00 0.000000000000000000e+00 1.677206836179095106e-01 9.914434378039140017e-02
3.650000000000000000e+02 3.256097622680796944e-01 1.115662458955191116e-01 0.000000000000000000e+00 0.000000000000000000e+00 1.260983230726753779e-01 1.135273784727331564e-01
3.700000000000000000e+02 5.374173263156865055e-01 1.081770359812968402e-01 1.000000000000000000e+00 0.000000000000000000e+00 1.239113543359668668e-01 9.946419410569293240e-02
3.750000000000000000e+02 5.915200712131862826e-01 1.583616915126702940e-01 1.000000000000000000e+00 0.000000000000000000e+00 1.767995463257353572e-01 8.407891171129897034e-02
3.800000000000000000e+02 3.319486037169456227e-01 2.148437733928308668e-01 0.000000000000000000e+00 0.000000000000000000e+00 1.837255182472506132e-01 9.964309389231333636e-02
3.850000000000000000e+02 2.629212394534242159e-01 4.456023400147998137e-01 1.000000000000000000e+00 1.000000000000000000e+00 8.324732233105842927e-02 1.433311623293501702e-01
3.900000000000000000e+02 2.791204919917227856e-01 2.429413198657555673e-01 0.000000000000000000e+00 0.000000000000000000e+00 1.453134365909576342e-01 1.809236896371085312e-01
3.950000000000000000e+02 4.585704618087711459e-01 2.239688440938080727e-01 1.000000000000000000e+00 0.000000000000000000e+00 1.611319798885137433e-01 1.456743703619184926e-01
4.000000000000000000e+02 4.267310293153707690e-01 9.480973789818648856e-02 1.000000000000000000e+00 0.000000000000000000e+00 1.465709042928416694e-01 1.601593289551255794e-01
4.050000000000000000e+02 2.553081261553097336e-01 3.102057404422268183e-01 0.000000000000000000e+00 0.000000000000000000e+00 1.288107750147539643e-01 1.654267847322379581e-01
4.100000000000000000e+02 2.500983392317678300e-01 4.135805657950356040e-01 0.000000000000000000e+00 0.000000000000000000e+00 1.409788784898738656e-01 1.780026876607474218e-01
4.150000000000000000e+02 2.245502660092241753e-01 1.419332452922852372e-01 0.000000000000000000e+00 0.000000000000000000e+00 1.071109258347901216e-01 1.607348206923748246e-01
4.200000000000000000e+02 3.747819889772502910e-01 1.098747781032893833e-02 1.000000000000000000e+00 0.000000000000000000e+00 1.282641389987409231e-01 1.643213528837720039e-01
4.250000000000000000e+02 3.534448323010290771e-01 1.873600244981772911e-01 0.000000000000000000e+00 0.000000000000000000e+00 1.451196605971376841e-01 1.544437116865000348e-01
4.300000000000000000e+02 2.464045103115369562e-01 3.142350799746672640e-01 0.000000000000000000e+00 0.000000000000000000e+00 1.218834189164753751e-01 1.980173190977830289e-01
4.350000000000000000e+02 6.002929997237844706e-01 9.769267503685725995e-02 1.000000000000000000e+00 0.000000000000000000e+00 9.387132276068507752e-02 5.074915695566752788e-02
4.400000000000000000e+02 4.652414411299967689e-01 2.888066062438017223e-01 0.000000000000000000e+00 0.000000000000000000e+00 1.950094883051348704e-01 1.424187796056970989e-01
4.450000000000000000e+02 5.385902804618571960e-01 1.673133907071135962e-01 1.000000000000000000e+00 0.000000000000000000e+00 1.317132668133881856e-01 1.324714179846068762e-01
4.500000000000000000e+02 3.214145991494151144e-01 1.729401971679520311e-01 1.000000000000000000e+00 0.000000000000000000e+00 1.028824472139036189e-01 7.720072071554560933e-02
4.550000000000000000e+02 4.240607014609961700e-01 7.883007024639585025e-02 0.000000000000000000e+00 0.000000000000000000e+00 2.273244715030729168e-01 1.412610954410594422e-01
4.600000000000000000e+02 3.488547912463277889e-01 1.021674053818331096e-01 0.000000000000000000e+00 0.000000000000000000e+00 1.363678648120630332e-01 1.266806869972923466e-01
4.650000000000000000e+02 3.052409734743348757e-01 4.020006012893249658e-01 0.000000000000000000e+00 1.000000000000000000e+00 1.930437865757477500e-01 1.064499751846453568e-01
4.700000000000000000e+02 2.924396872403479675e-01 1.882043629275209073e-01 0.000000000000000000e+00 0.000000000000000000e+00 1.172243285126916140e-01 8.212805309987679381e-02
4.750000000000000000e+02 4.767040223975559377e-01 1.313859349779137875e-01 0.000000000000000000e+00 0.000000000000000000e+00 1.975025920731339202e-01 1.556769501292616376e-01
4.800000000000000000e+02 2.905117344821916969e-01 1.904821756796771515e-01 0.000000000000000000e+00 0.000000000000000000e+00 1.162613556783582691e-01 1.036152870388422076e-01
4.850000000000000000e+02 1.278344325514933211e-01 1.411396975629168327e-01 0.000000000000000000e+00 0.000000000000000000e+00 1.210533832263805121e-01 8.744679452687904864e-02
4.900000000000000000e+02 2.032997316691381173e-01 1.428653786005453785e-01 0.000000000000000000e+00 0.000000000000000000e+00 1.635109182859416366e-01 1.079864504053944380e-01
4.950000000000000000e+02 2.402077141743192423e-01 2.630497076025585246e-01 0.000000000000000000e+00 0.000000000000000000e+00 1.497707155650155053e-01 1.321562006167483205e-01
5.000000000000000000e+02 2.422741028256094609e-01 3.960844754927917571e-02 0.000000000000000000e+00 0.000000000000000000e+00 1.183505902649214236e-01 3.172598512492379869e-02
5.050000000000000000e+02 3.878861535459034449e-01 4.450898956234358161e-01 1.000000000000000000e+00 1.000000000000000000e+00 1.329668142410688481e-01 1.562588773213708093e-01
5.100000000000000000e+02 1.943901312581903240e-01 4.606338403902679457e-01 0.000000000000000000e+00 1.000000000000000000e+00 1.563154335347773649e-01 1.071224227754557778e-01
5.150000000000000000e+02 3.476154095988487347e-01 2.818824622907500355e-01 0.000000000000000000e+00 0.000000000000000000e+00 1.782145132680812150e-01 1.382439669245035807e-01
5.200000000000000000e+02 4.437558709664248258e-01 2.356594225894736161e-01 0.000000000000000000e+00 1.000000000000000000e+00 1.794950777169965761e-01 6.917125860599462883e-02
5.250000000000000000e+02 1.587374143921987391e-01 1.738334093693170157e-01 0.000000000000000000e+00 0.000000000000000000e+00 1.322314409550507941e-01 1.416653532003502580e-01
5.300000000000000000e+02 3.181301524108180456e-01 3.514225494947974537e-01 1.000000000000000000e+00 1.000000000000000000e+00 1.083614997807547664e-01 1.092866042441419661e-01
5.350000000000000000e+02 4.641758196111432921e-01 2.085595634835950007e-01 1.000000000000000000e+00 0.000000000000000000e+00 9.691620824472325924e-02 1.678461768326847681e-01
5.400000000000000000e+02 3.446211321967491692e-01 2.193391002029667636e-01 0.000000000000000000e+00 0.000000000000000000e+00 2.291480857838756324e-01 1.528456223696392224e-01
5.450000000000000000e+02 4.611908807157659718e-01 9.991728994339559022e-02 1.000000000000000000e+00 0.000000000000000000e+00 1.253559851032416961e-01 1.155777924832996073e-01
5.500000000000000000e+02 1.914702207148650248e-01 1.568032214006138125e-01 0.000000000000000000e+00 0.000000000000000000e+00 9.886462459085267052e-02 1.862712953233515434e-01
5.550000000000000000e+02 4.001261625700094915e-01 1.423447446774911973e-01 0.000000000000000000e+00 0.000000000000000000e+00 2.234160716741921959e-01 1.674511253750964324e-01
5.600000000000000000e+02 3.541347641249606437e-01 3.159389881964799751e-01 0.000000000000000000e+00 0.000000000000000000e+00 1.321749408203378440e-01 1.968027244718731916e-01
5.650000000000000000e+02 4.082071634140861383e-01 2.589578064396791945e-01 0.000000000000000000e+00 0.000000000000000000e+00 1.929974425936056004e-01 1.275916570127172134e-01
5.700000000000000000e+02 3.417664648787189230e-01 3.275255986447976886e-01 0.000000000000000000e+00 0.000000000000000000e+00 1.352237806369213924e-01 1.314570547152960067e-01
5.750000000000000000e+02 1.803331726211646058e-01 1.527026826576408092e-01 0.000000000000000000e+00 0.000000000000000000e+00 1.644856708735374096e-01 1.135334920389182156e-01
5.800000000000000000e+02 2.091978588349334700e-01 5.278184898792494251e-02 0.000000000000000000e+00 0.000000000000000000e+00 2.168498692276492334e-01 1.026810557838418320e-01
5.850000000000000000e+02 2.903394560134294200e-01 1.785216698481482678e-01 0.000000000000000000e+00 0.000000000000000000e+00 1.052221141806639199e-01 1.817746586763566707e-01
5.900000000000000000e+02 7.139777328370283671e-02 3.366996770939688632e-01 0.000000000000000000e+00 0.000000000000000000e+00 9.328975412115945998e-02 1.745707133432154168e-01
5.950000000000000000e+02 2.208995387203439853e-01 2.593512385475849613e-01 0.000000000000000000e+00 0.000000000000000000e+00 1.646937832099741039e-01 1.601905686611686808e-01
6.000000000000000000e+02 2.270649364313385432e-01 1.926152168668967823e-01 0.000000000000000000e+00 0.000000000000000000e+00 1.204676411408966835e-01 1.083182030384274991e-01
6.050000000000000000e+02 1.915006598788182024e-01 1.729835365745540365e-01 0.000000000000000000e+00 0.000000000000000000e+00 1.151785700871350571e-01 1.686316294052573883e-01
6.100000000000000000e+02 9.679409006901770751e-02 4.809370122168034334e-02 0.000000000000000000e+00 0.000000000000000000e+00 1.246096144261751304e-01 4.928653463274842300e-02
6.150000000000000000e+02 3.009192090923323848e-01 2.699455026569657634e-01 0.000000000000000000e+00 0.000000000000000000e+00 1.828471659427698126e-01 1.067426407160855656e-01
6.200000000000000000e+02 1.845189476561240605e-01 1.955752730970020392e-01 0.000000000000000000e+00 0.000000000000000000e+00 1.374582634171425954e-01 1.842000877063514341e-01
6.250000000000000000e+02 1.920702612616295712e-01 5.534367991873727632e-01 0.000000000000000000e+00 1.000000000000000000e+00 1.146361888778407723e-01 1.032908054023830430e-01
6.300000000000000000e+02 2.799418363710460267e-01 1.658890499105739047e-01 0.000000000000000000e+00 0.000000000000000000e+00 1.074060493260663718e-01 1.459552556699021952e-01
6.350000000000000000e+02 3.222249717792364798e-01 4.679198013645194942e-01 0.000000000000000000e+00 1.000000000000000000e+00 1.672082318432865367e-01 1.121006936375731622e-01
6.400000000000000000e+02 5.766587872727388930e-01 2.239858496646144614e-01 0.000000000000000000e+00 0.000000000000000000e+00 2.273323195563486110e-01 1.144545260231627642e-01
6.450000000000000000e+02 1.681288705240427950e-01 1.086593048130349154e-01 0.000000000000000000e+00 0.000000000000000000e+00 1.554368026326801433e-01 1.286804154266391331e-01
6.500000000000000000e+02 2.262611897066774680e-01 1.557982816302264650e-01 0.000000000000000000e+00 0.000000000000000000e+00 1.807017206202807813e-01 1.381476793497113664e-01
6.550000000000000000e+02 1.982059475061970777e-01 2.194351541302148600e-01 0.000000000000000000e+00 0.000000000000000000e+00 1.360574185654534474e-01 8.538403619796341992e-02
6.600000000000000000e+02 2.127578647482918639e-01 1.062287362491561894e-02 0.000000000000000000e+00 0.000000000000000000e+00 1.065408509198683962e-01 1.147376974349522544e-01
6.650000000000000000e+02 1.148862899262761417e-01 1.463869330968056159e-01 0.000000000000000000e+00 0.000000000000000000e+00 1.292607491552408838e-01 7.280336432814006609e-02
6.700000000000000000e+02 1.786779939881768531e-01 1.641734926968063668e-01 0.000000000000000000e+00 0.000000000000000000e+00 1.587924114528177222e-01 7.414892681309784295e-02
6.750000000000000000e+02 3.597343831025973104e-01 1.137671785202780672e-01 1.000000000000000000e+00 0.000000000000000000e+00 1.236708546991854840e-01 1.211010869663333017e-01
6.800000000000000000e+02 1.260402106431873503e-01 1.559665598708616929e-01 0.000000000000000000e+00 0.000000000000000000e+00 9.110111563769483778e-02 5.685863882263018226e-02
6.850000000000000000e+02 1.842206267362979655e-01 1.880794969892633783e-01 0.000000000000000000e+00 0.000000000000000000e+00 1.056566386072766289e-01 1.224132675733592829e-01
6.900000000000000000e+02 1.280158731148093032e-01 1.391460133490375339e-01 0.000000000000000000e+00 0.000000000000000000e+00 6.954397368342925267e-02 7.839435905502785407e-02
6.950000000000000000e+02 6.451551786602124916e-02 1.229057741536456333e-01 0.000000000000000000e+00 0.000000000000000000e+00 9.426267706319316209e-02 1.106429994451924997e-01
7.000000000000000000e+02 1.739364376511635391e-01 5.749618178290684389e-02 0.000000000000000000e+00 0.000000000000000000e+00 9.719853516348730960e-02 8.777684677815253411e-02
7.050000000000000000e+02 2.296880072214781410e-01 1.108212257414713797e-01 0.000000000000000000e+00 0.000000000000000000e+00 1.018212378230414772e-01 1.039362797161045154e-01
7.100000000000000000e+02 2.836676435385284134e-01 1.221828587763146567e-01 0.000000000000000000e+00 0.000000000000000000e+00 1.685571846372089788e-01 6.819214619362527763e-02
7.150000000000000000e+02 3.028056784165172322e-01 2.200819937335571075e-01 0.000000000000000000e+00 0.000000000000000000e+00 1.383001438138605210e-01 8.141156562993534518e-02
7.200000000000000000e+02 2.731809316420102940e-01 1.542328829159601289e-01 0.000000000000000000e+00 0.000000000000000000e+00 1.290012036188876443e-01 8.688222540989831710e-02
7.250000000000000000e+02 1.495099170171669267e-01 1.583100851931705522e-01 0.000000000000000000e+00 0.000000000000000000e+00 1.413634321872681843e-01 6.579734414496163364e-02
7.300000000000000000e+02 1.018226102935821109e-01 1.870675282063933298e-01 0.000000000000000000e+00 0.000000000000000000e+00 1.309058024730558600e-01 1.610162923234745858e-01
7.350000000000000000e+02 3.208509014594473352e-01 1.554291291822052501e-01 0.000000000000000000e+00 0.000000000000000000e+00 1.238051122947240873e-01 8.755332046373692778e-02
7.400000000000000000e+02 8.393814381534771274e-02 1.278079717879059829e-01 0.000000000000000000e+00 0.000000000000000000e+00 1.149616339882713889e-01 8.166488638662852684e-02
7.450000000000000000e+02 1.525309628650804439e-01 2.046763153870435059e-01 0.000000000000000000e+00 0.000000000000000000e+00 1.412266894189004030e-01 9.611865155043509967e-02
7.500000000000000000e+02 2.473322332177754213e-01 1.374115929885733611e-01 0.000000000000000000e+00 0.000000000000000000e+00 1.600387681339724422e-01 1.007474904412478944e-01
7.550000000000000000e+02 1.642449263737774667e-01 1.321889485201416248e-01 0.000000000000000000e+00 0.000000000000000000e+00 1.507155271262360097e-01 9.215810940878618740e-02
7.600000000000000000e+02 3.004660811152221056e-01 2.594674133875344291e-01 1.000000000000000000e+00 0.000000000000000000e+00 1.013540631491553767e-01 9.734498588175413691e-02
7.650000000000000000e+02 2.659293066601520761e-01 1.520583042710887955e-01 0.000000000000000000e+00 0.000000000000000000e+00 1.187875113622598594e-01 1.415529618101842302e-01
7.700000000000000000e+02 3.687215044391156660e-01 9.037216477926032776e-02 0.000000000000000000e+00 0.000000000000000000e+00 2.061132292431429036e-01 5.980579497576545694e-02
7.750000000000000000e+02 1.414734685918698498e-01 2.611859997843367087e-01 0.000000000000000000e+00 0.000000000000000000e+00 6.353138197985962188e-02 1.804237627724599169e-01
7.800000000000000000e+02 1.436970828136242828e-01 2.313432670754200782e-01 0.000000000000000000e+00 1.000000000000000000e+00 6.724502777696438061e-02 6.108293901682926991e-02
7.850000000000000000e+02 1.514439818990163666e-01 0.000000000000000000e+00 0.000000000000000000e+00 0.000000000000000000e+00 1.139595099741654988e-01 0.000000000000000000e+00
7.900000000000000000e+02 1.660422957785477327e-01 1.615621943639912461e-01 0.000000000000000000e+00 0.000000000000000000e+00 1.265650662607506471e-01 1.399921040315301179e-01
7.950000000000000000e+02 4.326201490816934669e-02 1.741733897269566456e-01 0.000000000000000000e+00 0.000000000000000000e+00 1.170601937106626883e-01 1.594495121306201135e-01
8.000000000000000000e+02 2.139051553132444161e-01 2.025418501001257920e-01 0.000000000000000000e+00 0.000000000000000000e+00 8.456580114016809535e-02 1.015433616296540914e-01
8.050000000000000000e+02 4.584975679160094991e-02 0.000000000000000000e+00 0.000000000000000000e+00 0.000000000000000000e+00 1.170151296172536048e-01 0.000000000000000000e+00
8.100000000000000000e+02 1.754612345738353896e-01 8.751541188385955627e-02 0.000000000000000000e+00 0.000000000000000000e+00 8.202107136600912674e-02 1.017733324777925774e-01
8.150000000000000000e+02 6.113413703314633102e-02 9.394405468360189637e-02 0.000000000000000000e+00 0.000000000000000000e+00 4.726267198565776290e-02 7.898001537330844035e-02
8.200000000000000000e+02 2.911905518749011712e-01 5.282922784594729082e-02 0.000000000000000000e+00 0.000000000000000000e+00 1.506659639697169040e-01 7.993584890590502146e-02
8.250000000000000000e+02 3.176580342630540288e-02 2.349712226603030418e-01 0.000000000000000000e+00 0.000000000000000000e+00 3.609147510770083223e-02 1.322211888587585815e-01
8.300000000000000000e+02 5.582878186925205322e-02 1.201113097459236834e-01 0.000000000000000000e+00 0.000000000000000000e+00 7.441312038107525395e-02 7.501779940504711697e-02
8.350000000000000000e+02 1.435812676261493392e-01 2.834075623622268614e-01 0.000000000000000000e+00 0.000000000000000000e+00 1.940487258505821100e-01 1.719128188943138957e-01
8.400000000000000000e+02 1.543201416913439761e-01 1.461891686504228072e-01 0.000000000000000000e+00 0.000000000000000000e+00 1.507031777757985580e-01 1.035458692412237341e-01
8.450000000000000000e+02 1.643843276052756692e-03 9.598101521399549085e-02 0.000000000000000000e+00 0.000000000000000000e+00 1.432673415352958210e-02 8.800709850898513764e-02
8.500000000000000000e+02 1.889006427712313155e-02 9.410186174359166933e-02 0.000000000000000000e+00 0.000000000000000000e+00 4.258894735711854507e-02 9.520382682953093534e-02
8.550000000000000000e+02 1.068336262641326031e-03 4.760194268749620011e-02 0.000000000000000000e+00 0.000000000000000000e+00 3.864455913603995554e-03 8.057460247320562263e-02
8.600000000000000000e+02 5.544730548980845303e-02 2.137682547322348192e-01 0.000000000000000000e+00 0.000000000000000000e+00 5.509387521713981356e-02 1.230117609191157396e-01
8.650000000000000000e+02 3.272238609061234316e-01 2.188667003404994316e-01 0.000000000000000000e+00 0.000000000000000000e+00 1.952485217513367788e-01 8.463827971616380563e-02
8.700000000000000000e+02 5.170950296402598845e-02 2.581387237286071890e-01 0.000000000000000000e+00 0.000000000000000000e+00 1.604096130867638526e-01 1.224628963558402617e-01
8.750000000000000000e+02 1.829538375640893388e-01 2.032677280418738464e-01 0.000000000000000000e+00 0.000000000000000000e+00 1.844857201645692946e-01 1.128198988364940425e-01
8.800000000000000000e+02 4.405493516328408410e-02 5.640015579614041791e-02 0.000000000000000000e+00 0.000000000000000000e+00 8.651126176786022581e-02 9.399911481574187155e-02
8.850000000000000000e+02 1.741238345200538939e-01 8.739675956458305139e-02 0.000000000000000000e+00 0.000000000000000000e+00 1.377991980033451969e-01 5.272923953894122218e-02
8.900000000000000000e+02 2.322373322552289954e-01 5.272950277974371852e-02 0.000000000000000000e+00 0.000000000000000000e+00 1.252015271602320845e-01 1.048045096943723414e-01
8.950000000000000000e+02 2.265798613434421571e-01 1.847973368367748781e-01 0.000000000000000000e+00 0.000000000000000000e+00 1.966260688298956949e-01 1.233846178295802676e-01
9.000000000000000000e+02 3.060633380139671234e-01 5.034182106888653724e-02 1.000000000000000000e+00 0.000000000000000000e+00 9.585426668035755549e-02 4.747552223634101537e-02
9.050000000000000000e+02 3.032111374331525073e-03 2.254523611189347965e-01 0.000000000000000000e+00 1.000000000000000000e+00 1.174577372395996418e-02 6.545101823593363344e-02
9.100000000000000000e+02 6.048720175938950699e-02 9.533298317015045931e-02 0.000000000000000000e+00 0.000000000000000000e+00 1.807370411250090458e-01 1.276952708939609604e-01
9.150000000000000000e+02 1.180641904031881628e-01 1.371699418400453840e-01 0.000000000000000000e+00 0.000000000000000000e+00 1.426827350117881865e-01 6.099210519844967121e-02
9.200000000000000000e+02 8.555729859863749065e-02 0.000000000000000000e+00 0.000000000000000000e+00 0.000000000000000000e+00 1.117648254920606127e-01 0.000000000000000000e+00
9.250000000000000000e+02 1.930349448473055521e-02 3.268354389234688628e-02 0.000000000000000000e+00 0.000000000000000000e+00 1.401819806922005862e-01 4.134295375208012907e-02
9.300000000000000000e+02 1.592836077916057469e-01 4.402492163857981561e-02 0.000000000000000000e+00 0.000000000000000000e+00 8.146047452120935839e-02 9.987531864837767559e-02
9.350000000000000000e+02 4.218244042458499377e-01 0.000000000000000000e+00 0.000000000000000000e+00 0.000000000000000000e+00 1.814263870274909762e-01 0.000000000000000000e+00
9.400000000000000000e+02 1.082872022354338382e-01 7.584863305994901661e-02 0.000000000000000000e+00 0.000000000000000000e+00 9.786963638234885687e-02 8.791768190212419232e-02
9.450000000000000000e+02 3.280421888014329324e-01 4.220652049677168366e-02 1.000000000000000000e+00 0.000000000000000000e+00 1.065204965849799734e-01 4.005115433082960530e-02
9.500000000000000000e+02 1.422662204911459560e-01 0.000000000000000000e+00 0.000000000000000000e+00 0.000000000000000000e+00 1.384220032033688375e-01 0.000000000000000000e+00
9.550000000000000000e+02 2.253427934308271374e-01 3.995563880316062993e-02 0.000000000000000000e+00 0.000000000000000000e+00 1.371585368454507625e-01 7.592768942650539310e-02
9.600000000000000000e+02 1.216813095038948161e-02 1.381068319836256386e-01 0.000000000000000000e+00 0.000000000000000000e+00 1.581067672318220776e-02 9.407693280016619919e-02
9.650000000000000000e+02 1.505172690733602159e-01 3.753714160866285926e-02 0.000000000000000000e+00 0.000000000000000000e+00 1.497945854834673296e-01 6.054904460081153572e-02
9.700000000000000000e+02 1.670370804173786639e-01 2.149462827226058387e-02 0.000000000000000000e+00 0.000000000000000000e+00 1.802764869620582799e-01 1.545573371690239783e-01
9.750000000000000000e+02 6.176551314210015908e-02 1.893364369359057664e-01 0.000000000000000000e+00 0.000000000000000000e+00 1.232727247854061708e-01 1.386147855360535253e-01
9.800000000000000000e+02 1.453664459095451167e-01 1.431775026840795273e-01 0.000000000000000000e+00 0.000000000000000000e+00 8.605248999628056783e-02 6.638747798553572277e-02
9.850000000000000000e+02 1.659867541720531636e-01 0.000000000000000000e+00 0.000000000000000000e+00 0.000000000000000000e+00 1.283187482275889579e-01 0.000000000000000000e+00
9.900000000000000000e+02 3.978700582284999676e-03 3.193593741626860050e-02 0.000000000000000000e+00 0.000000000000000000e+00 3.384553274777502008e-02 1.320627967968750205e-01
9.950000000000000000e+02 4.209999671352191442e-01 6.486623333976379580e-02 1.000000000000000000e+00 0.000000000000000000e+00 1.087797516786487839e-01 1.343271160349475968e-01
