0.000000000000000000e+00 0.000000000000000000e+00 0.000000000000000000e+00 0.000000000000000000e+00 0.000000000000000000e+00 0.000000000000000000e+00 0.000000000000000000e+00
5.000000000000000000e+00 1.003190602525038999e+00 2.561745538677632217e-01 1.000000000000000000e+00 0.000000000000000000e+00 2.712052547138220082e-01 1.800201458612751271e-01
1.000000000000000000e+01 7.879635975954120131e-01 2.795899105574215504e-01 1.000000000000000000e+00 0.000000000000000000e+00 2.303956000548658956e-01 1.376007409599061260e-01
1.500000000000000000e+01 1.021211681282953254e+00 1.568101494065372026e-01 1.000000000000000000e+00 0.000000000000000000e+00 2.510641358413638335e-01 8.267923325064224782e-02
2.000000000000000000e+01 7.730597151877264261e-01 2.128713065552487738e-01 1.000000000000000000e+00 0.000000000000000000e+00 2.195214843106046143e-01 1.123735447109189961e-01
2.500000000000000000e+01 9.182306282744667758e-01 3.469286102594496546e-01 1.000000000000000000e+00 1.000000000000000000e+00 2.200421695774198438e-01 9.915351458353668934e-02
3.000000000000000000e+01 7.294334418932527653e-01 1.986134473277811341e-01 1.000000000000000000e+00 0.000000000000000000e+00 2.115956587633219255e-01 1.771861233039189742e-01
3.500000000000000000e+01 8.271066442384782391e-01 7.654726652786446317e-02 1.000000000000000000e+00 0.000000000000000000e+00 2.208380400792312181e-01 1.169969771105923706e-01
4.000000000000000000e+01 6.950310588031453074e-01 3.860305379867111641e-01 1.000000000000000000e+00 1.000000000000000000e+00 2.001655136685652481e-01 1.359623413815932436e-01
4.500000000000000000e+01 7.851094097967569185e-01 1.529638857823893139e-01 1.000000000000000000e+00 0.000000000000000000e+00 1.713353672893143109e-01 1.553665289118286164e-01
5.000000000000000000e+01 8.073910222348363863e-01 4.065659602740325229e-01 1.000000000000000000e+00 1.000000000000000000e+00 2.220462296830110482e-01 1.155059270323560705e-01
5.500000000000000000e+01 9.203672784224329328e-01 1.001431442806291344e-01 1.000000000000000000e+00 0.000000000000000000e+00 2.230361618609388863e-01 1.168422227872504687e-01
6.000000000000000000e+01 7.610702373170261659e-01 2.101993073783801069e-01 1.000000000000000000e+00 0.000000000000000000e+00 1.834535096201346527e-01 1.644461101429136041e-01
6.500000000000000000e+01 6.540700597273617634e-01 2.496428525192074255e-01 1.000000000000000000e+00 0.000000000000000000e+00 1.521685200707352525e-01 1.129061833152968097e-01
7.000000000000000000e+01 9.825334564125096648e-01 2.159667323038464148e-01 1.000000000000000000e+00 0.000000000000000000e+00 2.572405248277412904e-01 1.117647082433045475e-01
7.500000000000000000e+01 7.637527898444477215e-01 3.241215359166340071e-01 1.000000000000000000e+00 0.000000000000000000e+00 2.247284036937231833e-01 1.410631407539119364e-01
8.000000000000000000e+01 7.164382524032345545e-01 1.641398632190581297e-01 1.000000000000000000e+00 0.000000000000000000e+00 2.038836796940828311e-01 1.261887574060679140e-01
8.500000000000000000e+01 7.809964037047593122e-01 1.791648658142318551e-01 1.000000000000000000e+00 0.000000000000000000e+00 2.037544679612442455e-01 1.794491224171672616e-01
9.000000000000000000e+01 7.324963435554363578e-01 1.272923365521912986e-01 1.000000000000000000e+00 0.000000000000000000e+00 2.205630385248553982e-01 1.063313747076968241e-01
9.500000000000000000e+01 6.577955200764019628e-01 6.841105073129162550e-02 0.000000000000000000e+00 0.000000000000000000e+00 2.389890415070704266e-01 6.486141280850198088e-02
1.000000000000000000e+02 7.334627264601292218e-01 2.378514170149548801e-01 1.000000000000000000e+00 0.000000000000000000e+00 2.473234226924365675e-01 1.059357685622796946e-01
1.050000000000000000e+02 9.367495214795769076e-01 1.693267426862041236e-01 1.000000000000000000e+00 0.000000000000000000e+00 2.317038020836176548e-01 1.160553450091008493e-01
1.100000000000000000e+02 7.118214783340002239e-01 1.284169746730551842e-01 1.000000000000000000e+00 0.000000000000000000e+00 1.734228802568276162e-01 1.085807329161922880e-01
1.150000000000000000e+02 7.160374397365868449e-01 2.479885848759370293e-01 1.000000000000000000e+00 0.000000000000000000e+00 2.417913851495905320e-01 1.377550905243875023e-01
1.200000000000000000e+02 6.598000660299613296e-01 2.159428985293757874e-01 1.000000000000000000e+00 0.000000000000000000e+00 2.266799602017902926e-01 9.288467031945885077e-02
1.250000000000000000e+02 8.497521209299762068e-01 2.053932515713375595e-01 1.000000000000000000e+00 1.000000000000000000e+00 2.117479157159182501e-01 6.169221479968412664e-02
1.300000000000000000e+02 6.645753722481223535e-01 2.633503350037124102e-01 0.000000000000000000e+00 0.000000000000000000e+00 2.399007496286215679e-01 1.260624762685176592e-01
1.350000000000000000e+02 5.155748737990428765e-01 1.105263426157718082e-01 1.000000000000000000e+00 0.000000000000000000e+00 1.593033002555453714e-01 8.194570595447124572e-02
1.400000000000000000e+02 5.703545627943367169e-01 8.867996499370846275e-02 1.000000000000000000e+00 0.000000000000000000e+00 1.868505026121190793e-01 5.392551125101729265e-02
1.450000000000000000e+02 6.333930552789424073e-01 1.089567449329546384e-01 1.000000000000000000e+00 0.000000000000000000e+00 2.060658050343670833e-01 8.975303275602386499e-02
1.500000000000000000e+02 5.366414846666718308e-01 1.645529104879961124e-01 0.000000000000000000e+00 0.000000000000000000e+00 2.146833893192799936e-01 7.651717669240644393e-02
1.550000000000000000e+02 6.599213000831911646e-01 8.577030174622701786e-02 0.000000000000000000e+00 0.000000000000000000e+00 2.352986839007283337e-01 4.750790333953509165e-02
1.600000000000000000e+02 5.945931639685990699e-01 1.138115697219911349e-01 0.000000000000000000e+00 0.000000000000000000e+00 2.226924105408618904e-01 9.183045020503205480e-02
1.650000000000000000e+02 7.633937028960071647e-01 3.245552543858790662e-01 1.000000000000000000e+00 0.000000000000000000e+00 1.739192866428031503e-01 1.499920405990320393e-01
1.700000000000000000e+02 4.961283690152494819e-01 6.322536238789608354e-02 0.000000000000000000e+00 0.000000000000000000e+00 2.060644157756731376e-01 1.945067823862458856e-01
1.750000000000000000e+02 8.827487662825659331e-01 3.526052735819657502e-01 1.000000000000000000e+00 1.000000000000000000e+00 2.130389025548451720e-01 8.698079590143882600e-02
1.800000000000000000e+02 7.245689409892830390e-01 1.941436572270110739e-01 1.000000000000000000e+00 0.000000000000000000e+00 1.858416482838424477e-01 9.924706642383451793e-02
1.850000000000000000e+02 7.133320156408714530e-01 3.519054166169270810e-03 1.000000000000000000e+00 0.000000000000000000e+00 1.866348776770125617e-01 5.735234688049363656e-03
1.900000000000000000e+02 6.249578982153488615e-01 2.761333816135905783e-01 1.000000000000000000e+00 0.000000000000000000e+00 1.602950379939285797e-01 1.665035088762202298e-01
1.950000000000000000e+02 6.576300435837190150e-01 2.414911036383450837e-01 1.000000000000000000e+00 0.000000000000000000e+00 2.068292477395432261e-01 1.573052407111944218e-01
2.000000000000000000e+02 5.777600756388470149e-01 8.412409804264046886e-02 1.000000000000000000e+00 0.000000000000000000e+00 1.491606830664213568e-01 1.241456309753880272e-01
2.050000000000000000e+02 6.301851401603988378e-01 3.502268126676479354e-01 1.000000000000000000e+00 1.000000000000000000e+00 1.487977124955228991e-01 1.122770509641174280e-01
2.100000000000000000e+02 6.982854895902186332e-01 2.108945504988271880e-01 1.000000000000000000e+00 0.000000000000000000e+00 1.663211468783565850e-01 1.449978578751101310e-01
2.150000000000000000e+02 6.993164512488324602e-01 1.614785448926206457e-01 1.000000000000000000e+00 0.000000000000000000e+00 1.555925086106232091e-01 1.121702013786819579e-01
2.200000000000000000e+02 6.630816215118162660e-01 1.551541022937391323e-01 1.000000000000000000e+00 0.000000000000000000e+00 2.231571673433795644e-01 1.056398708611216430e-01
2.250000000000000000e+02 5.243038829877268991e-01 1.272772812186477309e-01 1.000000000000000000e+00 0.000000000000000000e+00 1.803527037622313922e-01 9.034542689773085444e-02
2.300000000000000000e+02 5.407898592933167992e-01 1.109802028062757823e-01 1.000000000000000000e+00 0.000000000000000000e+00 1.426859668307620954e-01 1.310566024305866994e-01
2.350000000000000000e+02 5.498323272730302191e-01 2.852739403297759324e-01 1.000000000000000000e+00 0.000000000000000000e+00 1.534263838032452754e-01 1.380708172847142090e-01
2.400000000000000000e+02 6.578845392580348062e-01 1.765254375130100029e-01 1.000000000000000000e+00 0.000000000000000000e+00 1.849878311353752858e-01 1.402000813615806307e-01
2.450000000000000000e+02 5.282478210551244668e-01 5.725594063697832248e-02 0.000000000000000000e+00 0.000000000000000000e+00 2.209931792686280760e-01 8.222104915503193612e-02
2.500000000000000000e+02 6.644207328557791836e-01 3.700953803997747427e-01 1.000000000000000000e+00 0.000000000000000000e+00 1.672969358698589704e-01 2.344593006265592861e-01
2.550000000000000000e+02 5.006460772233969347e-01 1.242026285674232289e-01 0.000000000000000000e+00 0.000000000000000000e+00 1.912115809162135693e-01 8.172961586022386982e-02
2.600000000000000000e+02 6.830157571015964546e-01 5.677446181261943010e-03 1.000000000000000000e+00 0.000000000000000000e+00 1.951823915758227612e-01 5.343640218123295663e-03
2.650000000000000000e+02 4.891664867467840905e-01 6.061778167607134726e-02 1.000000000000000000e+00 0.000000000000000000e+00 1.439669462207451844e-01 1.276162568223228877e-01
2.700000000000000000e+02 5.774406303117520789e-01 1.474417017994896807e-02 1.000000000000000000e+00 0.000000000000000000e+00 1.760147278897357115e-01 7.017150725954475476e-02
2.750000000000000000e+02 4.677592460374997430e-01 2.720780526818888934e-01 1.000000000000000000e+00 0.000000000000000000e+00 1.594570220534078098e-01 1.220814963081377214e-01
2.800000000000000000e+02 4.042552238056149605e-01 7.679862914137118579e-02 0.000000000000000000e+00 0.000000000000000000e+00 1.816465529706065007e-01 7.280492936944235605e-02
2.850000000000000000e+02 4.554048594574052200e-01 1.080010483624550821e-01 0.000000000000000000e+00 0.000000000000000000e+00 2.346163958136776861e-01 2.011658899950016788e-01
2.900000000000000000e+02 5.913021360748119681e-01 2.031655182357096356e-01 1.000000000000000000e+00 0.000000000000000000e+00 1.169559113170765968e-01 1.747244840423432255e-01
2.950000000000000000e+02 5.386016164079380220e-01 7.323896842303939669e-02 0.000000000000000000e+00 0.000000000000000000e+00 2.166276483495998550e-01 1.709921474755839166e-01
3.000000000000000000e+02 4.391241218074393160e-01 1.405188305453080599e-01 1.000000000000000000e+00 0.000000000000000000e+00 1.467888201144520177e-01 6.941793005606267108e-02
3.050000000000000000e+02 5.079483810035211322e-01 2.788066749772836195e-01 1.000000000000000000e+00 0.000000000000000000e+00 1.571477326942717911e-01 1.438892524053450306e-01
3.100000000000000000e+02 4.749660621879620015e-01 2.745455133339164688e-01 0.000000000000000000e+00 0.000000000000000000e+00 2.141482612556556142e-01 1.943653171621314291e-01
3.150000000000000000e+02 5.004589040597446914e-01 1.147000159323908336e-01 0.000000000000000000e+00 0.000000000000000000e+00 1.936645770028258273e-01 1.088264756221603707e-01
3.200000000000000000e+02 4.566249332174832642e-01 1.307906294201355013e-01 1.000000000000000000e+00 0.000000000000000000e+00 1.116147191036485908e-01 1.100524846873591756e-01
3.250000000000000000e+02 5.176350151633395402e-01 2.368188328291943034e-01 1.000000000000000000e+00 0.000000000000000000e+00 1.129109195297973017e-01 1.523783363042835737e-01
3.300000000000000000e+02 5.598354972099295335e-01 2.057719699912931299e-01 1.000000000000000000e+00 0.000000000000000000e+00 1.856854726430246239e-01 1.128112027778278847e-01
3.350000000000000000e+02 5.204152222911243575e-01 4.059130705346921109e-01 1.000000000000000000e+00 1.000000000000000000e+00 1.367254155899771950e-01 1.036074417184061208e-01
3.400000000000000000e+02 6.410070411478006047e-01 2.279178139796304292e-01 1.000000000000000000e+00 0.000000000000000000e+00 1.215903717829384251e-01 1.026613129781240585e-01
3.450000000000000000e+02 4.531891970904017297e-01 2.071373843691482752e-01 1.000000000000000000e+00 0.000000000000000000e+00 1.471378622392139346e-01 1.176234613783451871e-01
3.500000000000000000e+02 4.777957950040920276e-01 0.000000000000000000e+00 1.000000000000000000e+00 0.000000000000000000e+00 1.493561217552592801e-01 0.000000000000000000e+00
3.550000000000000000e+02 5.465849863557308286e-01 1.197164058245135665e-01 1.000000000000000000e+00 0.000000000000000000e+00 1.597606128450000662e-01 1.500067865984229254e-01
3.600000000000000000e+02 3.990455649060778986e-01 3.042073971220312159e-02 0.000000000000000000e+00 0.000000000000000000e+00 1.504938890321771694e-01 4.554742374727079046e-02
3.650000000000000000e+02 6.220251736930590969e-01 1.169952083718554664e-01 1.000000000000000000e+00 0.000000000000000000e+00 1.883137994627562539e-01 1.553089239625688733e-01
3.700000000000000000e+02 5.129862782142787792e-01 9.928828857393717441e-03 1.000000000000000000e+00 0.000000000000000000e+00 1.704014832902815690e-01 1.031946478817856033e-01
3.750000000000000000e+02 3.606058357077460141e-01 3.030953924799309473e-01 0.000000000000000000e+00 0.000000000000000000e+00 1.449467694255563710e-01 1.847192005469659171e-01
3.800000000000000000e+02 5.745534956959390538e-01 2.806781162839431798e-01 0.000000000000000000e+00 0.000000000000000000e+00 2.181954393077302490e-01 1.356507051682954157e-01
3.850000000000000000e+02 3.994815737461973049e-01 2.378007535341052636e-01 0.000000000000000000e+00 0.000000000000000000e+00 1.691455057680685825e-01 1.307971662173399163e-01
3.900000000000000000e+02 5.656024739315417271e-01 1.267717500819938448e-01 1.000000000000000000e+00 0.000000000000000000e+00 1.009166005507901032e-01 1.756663769849655943e-01
3.950000000000000000e+02 3.679283218221264251e-01 1.956842761020640142e-01 0.000000000000000000e+00 0.000000000000000000e+00 2.015538868487703472e-01 1.495431417485194592e-01
4.000000000000000000e+02 4.664947377228719771e-01 2.265952845917080793e-01 1.000000000000000000e+00 0.000000000000000000e+00 1.516026040934736474e-01 1.727800011960910209e-01
4.050000000000000000e+02 5.253646168265359018e-01 3.041190782353588307e-01 1.000000000000000000e+00 0.000000000000000000e+00 1.848464949476301411e-01 2.246213919627604305e-01
4.100000000000000000e+02 5.367768005115159946e-01 3.236529535353070419e-01 1.000000000000000000e+00 0.000000000000000000e+00 1.483020617703643407e-01 1.427164355357183889e-01
4.150000000000000000e+02 3.857434781567037896e-01 9.170736211780713271e-03 1.000000000000000000e+00 0.000000000000000000e+00 1.264339079028509727e-01 3.160369948336821250e-02
4.200000000000000000e+02 4.966022790713346957e-01 3.546018612962659189e-02 0.000000000000000000e+00 0.000000000000000000e+00 1.801946446419515624e-01 2.016881408011223786e-01
4.250000000000000000e+02 4.273315323665322074e-01 2.618735846444545379e-01 0.000000000000000000e+00 0.000000000000000000e+00 1.835320128231581471e-01 1.313140374820931378e-01
4.300000000000000000e+02 2.482730053274719295e-01 3.415280309742744214e-01 0.000000000000000000e+00 0.000000000000000000e+00 1.674981244347103493e-01 1.362271039075837742e-01
4.350000000000000000e+02 5.200479382667791972e-01 9.965463496526649756e-02 1.000000000000000000e+00 0.000000000000000000e+00 1.506725577471385025e-01 1.069014944490663671e-01
4.400000000000000000e+02 3.554102220075442409e-01 1.439464104444306558e-01 0.000000000000000000e+00 0.000000000000000000e+00 1.726671273440154863e-01 1.393525889046075550e-01
4.450000000000000000e+02 5.498662633442470415e-01 2.306678574002054560e-01 1.000000000000000000e+00 0.000000000000000000e+00 1.236803702331114446e-01 1.221675118575086955e-01
4.500000000000000000e+02 4.625502114692522371e-01 2.909522253804399106e-01 1.000000000000000000e+00 1.000000000000000000e+00 1.340552309415742882e-01 9.524506630137677399e-02
4.550000000000000000e+02 3.229065176004412563e-01 2.189785534300175418e-01 0.000000000000000000e+00 0.000000000000000000e+00 1.619870704967974473e-01 1.620496894088751250e-01
4.600000000000000000e+02 3.339346700448270755e-01 1.677229467206031999e-01 0.000000000000000000e+00 0.000000000000000000e+00 1.615155611545931180e-01 1.162830774933850259e-01
4.650000000000000000e+02 4.808204324435287336e-01 2.011258005698035589e-01 0.000000000000000000e+00 0.000000000000000000e+00 1.744650302793294139e-01 1.131428434926737836e-01
4.700000000000000000e+02 2.659749722902577940e-01 1.595746763262384516e-01 0.000000000000000000e+00 0.000000000000000000e+00 1.749645243892787305e-01 1.477311946312823976e-01
4.750000000000000000e+02 3.672569069612972581e-01 1.437409268348754376e-01 1.000000000000000000e+00 0.000000000000000000e+00 1.106668381894598124e-01 1.642119312539525033e-01
4.800000000000000000e+02 5.395150283253288270e-01 3.637566705182818660e-01 0.000000000000000000e+00 0.000000000000000000e+00 2.084116960579648070e-01 1.574231401527060870e-01
4.850000000000000000e+02 3.849004083963680767e-01 1.752326721029695000e-01 0.000000000000000000e+00 0.000000000000000000e+00 1.486558822281416892e-01 1.203191089433545274e-01
4.900000000000000000e+02 4.936974148035954135e-01 8.965998925037722833e-02 1.000000000000000000e+00 0.000000000000000000e+00 1.365908482329495910e-01 1.338616285591603672e-01
4.950000000000000000e+02 1.788423287616800472e-01 3.881656285591644773e-01 0.000000000000000000e+00 0.000000000000000000e+00 1.570644247304508467e-01 1.387527820803379774e-01
5.000000000000000000e+02 3.973464815119749360e-01 9.186045895474841128e-02 0.000000000000000000e+00 0.000000000000000000e+00 1.493494603882878913e-01 6.698979758775142068e-02
5.050000000000000000e+02 2.853173554098986098e-01 2.391921593881575769e-01 0.000000000000000000e+00 0.000000000000000000e+00 1.298957337165567993e-01 1.101349830454780715e-01
5.100000000000000000e+02 1.131518720541182105e-01 3.551410107767302149e-01 0.000000000000000000e+00 0.000000000000000000e+00 1.073912309370409490e-01 1.302122304956503385e-01
5.150000000000000000e+02 2.143276646623453741e-01 2.147507226158478222e-01 0.000000000000000000e+00 0.000000000000000000e+00 1.344434458823494938e-01 1.258498410785443278e-01
5.200000000000000000e+02 2.723521186476808853e-01 1.414463152596009965e-01 1.000000000000000000e+00 0.000000000000000000e+00 7.908645466992489381e-02 8.760789371081983967e-02
5.250000000000000000e+02 3.026798063582790133e-01 1.618883551011485178e-01 0.000000000000000000e+00 0.000000000000000000e+00 1.646713008164147896e-01 5.976339905329447477e-02
5.300000000000000000e+02 1.417139236060913909e-01 1.117092683437156814e-01 0.000000000000000000e+00 0.000000000000000000e+00 1.592276471335937749e-01 7.971074713899810316e-02
5.350000000000000000e+02 3.097639710652946299e-01 1.315917809061044053e-01 0.000000000000000000e+00 0.000000000000000000e+00 1.497058787626451282e-01 1.922197520411116356e-01
5.400000000000000000e+02 3.082371257149754684e-01 2.249688193259513636e-01 0.000000000000000000e+00 0.000000000000000000e+00 1.978089715181693131e-01 1.213616452787695116e-01
5.450000000000000000e+02 2.177818204124604695e-01 5.131187864495621170e-02 0.000000000000000000e+00 0.000000000000000000e+00 1.716848633238425292e-01 9.192864874264895791e-02
5.500000000000000000e+02 3.046108516721984238e-01 2.788760966756892445e-01 0.000000000000000000e+00 0.000000000000000000e+00 1.872072150021678594e-01 1.526967731534872585e-01
5.550000000000000000e+02 3.003763901626282928e-01 2.834022909297591597e-01 0.000000000000000000e+00 0.000000000000000000e+00 1.883683212345577396e-01 1.170135870726916882e-01
5.600000000000000000e+02 3.717332516600802550e-01 2.764672465060923345e-01 1.000000000000000000e+00 0.000000000000000000e+00 1.009609910890916229e-01 1.309349993107182253e-01
5.650000000000000000e+02 3.155981460557286122e-01 2.705487494251613834e-01 0.000000000000000000e+00 0.000000000000000000e+00 1.628096657400026626e-01 1.291451419482899932e-01
5.700000000000000000e+02 2.600112266486219181e-01 8.995483486533301098e-02 0.000000000000000000e+00 0.000000000000000000e+00 1.314222544000209769e-01 1.034064632194982153e-01
5.750000000000000000e+02 2.475139880800068803e-01 1.739106621442227663e-01 0.000000000000000000e+00 0.000000000000000000e+00 1.689046411657260660e-01 1.003463742061556641e-01
5.800000000000000000e+02 3.254247712593164588e-01 9.475010188914338716e-02 0.000000000000000000e+00 0.000000000000000000e+00 1.656695798574421841e-01 1.120347440444443704e-01
5.850000000000000000e+02 2.369157000631606225e-01 2.199240205618908650e-01 0.000000000000000000e+00 0.000000000000000000e+00 1.541433344449242293e-01 1.109897376638720456e-01
5.900000000000000000e+02 2.263841422767272904e-01 3.948609182686529939e-01 0.000000000000000000e+00 0.000000000000000000e+00 1.525439346483296044e-01 1.774742394813370872e-01
5.950000000000000000e+02 2.553109560774172726e-01 6.781461494340565443e-02 0.000000000000000000e+00 0.000000000000000000e+00 1.818460444247639862e-01 1.043310727473241301e-01
6.000000000000000000e+02 4.351045643632621696e-01 1.787444074697656371e-01 0.000000000000000000e+00 0.000000000000000000e+00 1.834284777807489719e-01 1.094357381054188588e-01
6.050000000000000000e+02 3.064168690199605694e-01 1.207164832293621676e-01 0.000000000000000000e+00 0.000000000000000000e+00 1.549868105092926385e-01 6.005623562064064253e-02
6.100000000000000000e+02 2.328882822567124866e-01 7.138423205391884740e-02 0.000000000000000000e+00 0.000000000000000000e+00 1.413375404628627041e-01 1.368570701143690116e-01
6.150000000000000000e+02 2.144948755497554649e-01 1.591825442321565809e-01 0.000000000000000000e+00 0.000000000000000000e+00 1.002408392646908508e-01 1.289005755808752263e-01
6.200000000000000000e+02 1.669749826899382950e-01 3.660600489285315007e-02 0.000000000000000000e+00 0.000000000000000000e+00 1.567742060288302430e-01 1.016818243370805480e-01
6.250000000000000000e+02 3.055417604197967485e-01 3.678897669860211050e-01 0.000000000000000000e+00 1.000000000000000000e+00 1.238798152746011932e-01 7.361806498931973419e-02
6.300000000000000000e+02 1.582130205187376737e-01 1.441146713769015375e-01 0.000000000000000000e+00 0.000000000000000000e+00 9.147084949717031177e-02 9.979563275117032950e-02
6.350000000000000000e+02 2.209261181204678071e-01 2.036188489574755622e-02 0.000000000000000000e+00 0.000000000000000000e+00 1.274608950863753698e-01 9.479377289434338938e-02
6.400000000000000000e+02 2.699351273511132465e-01 1.853058069267438379e-01 0.000000000000000000e+00 0.000000000000000000e+00 1.383308845069427806e-01 8.824011903247491739e-02
6.450000000000000000e+02 1.829237729736605256e-01 1.776081196925650141e-01 0.000000000000000000e+00 1.000000000000000000e+00 1.011708921289078550e-01 3.935255961200020275e-02
6.500000000000000000e+02 1.721605822028019761e-01 2.230338224145328729e-01 0.000000000000000000e+00 0.000000000000000000e+00 9.087104330041186062e-02 1.088058080804371469e-01
6.550000000000000000e+02 3.360090829139097401e-01 1.758997983408888688e-02 1.000000000000000000e+00 0.000000000000000000e+00 1.181317830895221715e-01 9.301806841554251248e-02
6.600000000000000000e+02 2.980427232447060426e-01 0.000000000000000000e+00 0.000000000000000000e+00 0.000000000000000000e+00 1.191700495654085395e-01 0.000000000000000000e+00
6.650000000000000000e+02 1.890047238694682608e-01 1.786519276254315280e-01 0.000000000000000000e+00 0.000000000000000000e+00 1.069674868558665171e-01 1.141857133503699773e-01
6.700000000000000000e+02 4.491630006911211948e-01 4.874883228802309038e-02 1.000000000000000000e+00 0.000000000000000000e+00 7.711392590238651257e-02 1.088333779213983971e-01
6.750000000000000000e+02 1.858391691664984524e-01 9.532319308334286090e-03 0.000000000000000000e+00 0.000000000000000000e+00 1.459973008602298561e-01 9.108160347962375447e-02
6.800000000000000000e+02 1.901240140824951852e-01 2.170116025594449327e-01 0.000000000000000000e+00 0.000000000000000000e+00 1.121280086362249906e-01 1.497585633489832146e-01
6.850000000000000000e+02 2.119035220355096616e-01 1.555644631657730481e-01 0.000000000000000000e+00 0.000000000000000000e+00 1.164325919861371045e-01 1.086227152234520016e-01
6.900000000000000000e+02 1.885786858668552779e-01 9.490750969563679917e-02 0.000000000000000000e+00 0.000000000000000000e+00 1.381342334311440045e-01 1.393111966702959281e-01
6.950000000000000000e+02 2.090329805047636269e-01 2.875256782275056322e-01 0.000000000000000000e+00 0.000000000000000000e+00 8.191483417408462753e-02 1.191446406265496000e-01
7.000000000000000000e+02 1.813760684824122227e-01 0.000000000000000000e+00 0.000000000000000000e+00 0.000000000000000000e+00 9.155019088031715602e-02 0.000000000000000000e+00
7.050000000000000000e+02 3.489368986911844384e-01 0.000000000000000000e+00 0.000000000000000000e+00 0.000000000000000000e+00 1.877340762421358944e-01 0.000000000000000000e+00
7.100000000000000000e+02 8.635885295820260044e-02 8.564006545541097415e-02 0.000000000000000000e+00 0.000000000000000000e+00 7.488946789174270868e-02 7.620478373224930102e-02
7.150000000000000000e+02 2.239298229687269881e-01 2.002454330193006449e-01 0.000000000000000000e+00 0.000000000000000000e+00 1.158136414197542124e-01 1.087760310162969313e-01
7.200000000000000000e+02 1.526571928768563069e-01 1.136852701489035888e-01 0.000000000000000000e+00 0.000000000000000000e+00 1.458437966667421037e-01 1.917257492551571185e-01
7.250000000000000000e+02 1.871348321977899798e-01 1.477075409281426721e-01 1.000000000000000000e+00 0.000000000000000000e+00 6.025575970113328933e-02 1.015257348811820781e-01
7.300000000000000000e+02 3.615187790577819582e-01 3.795161262226997428e-02 1.000000000000000000e+00 0.000000000000000000e+00 8.663258388651343123e-02 4.640340073512265462e-02
7.350000000000000000e+02 1.614664997055193230e-01 1.501851154897686502e-01 0.000000000000000000e+00 0.000000000000000000e+00 7.694027782302216567e-02 1.575304087007584064e-01
7.400000000000000000e+02 2.469542218050119753e-01 1.282477111804067316e-01 0.000000000000000000e+00 0.000000000000000000e+00 1.236346098708046709e-01 9.492201200050572052e-02
7.450000000000000000e+02 2.970874606604434476e-01 6.325191049675606136e-02 0.000000000000000000e+00 0.000000000000000000e+00 1.907580359941326853e-01 3.637572643995886507e-02
7.500000000000000000e+02 1.035503602984183119e-01 3.107244303955741110e-02 0.000000000000000000e+00 0.000000000000000000e+00 9.967062165667830986e-02 4.877994663270691228e-02
7.550000000000000000e+02 1.324259025677777257e-01 2.033990215143554603e-01 0.000000000000000000e+00 0.000000000000000000e+00 1.329011969719949005e-01 1.092106464950881456e-01
7.600000000000000000e+02 4.063353947253565274e-02 1.768391410165435773e-01 0.000000000000000000e+00 0.000000000000000000e+00 8.669254313400674705e-02 1.045671799585578127e-01
7.650000000000000000e+02 1.053320646761743556e-01 1.065829271622405205e-01 0.000000000000000000e+00 0.000000000000000000e+00 1.020052817409640988e-01 1.154797563252454307e-01
7.700000000000000000e+02 2.020352606540593288e-01 1.538638167548183056e-01 0.000000000000000000e+00 0.000000000000000000e+00 1.126036028237276665e-01 1.219080172076376645e-01
7.750000000000000000e+02 9.182092126070856564e-02 1.437418898900819642e-01 0.000000000000000000e+00 0.000000000000000000e+00 1.008624305127391735e-01 1.320993543329793962e-01
7.800000000000000000e+02 2.046110993184844240e-01 1.178195123847311787e-01 0.000000000000000000e+00 0.000000000000000000e+00 1.140996419015697649e-01 1.035336295039485516e-01
7.850000000000000000e+02 1.705497694047928836e-01 1.180282546836067120e-01 0.000000000000000000e+00 0.000000000000000000e+00 1.446903220648807220e-01 8.443370063015599725e-02
7.900000000000000000e+02 3.318761208074288427e-01 7.333218298612334540e-02 0.000000000000000000e+00 0.000000000000000000e+00 1.688227017874550373e-01 1.749042752087829333e-01
7.950000000000000000e+02 3.223559775931358340e-01 1.362843451940407569e-01 0.000000000000000000e+00 0.000000000000000000e+00 2.091795406970693993e-01 1.177440284566651785e-01
8.000000000000000000e+02 2.385690090722698553e-01 1.702522279324230337e-01 0.000000000000000000e+00 0.000000000000000000e+00 1.495800041406245562e-01 1.282222837188433939e-01
8.050000000000000000e+02 1.843319898373119159e-01 2.719059690898467108e-01 0.000000000000000000e+00 0.000000000000000000e+00 1.540156697359140181e-01 1.242999664283276490e-01
8.100000000000000000e+02 1.867353043467668561e-01 2.638820807517616163e-01 0.000000000000000000e+00 0.000000000000000000e+00 1.151226610143952223e-01 1.414036512993256667e-01
8.150000000000000000e+02 1.370489998969509071e-01 9.500913382821869757e-02 0.000000000000000000e+00 0.000000000000000000e+00 1.241336774578341712e-01 1.139596983068992958e-01
8.200000000000000000e+02 3.093323718838719705e-01 8.644449191503243701e-02 0.000000000000000000e+00 0.000000000000000000e+00 1.438399336232507597e-01 1.365638082439022960e-01
8.250000000000000000e+02 1.366814351889590884e-01 3.319875478200008667e-02 0.000000000000000000e+00 0.000000000000000000e+00 1.231564638976636039e-01 8.301652298521468298e-02
8.300000000000000000e+02 2.138489942129656873e-01 2.586588317330976161e-02 0.000000000000000000e+00 0.000000000000000000e+00 1.307514737212639999e-01 8.700285435212666563e-02
8.350000000000000000e+02 3.257684570477286656e-01 2.363868391319535467e-01 0.000000000000000000e+00 0.000000000000000000e+00 1.513662058228602836e-01 9.194659474900047924e-02
8.400000000000000000e+02 2.558153602720772968e-01 2.751937262995945294e-02 0.000000000000000000e+00 0.000000000000000000e+00 1.262585231140551378e-01 7.084198768360785992e-02
8.450000000000000000e+02 3.046991516428567692e-01 7.860340887985675651e-02 1.000000000000000000e+00 0.000000000000000000e+00 7.110769248239363904e-02 1.308714063140258288e-01
8.500000000000000000e+02 1.132284599379530798e-01 6.597142148620345481e-03 0.000000000000000000e+00 0.000000000000000000e+00 7.614795067468069223e-02 3.362461563678159019e-03
8.550000000000000000e+02 1.744674662918295482e-01 1.907571616208076845e-02 0.000000000000000000e+00 0.000000000000000000e+00 1.086937059940526612e-01 1.184708928646697468e-01
8.600000000000000000e+02 2.405410755174466342e-01 2.969239415279912864e-01 0.000000000000000000e+00 0.000000000000000000e+00 1.358351351401806961e-01 1.127229798395848609e-01
8.650000000000000000e+02 2.301827843776485527e-01 1.128424075520913783e-01 0.000000000000000000e+00 0.000000000000000000e+00 9.954166712396414485e-02 2.325064415271742291e-01
8.700000000000000000e+02 4.572822312027664121e-02 7.157763627628005443e-02 0.000000000000000000e+00 0.000000000000000000e+00 5.441208577534054763e-02 8.922668249394961892e-02
8.750000000000000000e+02 1.604623862285105285e-01 6.657128011519899621e-03 0.000000000000000000e+00 0.000000000000000000e+00 1.328409492737590014e-01 3.912737459992533980e-03
8.800000000000000000e+02 9.036329571708520692e-02 2.037619158006498399e-02 0.000000000000000000e+00 0.000000000000000000e+00 7.619586144473108891e-02 2.483897389854839918e-02
8.850000000000000000e+02 3.287813733683181416e-02 1.378619131334030412e-01 0.000000000000000000e+00 0.000000000000000000e+00 1.199557694335829372e-01 8.355747011338586494e-02
8.900000000000000000e+02 1.538705516502963944e-01 6.728499175579494285e-03 0.000000000000000000e+00 0.000000000000000000e+00 9.706382665356338979e-02 6.013461009158479857e-03
8.950000000000000000e+02 1.882493966933559137e-01 1.533122987806410653e-01 0.000000000000000000e+00 0.000000000000000000e+00 1.652127537796879708e-01 6.820103636090944776e-02
9.000000000000000000e+02 1.210931465316975181e-01 0.000000000000000000e+00 0.000000000000000000e+00 0.000000000000000000e+00 1.141936443103579168e-01 0.000000000000000000e+00
9.050000000000000000e+02 0.000000000000000000e+00 2.479320497882516461e-01 0.000000000000000000e+00 0.000000000000000000e+00 0.000000000000000000e+00 1.416627870110220011e-01
9.100000000000000000e+02 2.007946741252464307e-01 1.667520278372486842e-01 0.000000000000000000e+00 0.000000000000000000e+00 1.202556251479075383e-01 2.057514128466456371e-01
9.150000000000000000e+02 3.047238574489627427e-01 4.175273490609241606e-02 0.000000000000000000e+00 0.000000000000000000e+00 1.227647568128242273e-01 8.632674749154378713e-02
9.200000000000000000e+02 1.702284479352624835e-01 3.929496730556416434e-02 0.000000000000000000e+00 0.000000000000000000e+00 1.230480403205907319e-01 8.926839827872430633e-02
9.250000000000000000e+02 1.615524237636651039e-01 7.532445593225725600e-02 0.000000000000000000e+00 0.000000000000000000e+00 6.908814065441243324e-02 1.295000655785536470e-01
9.300000000000000000e+02 2.331715184267013630e-01 1.759530380692699708e-02 0.000000000000000000e+00 0.000000000000000000e+00 9.056901424832421166e-02 1.786441573316676842e-02
9.350000000000000000e+02 1.715388289731653582e-01 8.407336497650366725e-02 0.000000000000000000e+00 0.000000000000000000e+00 9.911865934902047703e-02 8.492011517808818744e-02
9.400000000000000000e+02 1.931180940307796468e-01 9.006878336344235902e-02 0.000000000000000000e+00 0.000000000000000000e+00 1.123623012212762035e-01 5.394899661196117524e-02
9.450000000000000000e+02 2.990249429429324701e-01 8.993845973950036210e-02 0.000000000000000000e+00 0.000000000000000000e+00 1.578489903676353889e-01 4.251102439167872560e-02
9.500000000000000000e+02 3.381693564135962449e-01 1.485067285164269960e-02 1.000000000000000000e+00 0.000000000000000000e+00 6.536970745395538629e-02 1.034121694230237809e-01
9.550000000000000000e+02 6.943222481002811475e-02 1.619954471186280942e-01 0.000000000000000000e+00 0.000000000000000000e+00 1.211132674249186109e-01 1.262572674499885805e-01
9.600000000000000000e+02 6.574168322677979848e-02 3.004360824606128882e-02 0.000000000000000000e+00 0.000000000000000000e+00 3.151124141916371996e-02 2.129790859181796281e-01
9.650000000000000000e+02 8.933337253908066322e-02 9.782719689646006411e-02 0.000000000000000000e+00 0.000000000000000000e+00 1.242366450691033547e-01 1.400856470050327318e-01
9.700000000000000000e+02 3.956833556341048386e-01 0.000000000000000000e+00 0.000000000000000000e+00 0.000000000000000000e+00 1.617448660335966959e-01 0.000000000000000000e+00
9.750000000000000000e+02 1.523029605025706945e-01 1.189016960301966658e-01 0.000000000000000000e+00 0.000000000000000000e+00 1.266621765831921764e-01 8.792680829027949008e-02
9.800000000000000000e+02 1.414971958937300822e-01 1.020564311873672497e-01 0.000000000000000000e+00 0.000000000000000000e+00 1.317735335511036610e-01 9.776985185887293595e-02
9.850000000000000000e+02 1.337923993015835700e-01 5.821099605656349096e-02 0.000000000000000000e+00 0.000000000000000000e+00 9.486172989363783614e-02 6.540171243139163149e-02
9.900000000000000000e+02 1.296440731934151436e-01 5.750344178237174614e-02 0.000000000000000000e+00 0.000000000000000000e+00 1.238406701779917046e-01 1.019169567237022400e-01
9.950000000000000000e+02 3.064746729639643563e-01 7.300754853705416700e-03 0.000000000000000000e+00 0.000000000000000000e+00 1.214957196981069354e-01 8.275523882319986077e-03
