0.000000000000000000e+00 0.000000000000000000e+00 0.000000000000000000e+00 0.000000000000000000e+00 0.000000000000000000e+00 0.000000000000000000e+00 0.000000000000000000e+00
5.000000000000000000e+00 8.306464171843976896e-01 3.694990754294188995e-01 1.000000000000000000e+00 1.000000000000000000e+00 1.225245070997726532e-01 1.248772199319186510e-01
1.000000000000000000e+01 9.217210436693271669e-01 2.673137779210233989e-01 1.000000000000000000e+00 0.000000000000000000e+00 2.199925939731625091e-01 1.276222582235963243e-01
1.500000000000000000e+01 7.799587295882125515e-01 4.202329470301237602e-01 1.000000000000000000e+00 1.000000000000000000e+00 2.159890597675453439e-01 1.005005985555952608e-01
2.000000000000000000e+01 6.862906734856412116e-01 4.473618328664577537e-01 1.000000000000000000e+00 1.000000000000000000e+00 1.780838125544741968e-01 1.577477494769640720e-01
2.500000000000000000e+01 5.734491223153226347e-01 6.571592941257203835e-01 1.000000000000000000e+00 1.000000000000000000e+00 7.757361552538048766e-02 1.204715703306652036e-01
3.000000000000000000e+01 6.238069494135476400e-01 4.269996911671137818e-01 1.000000000000000000e+00 1.000000000000000000e+00 1.650621317162803414e-01 1.205024160091519164e-01
3.500000000000000000e+01 7.314044433520476840e-01 2.826670770877748318e-01 1.000000000000000000e+00 0.000000000000000000e+00 1.795828866235095189e-01 1.364515077002255161e-01
4.000000000000000000e+01 7.494379729352099728e-01 3.534139417056051946e-01 1.000000000000000000e+00 0.000000000000000000e+00 1.376550822637657157e-01 1.843308501347561690e-01
4.500000000000000000e+01 7.620862455234440613e-01 2.217558132052379616e-01 1.000000000000000000e+00 0.000000000000000000e+00 1.936659722148063034e-01 1.337589368225696185e-01
5.000000000000000000e+01 7.627752689185265389e-01 2.929301151915520984e-01 1.000000000000000000e+00 0.000000000000000000e+00 1.703455249077670264e-01 1.515064960790021564e-01
5.500000000000000000e+01 8.788150605384927871e-01 3.192061452452696346e-01 1.000000000000000000e+00 0.000000000000000000e+00 1.787566708437274554e-01 1.564624005354369740e-01
6.000000000000000000e+01 6.233974091341545343e-01 2.960361246398046098e-01 1.000000000000000000e+00 0.000000000000000000e+00 1.809014531828755656e-01 1.770867203355583341e-01
6.500000000000000000e+01 6.552240390137041848e-01 3.717639249877766061e-01 1.000000000000000000e+00 1.000000000000000000e+00 1.045515398465778900e-01 1.037733727638243952e-01
7.000000000000000000e+01 6.183601145977871694e-01 3.062218875703096588e-01 1.000000000000000000e+00 1.000000000000000000e+00 1.792444006161186265e-01 1.050970350631975636e-01
7.500000000000000000e+01 7.122382251214685045e-01 3.791697082528854290e-01 1.000000000000000000e+00 0.000000000000000000e+00 1.594352268559539598e-01 1.557694556973610867e-01
8.000000000000000000e+01 6.101878628381420810e-01 2.260435937990509792e-01 1.000000000000000000e+00 0.000000000000000000e+00 1.529308323212542897e-01 1.045043127749683831e-01
8.500000000000000000e+01 7.267429271876244545e-01 3.157822775123941828e-01 1.000000000000000000e+00 0.000000000000000000e+00 1.821805181276178742e-01 1.210213975840374045e-01
9.000000000000000000e+01 5.102193024492316376e-01 9.961491423156333680e-02 1.000000000000000000e+00 0.000000000000000000e+00 1.749812707002384449e-01 9.070466766114271273e-02
9.500000000000000000e+01 7.198974717212820451e-01 4.743567418703412836e-02 1.000000000000000000e+00 0.000000000000000000e+00 1.375145785281240707e-01 5.034887775882461447e-02
1.000000000000000000e+02 6.525637513907228682e-01 2.214177305968906828e-01 1.000000000000000000e+00 0.000000000000000000e+00 2.172302325258914646e-01 1.503372217644740605e-01
1.050000000000000000e+02 7.028326671965094974e-01 3.722605458836846237e-01 1.000000000000000000e+00 0.000000000000000000e+00 1.744623153055304965e-01 1.472826781010329877e-01
1.100000000000000000e+02 7.541939410778440989e-01 1.515553931836531032e-01 1.000000000000000000e+00 0.000000000000000000e+00 1.628776058193411314e-01 1.576989359658174383e-01
1.150000000000000000e+02 6.332780718668331588e-01 1.990280550691318207e-01 1.000000000000000000e+00 0.000000000000000000e+00 1.757313595368336090e-01 1.556233191939425109e-01
1.200000000000000000e+02 4.506762633390167250e-01 2.062070097375373057e-01 1.000000000000000000e+00 0.000000000000000000e+00 1.159930165982194367e-01 1.156955802380911918e-01
1.250000000000000000e+02 5.991368549439515245e-01 1.494678614243750703e-01 1.000000000000000000e+00 0.000000000000000000e+00 1.458243515576306826e-01 9.424698243239035267e-02
1.300000000000000000e+02 5.069197038948451972e-01 2.596718652337341449e-01 1.000000000000000000e+00 1.000000000000000000e+00 1.687494364695832361e-01 6.516609767299798295e-02
1.350000000000000000e+02 6.474500640434006637e-01 9.212893411473790928e-02 1.000000000000000000e+00 0.000000000000000000e+00 1.296279005129419848e-01 1.376246622732458791e-01
1.400000000000000000e+02 5.381679841558175692e-01 1.044351208129956632e-01 1.000000000000000000e+00 0.000000000000000000e+00 1.289514851028048525e-01 7.880080785697000934e-02
1.450000000000000000e+02 7.134502713018455733e-01 3.821215257003839905e-01 1.000000000000000000e+00 1.000000000000000000e+00 1.864777073288315656e-01 9.958089283828988614e-02
1.500000000000000000e+02 4.836256780685679324e-01 9.251379419539139393e-02 0.000000000000000000e+00 0.000000000000000000e+00 1.773384544860004131e-01 1.014935589233139229e-01
1.550000000000000000e+02 4.468097515000035713e-01 2.052049601131783196e-01 1.000000000000000000e+00 1.000000000000000000e+00 1.506550662519227646e-01 6.460872440296931696e-02
1.600000000000000000e+02 5.081090369839839083e-01 2.861634646839115725e-01 1.000000000000000000e+00 1.000000000000000000e+00 1.172057102402344203e-01 9.281559822040012786e-02
1.650000000000000000e+02 8.006744489824946243e-01 3.889099523992666230e-01 1.000000000000000000e+00 1.000000000000000000e+00 1.610370866472108642e-01 1.204074575957713861e-01
1.700000000000000000e+02 6.218888848241955758e-01 2.791776546576809070e-01 1.000000000000000000e+00 0.000000000000000000e+00 1.180041025381600300e-01 1.337631916507335816e-01
1.750000000000000000e+02 5.645259093909326120e-01 4.703827650826010176e-01 0.000000000000000000e+00 1.000000000000000000e+00 2.308374144166387698e-01 9.721557248713472155e-02
1.800000000000000000e+02 7.012827468788557228e-01 1.780946397541117721e-01 1.000000000000000000e+00 0.000000000000000000e+00 1.575729850806033561e-01 1.506368659352227968e-01
1.850000000000000000e+02 6.468495201114172755e-01 2.024099191286525823e-01 1.000000000000000000e+00 0.000000000000000000e+00 1.782746767282401557e-01 1.125290624416109136e-01
1.900000000000000000e+02 5.217338668424380543e-01 2.390981760973113490e-01 1.000000000000000000e+00 0.000000000000000000e+00 1.070671281624497595e-01 1.715912864261732729e-01
1.950000000000000000e+02 6.453201159698001010e-01 1.389124579302330464e-01 1.000000000000000000e+00 0.000000000000000000e+00 1.468454326511983432e-01 1.578414276445708475e-01
2.000000000000000000e+02 4.987202122828184869e-01 1.207611654274589885e-01 1.000000000000000000e+00 0.000000000000000000e+00 1.647062520270416996e-01 1.098623359247823256e-01
2.050000000000000000e+02 5.353002689767668576e-01 2.108258224569930783e-01 1.000000000000000000e+00 0.000000000000000000e+00 1.331017355214762776e-01 8.389176662437176912e-02
2.100000000000000000e+02 4.749209181496548138e-01 1.713774574257950420e-02 1.000000000000000000e+00 0.000000000000000000e+00 1.539401349330029589e-01 7.868928748355491498e-02
2.150000000000000000e+02 5.856225465585638279e-01 1.406872428905706351e-01 0.000000000000000000e+00 0.000000000000000000e+00 2.509920279745955773e-01 7.545533187876769798e-02
2.200000000000000000e+02 6.046337977877664915e-01 7.155579800089803544e-02 1.000000000000000000e+00 0.000000000000000000e+00 1.062273438653080909e-01 1.052153036312127032e-01
2.250000000000000000e+02 4.867019967963248095e-01 3.497895417094551984e-01 1.000000000000000000e+00 0.000000000000000000e+00 1.476650049920346097e-01 1.393212592494112445e-01
2.300000000000000000e+02 5.792162193104941625e-01 1.193182979682801126e-01 1.000000000000000000e+00 0.000000000000000000e+00 2.049067944090626758e-01 1.323410757482181288e-01
2.350000000000000000e+02 4.913380773899388432e-01 4.674101913359113847e-01 1.000000000000000000e+00 1.000000000000000000e+00 1.515235829048947880e-01 1.367370709775904969e-01
2.400000000000000000e+02 4.488434150802333988e-01 1.874417964963082939e-01 1.000000000000000000e+00 0.000000000000000000e+00 1.463037544081363106e-01 1.011864095604696201e-01
2.450000000000000000e+02 4.082428989988614587e-01 2.427285119744938130e-02 1.000000000000000000e+00 0.000000000000000000e+00 1.360513302629206833e-01 4.063368356478737342e-02
2.500000000000000000e+02 3.738181290761468101e-01 3.992121065317106310e-01 1.000000000000000000e+00 0.000000000000000000e+00 1.139354702882357379e-01 1.430053239180375801e-01
2.550000000000000000e+02 3.535112990007674982e-01 1.484775665264887468e-01 0.000000000000000000e+00 0.000000000000000000e+00 1.311641602310330001e-01 8.669585950713969147e-02
2.600000000000000000e+02 5.100750118307774139e-01 1.469012383272883492e-02 1.000000000000000000e+00 0.000000000000000000e+00 1.795999641362882870e-01 2.600257080642833646e-02
2.650000000000000000e+02 4.419111376808504410e-01 3.098680369313238092e-01 1.000000000000000000e+00 0.000000000000000000e+00 1.448421536991860992e-01 1.248263770369954229e-01
2.700000000000000000e+02 5.131584050856522472e-01 2.077309640960069981e-01 0.000000000000000000e+00 0.000000000000000000e+00 2.024227587915589655e-01 1.196273499000221896e-01
2.750000000000000000e+02 3.844686124321045062e-01 2.012410140004562698e-01 0.000000000000000000e+00 0.000000000000000000e+00 1.648496104572405030e-01 1.584965464775342225e-01
2.800000000000000000e+02 6.520655183661918652e-01 1.480677379150266426e-01 1.000000000000000000e+00 0.000000000000000000e+00 9.989959932243268337e-02 6.857877011927990263e-02
2.850000000000000000e+02 3.485301736714952470e-01 2.696322169253390078e-01 0.000000000000000000e+00 0.000000000000000000e+00 1.299275162894020785e-01 2.201927546406763914e-01
2.900000000000000000e+02 4.889378858875864653e-01 1.787914582459571577e-01 1.000000000000000000e+00 0.000000000000000000e+00 1.458401370736694957e-01 1.705604531320210893e-01
2.950000000000000000e+02 4.096109350240024760e-01 1.815653629613908637e-01 1.000000000000000000e+00 0.000000000000000000e+00 1.444872016112754287e-01 1.776281160926700964e-01
3.000000000000000000e+02 4.878157180524832492e-01 1.307938477821591339e-01 1.000000000000000000e+00 0.000000000000000000e+00 1.297206659402256879e-01 1.059494096267342839e-01
3.050000000000000000e+02 4.666228716124602438e-01 4.800780864691766014e-01 1.000000000000000000e+00 1.000000000000000000e+00 7.439618002685058351e-02 1.174242107572997379e-01
3.100000000000000000e+02 3.494577907413938256e-01 1.493711182035650231e-01 0.000000000000000000e+00 0.000000000000000000e+00 1.499290679538431426e-01 1.816379019344451784e-01
3.150000000000000000e+02 4.363282959445125009e-01 2.209755393983487970e-01 0.000000000000000000e+00 0.000000000000000000e+00 1.679938419785735326e-01 2.413449744538285202e-01
3.200000000000000000e+02 4.737404563830455717e-01 3.403109736465765867e-01 1.000000000000000000e+00 1.000000000000000000e+00 1.414117596929826692e-01 1.013600210027230525e-01
3.250000000000000000e+02 4.927202854026772050e-01 2.101062735436254880e-01 1.000000000000000000e+00 0.000000000000000000e+00 1.155611598464866691e-01 1.417753323261280729e-01
3.300000000000000000e+02 4.330868517251765804e-01 3.497346457841769563e-01 1.000000000000000000e+00 0.000000000000000000e+00 1.399002188686812309e-01 1.419267338788018640e-01
3.350000000000000000e+02 4.799655044922430669e-01 2.925544753867943548e-01 1.000000000000000000e+00 0.000000000000000000e+00 7.156380720217243863e-02 1.165042739017819323e-01
3.400000000000000000e+02 3.614094706392964040e-01 1.488380400087404021e-01 1.000000000000000000e+00 0.000000000000000000e+00 7.752326157028131826e-02 1.412435092467895781e-01
3.450000000000000000e+02 3.279728546400173528e-01 3.477694734036845814e-01 1.000000000000000000e+00 0.000000000000000000e+00 9.321016904122163271e-02 1.598083961223692173e-01
3.500000000000000000e+02 3.308749825276489087e-01 1.009232456443072135e-01 0.000000000000000000e+00 0.000000000000000000e+00 1.207781257857009904e-01 1.211504530238602523e-01
3.550000000000000000e+02 4.190234844382320634e-01 1.002237326698024455e-01 0.000000000000000000e+00 0.000000000000000000e+00 1.876958610985091369e-01 8.638733512101443024e-02
3.600000000000000000e+02 3.757236238529684247e-01 2.035241302021907270e-02 1.000000000000000000e+00 0.000000000000000000e+00 1.169590232259249546e-01 5.857114680139806351e-02
3.650000000000000000e+02 4.100260523719339578e-01 6.068220886483538523e-02 1.000000000000000000e+00 0.000000000000000000e+00 1.231565493590436600e-01 1.416733315858042797e-01
3.700000000000000000e+02 3.567535730523599957e-01 6.041014416196874987e-02 1.000000000000000000e+00 0.000000000000000000e+00 1.262803576162795371e-01 1.073382859930477745e-01
3.750000000000000000e+02 5.083782275412251916e-01 1.742036643916788363e-01 0.000000000000000000e+00 0.000000000000000000e+00 1.915761215758613467e-01 1.260292124058901841e-01
3.800000000000000000e+02 2.917466451752912526e-01 3.329180677454163795e-01 0.000000000000000000e+00 0.000000000000000000e+00 1.305080433793502637e-01 1.275835880160306746e-01
3.850000000000000000e+02 4.115095885820371224e-01 4.592246490772031176e-01 0.000000000000000000e+00 1.000000000000000000e+00 1.782846875096349981e-01 1.421279135207495770e-01
3.900000000000000000e+02 4.160124307581895553e-01 2.571968438540436774e-01 0.000000000000000000e+00 0.000000000000000000e+00 1.538468079555938284e-01 1.626751918634837257e-01
3.950000000000000000e+02 4.351873190617840947e-01 1.401627432485922364e-01 1.000000000000000000e+00 0.000000000000000000e+00 1.396463567242895165e-01 1.091702519870825921e-01
4.000000000000000000e+02 6.429112759198731819e-01 2.101900933241363650e-02 1.000000000000000000e+00 0.000000000000000000e+00 1.408927508085305036e-01 1.192177524105125785e-01
4.050000000000000000e+02 5.910058795919014285e-01 2.936717412537387384e-01 1.000000000000000000e+00 0.000000000000000000e+00 1.455592517809764785e-01 1.941987699302392401e-01
4.100000000000000000e+02 3.801261671652333973e-01 3.379831664580338346e-01 1.000000000000000000e+00 1.000000000000000000e+00 8.962301527552661573e-02 9.842748819304060481e-02
4.150000000000000000e+02 4.781596879958554536e-01 0.000000000000000000e+00 1.000000000000000000e+00 0.000000000000000000e+00 1.550027234185827885e-01 0.000000000000000000e+00
4.200000000000000000e+02 3.450119818369931091e-01 1.236307558619145416e-02 0.000000000000000000e+00 0.000000000000000000e+00 1.381345826348601702e-01 1.453576817751258028e-02
4.250000000000000000e+02 2.446086730763775141e-01 3.136731021682513942e-01 0.000000000000000000e+00 1.000000000000000000e+00 1.033618913091749886e-01 8.770408722856554151e-02
4.300000000000000000e+02 3.658521803878015954e-01 2.838053729799902003e-01 0.000000000000000000e+00 0.000000000000000000e+00 1.594395851535762021e-01 1.473298562144370882e-01
4.350000000000000000e+02 4.055197062866739977e-01 2.316407147436828073e-01 1.000000000000000000e+00 0.000000000000000000e+00 1.034186117625172235e-01 1.272991409609580127e-01
4.400000000000000000e+02 4.666848904317130176e-01 3.840462575965714054e-01 1.000000000000000000e+00 0.000000000000000000e+00 1.622248153476484045e-01 1.503472072284756933e-01
4.450000000000000000e+02 4.117768885590199490e-01 2.874787956283510471e-01 1.000000000000000000e+00 0.000000000000000000e+00 1.234251225707148902e-01 1.632634933321488180e-01
4.500000000000000000e+02 3.255303148688465376e-01 1.985398081898760436e-01 0.000000000000000000e+00 0.000000000000000000e+00 1.249927211165888924e-01 1.302177283514134032e-01
4.550000000000000000e+02 3.714218163105944548e-01 3.316102967568775317e-01 0.000000000000000000e+00 0.000000000000000000e+00 1.595750710395429650e-01 1.403883992040358131e-01
4.600000000000000000e+02 2.303838906808843845e-01 2.570707547497484979e-01 0.000000000000000000e+00 0.000000000000000000e+00 1.363033330317128533e-01 1.027281206819091741e-01
4.650000000000000000e+02 3.769622261728081680e-01 2.795272213483216417e-01 1.000000000000000000e+00 1.000000000000000000e+00 1.066982302199240562e-01 8.032599866191070248e-02
4.700000000000000000e+02 1.289854108830389423e-01 2.751125399983755382e-01 0.000000000000000000e+00 0.000000000000000000e+00 1.234739740670588587e-01 1.202183122641901497e-01
4.750000000000000000e+02 4.267516093405052113e-01 1.957114543444118115e-01 0.000000000000000000e+00 0.000000000000000000e+00 1.644520805869153501e-01 1.547970436667392702e-01
4.800000000000000000e+02 4.112571990470526018e-01 3.692316709837856203e-01 1.000000000000000000e+00 0.000000000000000000e+00 1.293949520530998099e-01 1.494124287994213762e-01
4.850000000000000000e+02 3.850815356503425324e-01 2.877082857288084661e-01 0.000000000000000000e+00 0.000000000000000000e+00 1.496450940250784456e-01 1.351569128540064391e-01
4.900000000000000000e+02 3.665645001480279386e-01 2.393562837181105463e-01 0.000000000000000000e+00 0.000000000000000000e+00 1.669458173225203956e-01 9.163763349357630095e-02
4.950000000000000000e+02 3.521136027421792325e-01 4.087176408752510315e-01 0.000000000000000000e+00 0.000000000000000000e+00 1.288976731357873162e-01 1.718938657333633768e-01
5.000000000000000000e+02 3.117063131567592849e-01 1.692612212145566397e-01 0.000000000000000000e+00 0.000000000000000000e+00 1.155336918531119916e-01 1.681546342383083148e-01
5.050000000000000000e+02 4.727966551361205139e-01 3.117349868460919660e-01 1.000000000000000000e+00 0.000000000000000000e+00 6.808117076851040450e-02 1.302134392675797780e-01
5.100000000000000000e+02 2.401947129435820227e-01 5.328333842130639209e-01 0.000000000000000000e+00 1.000000000000000000e+00 9.551004808672691748e-02 1.518098039410709921e-01
5.150000000000000000e+02 1.987547271496511725e-01 3.496109067493551881e-01 0.000000000000000000e+00 0.000000000000000000e+00 1.361130226261436926e-01 1.462822636559799883e-01
5.200000000000000000e+02 2.992363671020926708e-01 1.749830874753590115e-01 0.000000000000000000e+00 0.000000000000000000e+00 1.501234964916782766e-01 9.830129614507265856e-02
5.250000000000000000e+02 3.411598005566343073e-01 1.737770017352225360e-01 0.000000000000000000e+00 0.000000000000000000e+00 1.413718687258223861e-01 9.451220799015919161e-02
5.300000000000000000e+02 1.833250953520044468e-01 2.960612574775672856e-01 0.000000000000000000e+00 0.000000000000000000e+00 1.149440502703097389e-01 1.476589579539972497e-01
5.350000000000000000e+02 2.099531761593497470e-01 1.841952522857751295e-01 0.000000000000000000e+00 0.000000000000000000e+00 1.294429910663030259e-01 1.870509957250435784e-01
5.400000000000000000e+02 1.735399803260443685e-01 3.153250409839274404e-01 0.000000000000000000e+00 0.000000000000000000e+00 1.100907952325586026e-01 1.644275816071876506e-01
5.450000000000000000e+02 3.845958465954003591e-01 9.008616283848683293e-02 1.000000000000000000e+00 0.000000000000000000e+00 1.201520177704773484e-01 1.284171068051249975e-01
5.500000000000000000e+02 2.322217008691025986e-01 2.778034236127926992e-01 0.000000000000000000e+00 0.000000000000000000e+00 1.525775922988698852e-01 1.283875085781756853e-01
5.550000000000000000e+02 3.407508140912024475e-01 2.781186576024539114e-01 1.000000000000000000e+00 0.000000000000000000e+00 8.359836406039103385e-02 1.965634787525740723e-01
5.600000000000000000e+02 3.224554785568289339e-01 2.262773209102034999e-01 1.000000000000000000e+00 0.000000000000000000e+00 9.204983273600933491e-02 1.449774956250381719e-01
5.650000000000000000e+02 1.594677131134511483e-01 1.360352358407740658e-01 0.000000000000000000e+00 0.000000000000000000e+00 1.054730144184750779e-01 1.288451606564853802e-01
5.700000000000000000e+02 1.624296887986894644e-01 4.506039206402523978e-01 0.000000000000000000e+00 1.000000000000000000e+00 1.362805268027589833e-01 9.488463730033781796e-02
5.750000000000000000e+02 3.409134766676474859e-01 1.194834698563214531e-01 0.000000000000000000e+00 0.000000000000000000e+00 1.412300217567287741e-01 8.833322359403340818e-02
5.800000000000000000e+02 1.773045979884534940e-01 1.702002379113331425e-03 1.000000000000000000e+00 0.000000000000000000e+00 6.202088332199346549e-02 4.426645441376018085e-03
5.850000000000000000e+02 4.308604600305498966e-02 1.089193084517343646e-01 0.000000000000000000e+00 0.000000000000000000e+00 6.417452766212995707e-02 1.713848031847743925e-01
5.900000000000000000e+02 2.696194346377560613e-01 3.978724228314013955e-01 1.000000000000000000e+00 0.000000000000000000e+00 9.458891992001755566e-02 2.073240944328723356e-01
5.950000000000000000e+02 1.533524451238372777e-01 2.526827953855776548e-02 0.000000000000000000e+00 0.000000000000000000e+00 1.328177223284723873e-01 1.096372606360412755e-01
6.000000000000000000e+02 2.382761353263588844e-01 5.693123607271801528e-02 0.000000000000000000e+00 0.000000000000000000e+00 1.270083737305202909e-01 1.497551506757958673e-01
6.050000000000000000e+02 2.476224664712505241e-01 8.738422942767343216e-02 0.000000000000000000e+00 0.000000000000000000e+00 9.091593161511991872e-02 1.647148184939221383e-01
6.100000000000000000e+02 7.560850992372457335e-02 6.557324759332185463e-03 0.000000000000000000e+00 0.000000000000000000e+00 8.463555552517415537e-02 2.937025477598052912e-03
6.150000000000000000e+02 2.920016839306684431e-01 1.371493062872849167e-01 0.000000000000000000e+00 0.000000000000000000e+00 1.417856937778945448e-01 1.540818696749010619e-01
6.200000000000000000e+02 3.659688769506478923e-01 1.693266185776065580e-01 1.000000000000000000e+00 0.000000000000000000e+00 1.238621869450605845e-01 1.678699444509940131e-01
6.250000000000000000e+02 1.344116185854724033e-01 5.011525275965272863e-01 0.000000000000000000e+00 1.000000000000000000e+00 1.068253581866179663e-01 1.314697545701732639e-01
6.300000000000000000e+02 6.659000345376644980e-02 0.000000000000000000e+00 0.000000000000000000e+00 0.000000000000000000e+00 5.707157906575573147e-02 0.000000000000000000e+00
6.350000000000000000e+02 2.686066082929720045e-01 1.649282457056901463e-01 0.000000000000000000e+00 0.000000000000000000e+00 1.277070111112667827e-01 1.270791283371532909e-01
6.400000000000000000e+02 2.386677693415826806e-01 1.372163592197842008e-01 0.000000000000000000e+00 0.000000000000000000e+00 1.123866423518109642e-01 1.699812127645687621e-01
6.450000000000000000e+02 2.056123761549033535e-01 9.305657046799693799e-02 0.000000000000000000e+00 0.000000000000000000e+00 7.896259716457380839e-02 6.300424802335023722e-02
6.500000000000000000e+02 7.299816106108247826e-02 6.651278911559996287e-02 0.000000000000000000e+00 0.000000000000000000e+00 5.570972434673067408e-02 1.351643603011733752e-01
6.550000000000000000e+02 2.144954475377285896e-01 1.099882214554092144e-02 0.000000000000000000e+00 0.000000000000000000e+00 7.802896167068465449e-02 1.732050533205099219e-01
6.600000000000000000e+02 3.196854731698725027e-01 0.000000000000000000e+00 0.000000000000000000e+00 0.000000000000000000e+00 1.449841343480510469e-01 0.000000000000000000e+00
6.650000000000000000e+02 3.197426380633244802e-01 1.046854213719074639e-01 1.000000000000000000e+00 0.000000000000000000e+00 8.413319222276437193e-02 1.323161037310109922e-01
6.700000000000000000e+02 4.081395738812281238e-01 2.508609986497262190e-01 1.000000000000000000e+00 0.000000000000000000e+00 1.349213582150060875e-01 1.328149925456900138e-01
6.750000000000000000e+02 2.153016504972964928e-01 1.068788054883200098e-02 0.000000000000000000e+00 0.000000000000000000e+00 1.259446883613931090e-01 1.899799700790116494e-02
6.800000000000000000e+02 2.025864551556659232e-01 5.223780059098511591e-02 0.000000000000000000e+00 0.000000000000000000e+00 7.772911144691171947e-02 1.026806803522462286e-01
6.850000000000000000e+02 1.075153739270089392e-01 2.079724282621662756e-01 0.000000000000000000e+00 0.000000000000000000e+00 5.468493231442816960e-02 1.671683780058403623e-01
6.900000000000000000e+02 2.306270245771741556e-01 5.658909735166012429e-03 0.000000000000000000e+00 0.000000000000000000e+00 2.153299959451804857e-01 3.211720264880201046e-03
6.950000000000000000e+02 2.520968111827778801e-01 3.669150812501944560e-03 0.000000000000000000e+00 0.000000000000000000e+00 1.198182182113576716e-01 3.248733275062799103e-03
7.000000000000000000e+02 2.798835138519426557e-01 7.981348475490000977e-04 0.000000000000000000e+00 0.000000000000000000e+00 1.027881421372241894e-01 5.137467579727263318e-03
7.050000000000000000e+02 1.046233626401498890e-01 0.000000000000000000e+00 0.000000000000000000e+00 0.000000000000000000e+00 8.922485676379492137e-02 0.000000000000000000e+00
7.100000000000000000e+02 6.815905455964990645e-02 3.922978760194502541e-03 0.000000000000000000e+00 0.000000000000000000e+00 9.492153506202363755e-02 5.759255819296015162e-03
7.150000000000000000e+02 1.754672101308830667e-01 1.460006817753272679e-01 0.000000000000000000e+00 0.000000000000000000e+00 9.908493952564241536e-02 1.833612530741338953e-01
7.200000000000000000e+02 1.688320250338717354e-01 7.078056485492803529e-02 0.000000000000000000e+00 0.000000000000000000e+00 1.478880193492051465e-01 9.296662760627721900e-02
7.250000000000000000e+02 7.833607689511071226e-02 3.735491208916608130e-02 0.000000000000000000e+00 0.000000000000000000e+00 7.664473106243498146e-02 8.896537143720237295e-02
7.300000000000000000e+02 1.443811626767061429e-01 3.032381497834715518e-03 0.000000000000000000e+00 0.000000000000000000e+00 1.152587237633874856e-01 3.236980016035964202e-03
7.350000000000000000e+02 2.705847756905697121e-01 0.000000000000000000e+00 0.000000000000000000e+00 0.000000000000000000e+00 1.574790087980594833e-01 0.000000000000000000e+00
7.400000000000000000e+02 9.418319539792392725e-02 9.228911479539187238e-03 0.000000000000000000e+00 0.000000000000000000e+00 6.788444209534336138e-02 6.931923054380553784e-02
7.450000000000000000e+02 3.188938582803558797e-01 1.619866937234700627e-03 1.000000000000000000e+00 0.000000000000000000e+00 7.775625238261105188e-02 3.344098017154182364e-03
7.500000000000000000e+02 1.205458883923850727e-01 4.935472215843180604e-02 0.000000000000000000e+00 0.000000000000000000e+00 8.424565736270187011e-02 1.677019202285725819e-01
7.550000000000000000e+02 3.868667613694105195e-02 1.062853182971157801e-01 0.000000000000000000e+00 0.000000000000000000e+00 6.728223657120556422e-02 1.702012520158129594e-01
7.600000000000000000e+02 9.038143475459797793e-02 2.367905053533661541e-01 0.000000000000000000e+00 0.000000000000000000e+00 1.055427085453314734e-01 1.095816366706615641e-01
7.650000000000000000e+02 2.412796820410356702e-01 4.757841395573288168e-02 0.000000000000000000e+00 0.000000000000000000e+00 1.251750743023371526e-01 1.290684104587556391e-01
7.700000000000000000e+02 3.385491115408699458e-02 1.475156616888494976e-01 0.000000000000000000e+00 0.000000000000000000e+00 1.241448769242450012e-01 9.241658576236864986e-02
7.750000000000000000e+02 3.409193238726003772e-01 1.915185162837753641e-01 1.000000000000000000e+00 0.000000000000000000e+00 1.165942191621735236e-01 1.411892410133639142e-01
7.800000000000000000e+02 1.177925806221467031e-01 3.716331635842368836e-02 0.000000000000000000e+00 0.000000000000000000e+00 7.758591487948356125e-02 1.167998633593701624e-01
7.850000000000000000e+02 2.228610428327721382e-01 0.000000000000000000e+00 0.000000000000000000e+00 0.000000000000000000e+00 1.464655524077573268e-01 0.000000000000000000e+00
7.900000000000000000e+02 1.707455842448662164e-01 7.287783302136292829e-02 0.000000000000000000e+00 0.000000000000000000e+00 1.584230031096708624e-01 1.380384513791428347e-01
7.950000000000000000e+02 3.167814169699908478e-01 1.909525715056489825e-01 1.000000000000000000e+00 0.000000000000000000e+00 1.037374575549734057e-01 8.895541746082899492e-02
8.000000000000000000e+02 1.682889836564491759e-01 1.958449455050895460e-01 0.000000000000000000e+00 0.000000000000000000e+00 1.250386961155971199e-01 1.708661520037290937e-01
8.050000000000000000e+02 8.947977187129843579e-02 4.072829635436733819e-02 0.000000000000000000e+00 0.000000000000000000e+00 9.928945910989896151e-02 1.382900026440758989e-01
8.100000000000000000e+02 1.058045606795915833e-01 1.678141319991391378e-01 0.000000000000000000e+00 0.000000000000000000e+00 5.254508257024422674e-02 1.242393564761070518e-01
8.150000000000000000e+02 5.128906683352327800e-01 1.543715063475612215e-01 1.000000000000000000e+00 0.000000000000000000e+00 1.572524032943698746e-01 1.082523235351768587e-01
8.200000000000000000e+02 2.899827308392436409e-01 7.133173348440995098e-02 0.000000000000000000e+00 0.000000000000000000e+00 1.718906465235009451e-01 1.693317565615065079e-01
8.250000000000000000e+02 1.224529131869386556e-01 1.432120887790384531e-02 0.000000000000000000e+00 0.000000000000000000e+00 9.111469170181925314e-02 1.073906680025807775e-01
8.300000000000000000e+02 5.192250969038299246e-02 0.000000000000000000e+00 0.000000000000000000e+00 0.000000000000000000e+00 8.962191997549530387e-02 0.000000000000000000e+00
8.350000000000000000e+02 1.952455943193147081e-01 1.551280705091860612e-01 1.000000000000000000e+00 0.000000000000000000e+00 6.755748992413172782e-02 1.566058185188172747e-01
8.400000000000000000e+02 1.483480112245342264e-01 4.074409336105419728e-03 0.000000000000000000e+00 0.000000000000000000e+00 1.013152081171380253e-01 2.661127650771082532e-03
8.450000000000000000e+02 2.463435664780945777e-01 1.665365187813665215e-02 1.000000000000000000e+00 0.000000000000000000e+00 6.541368181482085098e-02 1.112551899634068447e-02
8.500000000000000000e+02 2.977381938128014771e-01 2.891911472766404631e-03 1.000000000000000000e+00 0.000000000000000000e+00 9.353992727877333269e-02 4.821063849833365569e-03
8.550000000000000000e+02 2.115141589928910548e-01 6.791196019858616699e-03 0.000000000000000000e+00 0.000000000000000000e+00 1.979954131756255786e-01 4.070895810693010708e-03
8.600000000000000000e+02 9.574011696687012574e-02 7.264189030392909086e-02 0.000000000000000000e+00 0.000000000000000000e+00 6.732732861785091505e-02 8.525572616519104530e-02
8.650000000000000000e+02 1.333047978330694772e-01 2.201456477563285864e-03 0.000000000000000000e+00 0.000000000000000000e+00 8.816985655507847408e-02 6.684460057238403828e-03
8.700000000000000000e+02 2.762037214726714152e-01 0.000000000000000000e+00 0.000000000000000000e+00 0.000000000000000000e+00 1.342998729840136629e-01 0.000000000000000000e+00
8.750000000000000000e+02 2.120915673103630217e-01 0.000000000000000000e+00 0.000000000000000000e+00 0.000000000000000000e+00 1.611991913764698747e-01 0.000000000000000000e+00
8.800000000000000000e+02 8.146082652659135739e-03 0.000000000000000000e+00 0.000000000000000000e+00 0.000000000000000000e+00 5.459837928130521073e-02 0.000000000000000000e+00
8.850000000000000000e+02 7.722334678692271970e-02 4.197538283925730113e-02 0.000000000000000000e+00 0.000000000000000000e+00 7.946129923742144274e-02 9.844066083080466045e-02
8.900000000000000000e+02 3.661523747799059758e-01 8.342007678902882070e-03 0.000000000000000000e+00 0.000000000000000000e+00 1.686947805649473831e-01 1.056519765734986564e-02
8.950000000000000000e+02 2.136979273027914128e-01 6.429343898255762690e-02 0.000000000000000000e+00 0.000000000000000000e+00 1.188000306057824806e-01 8.735632371359439152e-02
9.000000000000000000e+02 1.819523512074403548e-01 0.000000000000000000e+00 0.000000000000000000e+00 0.000000000000000000e+00 1.290808071381936706e-01 0.000000000000000000e+00
9.050000000000000000e+02 1.242983085904188767e-01 5.620495702474008481e-02 0.000000000000000000e+00 0.000000000000000000e+00 1.065741549187361886e-01 1.070564949388162074e-01
9.100000000000000000e+02 0.000000000000000000e+00 1.386367411150737361e-01 0.000000000000000000e+00 0.000000000000000000e+00 0.000000000000000000e+00 1.002315125662129741e-01
9.150000000000000000e+02 2.032035273889225557e-01 1.080481043472633074e-01 0.000000000000000000e+00 0.000000000000000000e+00 1.488899126294375430e-01 8.134285593951239013e-02
9.200000000000000000e+02 3.103556502602403677e-01 0.000000000000000000e+00 1.000000000000000000e+00 0.000000000000000000e+00 1.014252422169912293e-01 0.000000000000000000e+00
9.250000000000000000e+02 2.021085458729611761e-01 2.398885977010291326e-02 0.000000000000000000e+00 0.000000000000000000e+00 9.978173221710298635e-02 7.100668069775416258e-02
9.300000000000000000e+02 3.595803919455707598e-02 2.689417713445258536e-03 0.000000000000000000e+00 0.000000000000000000e+00 6.254666363263847173e-02 4.882375726917129351e-03
9.350000000000000000e+02 1.813469774080554153e-01 6.715467051172706314e-02 0.000000000000000000e+00 0.000000000000000000e+00 8.351365715651019872e-02 1.452365822094643100e-01
9.400000000000000000e+02 1.874950161275018290e-01 3.709205213781702117e-03 0.000000000000000000e+00 0.000000000000000000e+00 1.121085580910219370e-01 2.088095832403349256e-02
9.450000000000000000e+02 9.290818757765977043e-02 8.030583611463989677e-03 0.000000000000000000e+00 0.000000000000000000e+00 1.227342407525732620e-01 1.600058597020662457e-02
9.500000000000000000e+02 1.908643526007840485e-01 0.000000000000000000e+00 0.000000000000000000e+00 0.000000000000000000e+00 8.610782628754518053e-02 0.000000000000000000e+00
9.550000000000000000e+02 4.194160485014505717e-03 9.669281593121792362e-02 0.000000000000000000e+00 0.000000000000000000e+00 1.822300223008519945e-02 7.475053736941925098e-02
9.600000000000000000e+02 2.216658763942238285e-03 5.624480254158917975e-02 0.000000000000000000e+00 0.000000000000000000e+00 2.877168082399861500e-03 1.263763814745413883e-01
9.650000000000000000e+02 7.399402467475757472e-02 0.000000000000000000e+00 0.000000000000000000e+00 0.000000000000000000e+00 1.389446139225897214e-01 0.000000000000000000e+00
9.700000000000000000e+02 1.768529650550891841e-01 2.376442954394587109e-03 0.000000000000000000e+00 0.000000000000000000e+00 8.701593300186225011e-02 5.582281225322429687e-03
9.750000000000000000e+02 2.921731673283877589e-02 7.703257603936747647e-03 0.000000000000000000e+00 0.000000000000000000e+00 5.240808845475088823e-02 1.648555671418449123e-02
9.800000000000000000e+02 4.956813613770291727e-02 3.815829338151184580e-02 0.000000000000000000e+00 0.000000000000000000e+00 1.834965722312578151e-01 1.817894824190125491e-01
9.850000000000000000e+02 2.551586269956372943e-01 0.000000000000000000e+00 0.000000000000000000e+00 0.000000000000000000e+00 9.649805514911827253e-02 0.000000000000000000e+00
9.900000000000000000e+02 2.358410209820008263e-01 0.000000000000000000e+00 0.000000000000000000e+00 0.000000000000000000e+00 1.726291404922484785e-01 0.000000000000000000e+00
9.950000000000000000e+02 1.302318807515770449e-01 0.000000000000000000e+00 0.000000000000000000e+00 0.000000000000000000e+00 8.399344493061235151e-02 0.000000000000000000e+00
