0.000000000000000000e+00 0.000000000000000000e+00 0.000000000000000000e+00 0.000000000000000000e+00 0.000000000000000000e+00 0.000000000000000000e+00 0.000000000000000000e+00
5.000000000000000000e+00 1.100842458911919453e+00 5.526795987074630823e-01 1.000000000000000000e+00 1.000000000000000000e+00 2.379119015364280776e-01 1.823299529210334335e-01
1.000000000000000000e+01 1.210631787805132920e+00 3.751141416847409427e-01 1.000000000000000000e+00 1.000000000000000000e+00 2.327673192269767710e-01 1.313346533396121396e-01
1.500000000000000000e+01 1.115992326451291872e+00 4.184680171271351057e-01 1.000000000000000000e+00 0.000000000000000000e+00 2.301409980468960559e-01 1.600617275673401618e-01
2.000000000000000000e+01 8.602033380043485611e-01 4.572401209118044929e-01 1.000000000000000000e+00 0.000000000000000000e+00 1.813458139787698098e-01 1.669639976800177950e-01
2.500000000000000000e+01 1.200356768651365202e+00 4.532883238047276109e-01 1.000000000000000000e+00 0.000000000000000000e+00 2.018797102805825749e-01 2.166255280719838472e-01
3.000000000000000000e+01 1.048760818526837779e+00 4.323731477349198049e-01 1.000000000000000000e+00 1.000000000000000000e+00 1.756695713623846189e-01 7.840564179361739217e-02
3.500000000000000000e+01 9.709370983969749513e-01 2.576231967484220453e-01 1.000000000000000000e+00 0.000000000000000000e+00 2.242435017952606191e-01 1.254511919720959490e-01
4.000000000000000000e+01 8.335083365869495609e-01 2.227410984659381477e-01 1.000000000000000000e+00 0.000000000000000000e+00 2.289882028372140499e-01 1.390504414551362589e-01
4.500000000000000000e+01 7.911969627690862428e-01 1.766941021947041890e-01 1.000000000000000000e+00 0.000000000000000000e+00 1.991736886286416541e-01 1.280880294015727117e-01
5.000000000000000000e+01 8.815240965023465325e-01 2.983357864186674258e-01 1.000000000000000000e+00 0.000000000000000000e+00 2.307203503606206629e-01 1.152844260603745757e-01
5.500000000000000000e+01 8.449270145774805396e-01 3.088843118903299989e-01 1.000000000000000000e+00 0.000000000000000000e+00 2.013871160030301088e-01 1.492297835000077066e-01
6.000000000000000000e+01 7.352795617091050229e-01 1.479796709123626930e-01 1.000000000000000000e+00 0.000000000000000000e+00 1.867093079793981369e-01 7.708945075750622822e-02
6.500000000000000000e+01 1.034594233067810176e+00 3.463708497524974339e-01 1.000000000000000000e+00 1.000000000000000000e+00 2.083273110073927126e-01 9.592485758725470546e-02
7.000000000000000000e+01 8.474237692800480337e-01 3.660004723338357024e-01 1.000000000000000000e+00 1.000000000000000000e+00 2.391410882635063018e-01 1.271068854182404173e-01
7.500000000000000000e+01 8.359900775106179349e-01 2.801878791075905761e-01 1.000000000000000000e+00 0.000000000000000000e+00 2.529881429884670574e-01 1.442178473467092825e-01
8.000000000000000000e+01 8.746296997812128549e-01 2.050351947648131612e-01 1.000000000000000000e+00 0.000000000000000000e+00 2.652394365313711089e-01 9.285872472572039016e-02
8.500000000000000000e+01 8.356581798177318277e-01 3.583868493251635701e-01 1.000000000000000000e+00 0.000000000000000000e+00 2.673285818780314904e-01 1.489999662329425378e-01
9.000000000000000000e+01 7.756109722752222435e-01 2.169053784850048794e-01 1.000000000000000000e+00 0.000000000000000000e+00 2.141966142544967366e-01 1.023723278321565788e-01
9.500000000000000000e+01 7.874357604219851536e-01 2.243999407078505204e-01 1.000000000000000000e+00 0.000000000000000000e+00 2.383429086763828031e-01 1.349028488904508438e-01
1.000000000000000000e+02 9.121659808136527436e-01 1.480619088293591568e-01 1.000000000000000000e+00 0.000000000000000000e+00 2.561225759856179396e-01 1.977960014819443169e-01
1.050000000000000000e+02 8.725464075760038796e-01 2.093334582638997909e-01 1.000000000000000000e+00 0.000000000000000000e+00 2.043809362402336793e-01 1.115805349664290985e-01
1.100000000000000000e+02 7.237074725422192323e-01 1.798935810518239864e-01 1.000000000000000000e+00 1.000000000000000000e+00 1.733791423302961654e-01 5.611178869047412504e-02
1.150000000000000000e+02 7.157029732635054042e-01 1.879311858428132642e-01 1.000000000000000000e+00 0.000000000000000000e+00 2.502911502073590921e-01 1.167369760395974426e-01
1.200000000000000000e+02 6.231798254465907849e-01 2.706001837563276613e-01 0.000000000000000000e+00 0.000000000000000000e+00 2.300617048251095698e-01 1.202998932769851759e-01
1.250000000000000000e+02 9.256260624862099329e-01 2.079645870691394227e-01 1.000000000000000000e+00 0.000000000000000000e+00 1.526405234246533682e-01 1.268632999256631144e-01
1.300000000000000000e+02 7.285312090108176930e-01 9.261651015261737618e-02 1.000000000000000000e+00 0.000000000000000000e+00 2.329698675678861242e-01 1.116217253699221257e-01
1.350000000000000000e+02 6.275596790745796572e-01 1.835881996700153007e-01 0.000000000000000000e+00 0.000000000000000000e+00 2.373891285161587872e-01 1.212247210495767807e-01
1.400000000000000000e+02 5.656751735737552966e-01 1.065603028170506172e-01 0.000000000000000000e+00 0.000000000000000000e+00 2.092258964803601906e-01 1.178899743090362356e-01
1.450000000000000000e+02 7.107065881868919188e-01 2.394265397199543677e-01 1.000000000000000000e+00 0.000000000000000000e+00 1.896840619558283203e-01 1.004486147113730771e-01
1.500000000000000000e+02 6.307343875068369687e-01 1.137076069710748205e-01 1.000000000000000000e+00 0.000000000000000000e+00 1.780819483766268307e-01 7.389767930325319423e-02
1.550000000000000000e+02 8.681147690928396887e-01 2.491963298618947442e-01 1.000000000000000000e+00 0.000000000000000000e+00 2.041792829792143105e-01 1.207349013207702632e-01
1.600000000000000000e+02 7.460976500642179099e-01 7.017195429637072823e-02 1.000000000000000000e+00 0.000000000000000000e+00 2.055927986120037743e-01 1.270852350977621226e-01
1.650000000000000000e+02 6.391963154353870191e-01 4.331073403219248275e-01 1.000000000000000000e+00 1.000000000000000000e+00 2.225548396279035668e-01 1.523312794858853458e-01
1.700000000000000000e+02 6.485902599886991249e-01 1.960931864506645916e-01 1.000000000000000000e+00 0.000000000000000000e+00 1.734614877052180482e-01 1.267342773534138323e-01
1.750000000000000000e+02 6.281910758465688582e-01 1.703432405626640056e-01 0.000000000000000000e+00 0.000000000000000000e+00 2.356826548927493659e-01 1.711325713129413784e-01
1.800000000000000000e+02 6.969815252288633634e-01 1.579709830422070527e-01 1.000000000000000000e+00 0.000000000000000000e+00 1.788946504389569425e-01 1.449354670943600043e-01
1.850000000000000000e+02 7.063005461934237506e-01 3.807237558353952778e-02 1.000000000000000000e+00 0.000000000000000000e+00 1.925033419513922650e-01 1.669034968860290402e-01
1.900000000000000000e+02 6.528028729587072032e-01 3.716712772048776925e-01 1.000000000000000000e+00 0.000000000000000000e+00 2.110654162111825216e-01 1.671145990002061987e-01
1.950000000000000000e+02 6.660668117142682920e-01 2.738447013651268414e-01 1.000000000000000000e+00 1.000000000000000000e+00 1.510503183963495810e-01 9.606623126188609807e-02
2.000000000000000000e+02 6.309610806477314870e-01 1.676779752497838463e-02 1.000000000000000000e+00 0.000000000000000000e+00 2.098901449099412064e-01 1.409587345793235080e-01
2.050000000000000000e+02 4.903584899665275887e-01 2.479879125753069735e-01 1.000000000000000000e+00 0.000000000000000000e+00 1.536018096227202423e-01 1.568334891076362259e-01
2.100000000000000000e+02 7.528628471934105670e-01 3.551188035255603559e-01 1.000000000000000000e+00 0.000000000000000000e+00 1.896877538136987895e-01 1.546591534221156972e-01
2.150000000000000000e+02 6.830954382857290508e-01 2.310067207072564466e-01 1.000000000000000000e+00 0.000000000000000000e+00 1.970486417946307467e-01 8.814479971002012193e-02
2.200000000000000000e+02 5.997954985217121004e-01 3.696829461398145611e-01 1.000000000000000000e+00 1.000000000000000000e+00 2.086925489364384045e-01 1.288573821052229895e-01
2.250000000000000000e+02 5.677501387957712975e-01 3.048398946745340399e-01 0.000000000000000000e+00 0.000000000000000000e+00 2.067798449514912928e-01 1.237029146741208674e-01
2.300000000000000000e+02 7.431298053878443444e-01 1.044964617674161433e-01 1.000000000000000000e+00 0.000000000000000000e+00 2.341145954459433187e-01 1.148046500535973846e-01
2.350000000000000000e+02 7.768864019480485883e-01 2.425356519174471370e-01 0.000000000000000000e+00 0.000000000000000000e+00 2.862746108710617632e-01 1.023716502414190044e-01
2.400000000000000000e+02 6.181366908648591174e-01 1.779636476314826188e-01 1.000000000000000000e+00 0.000000000000000000e+00 1.887117424821087852e-01 1.156525768124139764e-01
2.450000000000000000e+02 6.931046667760715208e-01 2.185683993418191806e-01 1.000000000000000000e+00 0.000000000000000000e+00 1.885027810562406037e-01 1.045052494715124625e-01
2.500000000000000000e+02 5.684184695277990640e-01 1.875666565929821894e-01 1.000000000000000000e+00 0.000000000000000000e+00 2.001301184569084235e-01 1.815415906909232380e-01
2.550000000000000000e+02 5.640990105891732220e-01 1.151059386622241415e-01 0.000000000000000000e+00 0.000000000000000000e+00 2.164551809949064043e-01 6.945731334276143698e-02
2.600000000000000000e+02 5.438340712139404509e-01 1.646515900480095829e-01 1.000000000000000000e+00 0.000000000000000000e+00 1.762452739900523258e-01 7.013008932168059151e-02
2.650000000000000000e+02 6.506841299116007393e-01 2.361801149453172377e-01 1.000000000000000000e+00 0.000000000000000000e+00 1.392516916628459556e-01 1.156439109261341719e-01
2.700000000000000000e+02 5.609803559489685565e-01 5.936360328853901303e-02 1.000000000000000000e+00 0.000000000000000000e+00 1.817739316418419682e-01 1.113138824378585440e-01
2.750000000000000000e+02 5.152365784647769953e-01 2.021806928456515440e-01 0.000000000000000000e+00 0.000000000000000000e+00 2.342993508367709199e-01 9.243926038941591150e-02
2.800000000000000000e+02 6.065882023860439398e-01 9.756553662649604386e-02 0.000000000000000000e+00 0.000000000000000000e+00 2.193556667194503373e-01 1.339072021788508260e-01
2.850000000000000000e+02 6.266376885212570080e-01 4.268031825496577253e-02 1.000000000000000000e+00 0.000000000000000000e+00 2.126900657214426116e-01 1.849804593924043172e-01
2.900000000000000000e+02 7.521723694825610540e-01 1.811177433148630223e-01 1.000000000000000000e+00 0.000000000000000000e+00 1.512175380264940139e-01 1.963569609165113361e-01
2.950000000000000000e+02 4.142937321996076894e-01 8.679005030638078932e-02 0.000000000000000000e+00 0.000000000000000000e+00 2.248161146514037756e-01 1.040700492218578632e-01
3.000000000000000000e+02 4.855984908555008306e-01 7.345244203989773069e-02 0.000000000000000000e+00 0.000000000000000000e+00 1.938782646461860992e-01 5.021215788676443997e-02
3.050000000000000000e+02 4.363364571282662974e-01 4.195094293602027458e-01 0.000000000000000000e+00 1.000000000000000000e+00 2.072988580178982132e-01 1.229428353240368532e-01
3.100000000000000000e+02 5.962190469969590456e-01 1.896241077411025266e-01 1.000000000000000000e+00 0.000000000000000000e+00 1.606798118752855165e-01 1.518923847598555865e-01
3.150000000000000000e+02 3.833758405409345427e-01 1.209354283912604383e-01 0.000000000000000000e+00 0.000000000000000000e+00 1.824211360385561143e-01 1.560199917333154884e-01
3.200000000000000000e+02 4.311268568313473826e-01 1.898878444192152737e-01 1.000000000000000000e+00 0.000000000000000000e+00 9.458680045598306940e-02 1.004775196059898290e-01
3.250000000000000000e+02 3.765358828964773807e-01 2.620726236156919464e-01 0.000000000000000000e+00 0.000000000000000000e+00 1.344887696674097466e-01 1.456852968920221425e-01
3.300000000000000000e+02 4.052838177773446793e-01 1.574654489903272170e-01 0.000000000000000000e+00 0.000000000000000000e+00 1.551999958004466884e-01 7.478168746963720359e-02
3.350000000000000000e+02 3.776263471744226163e-01 2.081783232287249541e-01 0.000000000000000000e+00 0.000000000000000000e+00 1.630100986107144712e-01 1.188333117862042237e-01
3.400000000000000000e+02 3.308378751060761513e-01 3.517187819312170838e-01 1.000000000000000000e+00 0.000000000000000000e+00 9.935545856216078386e-02 1.399120747376512708e-01
3.450000000000000000e+02 4.362091648526041365e-01 2.959081886705751049e-02 0.000000000000000000e+00 0.000000000000000000e+00 1.604277197102057240e-01 1.626814875495931345e-01
3.500000000000000000e+02 4.422894816126137774e-01 9.706262066890795903e-02 1.000000000000000000e+00 0.000000000000000000e+00 1.196967794648881450e-01 1.022040814408847892e-01
3.550000000000000000e+02 3.968896363312886533e-01 1.773317266849678553e-01 0.000000000000000000e+00 0.000000000000000000e+00 1.491426603161777609e-01 1.110132789767349637e-01
3.600000000000000000e+02 3.710931690781203995e-01 4.241166244158932341e-02 0.000000000000000000e+00 0.000000000000000000e+00 1.432054949036130065e-01 1.711969869306457503e-01
3.650000000000000000e+02 4.703517112442162640e-01 5.088953288145649928e-02 1.000000000000000000e+00 0.000000000000000000e+00 1.484178573171048010e-01 8.456868149225139908e-02
3.700000000000000000e+02 2.937320340231694971e-01 1.276220811804435196e-01 0.000000000000000000e+00 0.000000000000000000e+00 1.251650040661820840e-01 1.120000766069425002e-01
3.750000000000000000e+02 4.798021792085955251e-01 1.549389390500338082e-01 1.000000000000000000e+00 0.000000000000000000e+00 1.407929539424706000e-01 1.592221160292939808e-01
3.800000000000000000e+02 4.363039455257307075e-01 2.360031858831800611e-01 1.000000000000000000e+00 0.000000000000000000e+00 8.387344604911763091e-02 1.649832778865702176e-01
3.850000000000000000e+02 4.562455245797704673e-01 2.887428879441962248e-01 1.000000000000000000e+00 0.000000000000000000e+00 9.088754225678127852e-02 1.385396197084572123e-01
3.900000000000000000e+02 3.440925096194268340e-01 1.802499154962073358e-01 0.000000000000000000e+00 0.000000000000000000e+00 1.380242158293248922e-01 1.488501087822233504e-01
3.950000000000000000e+02 2.839942182305211782e-01 1.515371037929402753e-01 0.000000000000000000e+00 0.000000000000000000e+00 1.356933306444593479e-01 1.361700450189873290e-01
4.000000000000000000e+02 4.137991739397017810e-01 7.644335588946185589e-02 1.000000000000000000e+00 0.000000000000000000e+00 1.062019002632007131e-01 1.590972763447000560e-01
4.050000000000000000e+02 4.360352841780462674e-01 2.097147377335332741e-01 1.000000000000000000e+00 0.000000000000000000e+00 9.426402929838137434e-02 2.019798894967712033e-01
4.100000000000000000e+02 3.695676526947172524e-01 2.762151395833660206e-01 0.000000000000000000e+00 0.000000000000000000e+00 1.462552488432080633e-01 1.207900878348783513e-01
4.150000000000000000e+02 4.005972841746941460e-01 1.315455328362679643e-01 0.000000000000000000e+00 0.000000000000000000e+00 2.034998187318342033e-01 9.158471794523788401e-02
4.200000000000000000e+02 2.492234337519523280e-01 8.503124079579990613e-02 0.000000000000000000e+00 0.000000000000000000e+00 1.405542260785722364e-01 1.758475090130613150e-01
4.250000000000000000e+02 3.510603016678197075e-01 2.374879249112916424e-01 0.000000000000000000e+00 0.000000000000000000e+00 1.632822244054165928e-01 8.771730906702517039e-02
4.300000000000000000e+02 5.146487098028877938e-01 1.597962340206371123e-01 1.000000000000000000e+00 0.000000000000000000e+00 1.471191477295462346e-01 1.137775520261652129e-01
4.350000000000000000e+02 2.427438913368915041e-01 0.000000000000000000e+00 0.000000000000000000e+00 0.000000000000000000e+00 1.702556927717035484e-01 0.000000000000000000e+00
4.400000000000000000e+02 2.810071612961028698e-01 2.396667581439254346e-01 0.000000000000000000e+00 0.000000000000000000e+00 1.529970623508301042e-01 1.738607471197858301e-01
4.450000000000000000e+02 3.990385856507113749e-01 1.335102089380706125e-01 0.000000000000000000e+00 0.000000000000000000e+00 1.809642744703914841e-01 1.321978467977145411e-01
4.500000000000000000e+02 3.756682738459971582e-01 7.795985289450221845e-02 1.000000000000000000e+00 0.000000000000000000e+00 1.237490901479210148e-01 8.026965272136409035e-02
4.550000000000000000e+02 3.885934258680725506e-01 1.597039113339933022e-02 0.000000000000000000e+00 0.000000000000000000e+00 1.753447320874275683e-01 1.240211761529677048e-01
4.600000000000000000e+02 4.042418584871277920e-01 2.128182203839370373e-02 1.000000000000000000e+00 0.000000000000000000e+00 1.211691467220079865e-01 1.010723462188871102e-01
4.650000000000000000e+02 2.640887595597608550e-01 3.070810957924373086e-01 0.000000000000000000e+00 1.000000000000000000e+00 1.560984486827175777e-01 8.350390221940556801e-02
4.700000000000000000e+02 2.143813234597961304e-01 1.896435600400276367e-01 0.000000000000000000e+00 0.000000000000000000e+00 1.394253878493359189e-01 1.060580550218224588e-01
4.750000000000000000e+02 3.661323464522502902e-01 1.765964397704284927e-01 0.000000000000000000e+00 0.000000000000000000e+00 1.681577290779675549e-01 1.383981382776849622e-01
4.800000000000000000e+02 2.148196754855979107e-01 2.920397351325713098e-01 0.000000000000000000e+00 0.000000000000000000e+00 1.085665825665057260e-01 1.268056767953767983e-01
4.850000000000000000e+02 2.834223898958365684e-01 2.329151130936902292e-01 0.000000000000000000e+00 0.000000000000000000e+00 1.496124726358450674e-01 1.148080471183997864e-01
4.900000000000000000e+02 2.406647414762935200e-01 0.000000000000000000e+00 0.000000000000000000e+00 0.000000000000000000e+00 9.241256286939579512e-02 0.000000000000000000e+00
4.950000000000000000e+02 3.511322003701468630e-01 2.870628557942981329e-01 0.000000000000000000e+00 1.000000000000000000e+00 1.686054611931101233e-01 9.804415063926050222e-02
5.000000000000000000e+02 2.635606594289640614e-01 3.714834432763390593e-02 0.000000000000000000e+00 0.000000000000000000e+00 1.722403066559852203e-01 1.330331895087021321e-01
5.050000000000000000e+02 3.009519611128310679e-01 1.462611245205244492e-01 0.000000000000000000e+00 0.000000000000000000e+00 1.382117141624266965e-01 1.689097843730255066e-01
5.100000000000000000e+02 4.109085222110088198e-01 3.155787368564560436e-01 1.000000000000000000e+00 0.000000000000000000e+00 9.406292179482751703e-02 1.299030143388732739e-01
5.150000000000000000e+02 3.031444294112820570e-01 1.939400677090263037e-01 0.000000000000000000e+00 0.000000000000000000e+00 1.131715021984276842e-01 1.459561536493767520e-01
5.200000000000000000e+02 1.853849202331402102e-01 1.000136913116476817e-01 0.000000000000000000e+00 0.000000000000000000e+00 1.292709993296572712e-01 8.985962496850170844e-02
5.250000000000000000e+02 2.801695963669933453e-01 1.784323867799624819e-01 0.000000000000000000e+00 0.000000000000000000e+00 1.121142789685597163e-01 8.674323694318321343e-02
5.300000000000000000e+02 2.337084143278011505e-01 1.926615655418342787e-01 0.000000000000000000e+00 0.000000000000000000e+00 1.859946797465313328e-01 1.392386304276697628e-01
5.350000000000000000e+02 4.234335709755864680e-02 4.297547426941697793e-03 0.000000000000000000e+00 0.000000000000000000e+00 1.237559071787861509e-01 9.956143431241232591e-03
5.400000000000000000e+02 1.722536527109307936e-01 6.214452139674826736e-02 0.000000000000000000e+00 0.000000000000000000e+00 1.721192500358773581e-01 1.558077846368242925e-01
5.450000000000000000e+02 3.453224067611602166e-01 2.561276042459663671e-01 0.000000000000000000e+00 1.000000000000000000e+00 1.372784107437284851e-01 6.426394886515394977e-02
5.500000000000000000e+02 2.172306426352743070e-01 2.603625438341958809e-01 0.000000000000000000e+00 0.000000000000000000e+00 1.249266146773105185e-01 1.427753020836754205e-01
5.550000000000000000e+02 2.581866877267210425e-01 2.264940730188470114e-02 0.000000000000000000e+00 0.000000000000000000e+00 1.698147866578907927e-01 5.998094013824996351e-02
5.600000000000000000e+02 2.578327576519418574e-01 2.014209177331227063e-01 0.000000000000000000e+00 0.000000000000000000e+00 1.602780320079250365e-01 1.483178298409257856e-01
5.650000000000000000e+02 1.769931885816959094e-01 1.242197456353220375e-01 0.000000000000000000e+00 0.000000000000000000e+00 1.371912480607545282e-01 1.089888490587675035e-01
5.700000000000000000e+02 2.003852943740822568e-01 2.806353242131661152e-01 0.000000000000000000e+00 0.000000000000000000e+00 1.842936266074615692e-01 1.258839889868280659e-01
5.750000000000000000e+02 1.639207301919330395e-01 2.284683483302643592e-01 0.000000000000000000e+00 0.000000000000000000e+00 1.308549378484143988e-01 1.183925694990829308e-01
5.800000000000000000e+02 1.345492302718602207e-01 1.563850916927685825e-02 0.000000000000000000e+00 0.000000000000000000e+00 1.366370025605713467e-01 1.460728727140053196e-01
5.850000000000000000e+02 2.059894807826450902e-01 6.181800503745919773e-02 0.000000000000000000e+00 0.000000000000000000e+00 1.108889926567849515e-01 1.517783768629608343e-01
5.900000000000000000e+02 2.940754220591425550e-01 3.091459788731246716e-01 0.000000000000000000e+00 0.000000000000000000e+00 1.249337127701192762e-01 2.090299448511067082e-01
5.950000000000000000e+02 1.546662115365792511e-01 9.040945473812163347e-02 0.000000000000000000e+00 0.000000000000000000e+00 1.309235901820351433e-01 1.150049091736218415e-01
6.000000000000000000e+02 1.889070511662783447e-01 0.000000000000000000e+00 0.000000000000000000e+00 0.000000000000000000e+00 1.625688777304022115e-01 0.000000000000000000e+00
6.050000000000000000e+02 3.478517400948059612e-01 2.175419390761135219e-01 0.000000000000000000e+00 0.000000000000000000e+00 1.299567156877127483e-01 1.085197692050454271e-01
6.100000000000000000e+02 1.220940258372240211e-01 2.016172038541376357e-03 0.000000000000000000e+00 0.000000000000000000e+00 1.041469340443693381e-01 3.508093256270330799e-03
6.150000000000000000e+02 2.640203510623173599e-01 2.580421711467623669e-01 0.000000000000000000e+00 0.000000000000000000e+00 1.362824588470790133e-01 1.691393684358837857e-01
6.200000000000000000e+02 2.049081506007358056e-01 1.879124328854874307e-02 0.000000000000000000e+00 0.000000000000000000e+00 1.418321847843441175e-01 1.373171312610551031e-01
6.250000000000000000e+02 3.120920991790909205e-01 3.123012474035530839e-01 0.000000000000000000e+00 0.000000000000000000e+00 1.288194708909367048e-01 1.526366343380365365e-01
6.300000000000000000e+02 3.273483379316647901e-01 1.546682117363507025e-02 0.000000000000000000e+00 0.000000000000000000e+00 1.522302742301190615e-01 1.253504942024040725e-01
6.350000000000000000e+02 2.842876896729410463e-01 9.511824112497049843e-02 0.000000000000000000e+00 0.000000000000000000e+00 1.461697602671992724e-01 8.883385466159793298e-02
6.400000000000000000e+02 3.169366059868979901e-01 8.848930782059688527e-02 0.000000000000000000e+00 0.000000000000000000e+00 1.666403210501342380e-01 8.710043923451026016e-02
6.450000000000000000e+02 6.564198952083170890e-02 2.565032697271478201e-01 0.000000000000000000e+00 0.000000000000000000e+00 9.410317751504007622e-02 1.504829515004750262e-01
6.500000000000000000e+02 2.862796687395423034e-01 1.626521245070747940e-02 0.000000000000000000e+00 0.000000000000000000e+00 1.437564838242595122e-01 1.209401761029768319e-01
6.550000000000000000e+02 1.250523678301228014e-01 0.000000000000000000e+00 0.000000000000000000e+00 0.000000000000000000e+00 1.526803159446495639e-01 0.000000000000000000e+00
6.600000000000000000e+02 1.627800174975402026e-01 0.000000000000000000e+00 0.000000000000000000e+00 0.000000000000000000e+00 1.023426591029454880e-01 0.000000000000000000e+00
6.650000000000000000e+02 2.335738872460731419e-01 2.428578479944308310e-01 0.000000000000000000e+00 0.000000000000000000e+00 1.248696738926543398e-01 1.268962104261757984e-01
6.700000000000000000e+02 2.170840753593617778e-01 0.000000000000000000e+00 0.000000000000000000e+00 0.000000000000000000e+00 1.197326037013731470e-01 0.000000000000000000e+00
6.750000000000000000e+02 2.223184450149026659e-01 0.000000000000000000e+00 0.000000000000000000e+00 0.000000000000000000e+00 1.508607619429098157e-01 0.000000000000000000e+00
6.800000000000000000e+02 2.580282059960239960e-01 2.461826211791433641e-02 0.000000000000000000e+00 0.000000000000000000e+00 1.233449498572009861e-01 1.029640372202340337e-01
6.850000000000000000e+02 2.841582283519845098e-01 7.577887720857615084e-02 0.000000000000000000e+00 0.000000000000000000e+00 1.601320153125710410e-01 6.653401246560447513e-02
6.900000000000000000e+02 5.413180507857606738e-02 5.891237476850156706e-04 0.000000000000000000e+00 0.000000000000000000e+00 1.116109337005914276e-01 4.702720846139558236e-03
6.950000000000000000e+02 1.276744533970662898e-01 1.553340584244574107e-01 0.000000000000000000e+00 0.000000000000000000e+00 1.235667181291358191e-01 1.530904140256915680e-01
7.000000000000000000e+02 2.128081202152234952e-01 1.019467003999841720e-01 0.000000000000000000e+00 0.000000000000000000e+00 1.223997669535958621e-01 1.179338003911014898e-01
7.050000000000000000e+02 1.622740299081440740e-01 0.000000000000000000e+00 0.000000000000000000e+00 0.000000000000000000e+00 6.784919585410160991e-02 0.000000000000000000e+00
7.100000000000000000e+02 1.198897866478109836e-01 4.229664383761756741e-02 0.000000000000000000e+00 0.000000000000000000e+00 1.828311313520711856e-01 1.366587687291454523e-01
7.150000000000000000e+02 1.436103937041905143e-01 2.421088030444502048e-01 0.000000000000000000e+00 1.000000000000000000e+00 1.445974336743277855e-01 6.301481469669119317e-02
7.200000000000000000e+02 3.358505113888076155e-01 1.328375829825965138e-01 0.000000000000000000e+00 0.000000000000000000e+00 1.403498890035491942e-01 9.461537133600136928e-02
7.250000000000000000e+02 8.290917648920770322e-02 7.734079549211067550e-02 0.000000000000000000e+00 0.000000000000000000e+00 7.424650550674745386e-02 1.065443864649824185e-01
7.300000000000000000e+02 9.168959213193939028e-02 4.049045456269038945e-02 0.000000000000000000e+00 0.000000000000000000e+00 8.334906770098918227e-02 9.801970531419239296e-02
7.350000000000000000e+02 2.281445708581670007e-01 1.470633634408482398e-03 0.000000000000000000e+00 0.000000000000000000e+00 1.110604871834464658e-01 3.370874849219327504e-03
7.400000000000000000e+02 2.756328656409170463e-01 9.170040463580747536e-02 0.000000000000000000e+00 0.000000000000000000e+00 9.806810003267095455e-02 5.011482029545051564e-02
7.450000000000000000e+02 5.292353643121565365e-02 3.421125466071299470e-02 0.000000000000000000e+00 0.000000000000000000e+00 7.535146772771748880e-02 6.397367444147951387e-02
7.500000000000000000e+02 1.483542469934801544e-01 4.686466253796232190e-02 0.000000000000000000e+00 0.000000000000000000e+00 1.208097953163633498e-01 1.563119773979400606e-01
7.550000000000000000e+02 3.602608564238845568e-01 2.472468915094332975e-01 0.000000000000000000e+00 0.000000000000000000e+00 1.465925258047816038e-01 1.533252970399357207e-01
7.600000000000000000e+02 1.793313239295138417e-01 1.357781324797960876e-01 0.000000000000000000e+00 0.000000000000000000e+00 8.777292962751390148e-02 9.920964127199578819e-02
7.650000000000000000e+02 1.713029074633069249e-01 7.881407752880950635e-02 0.000000000000000000e+00 0.000000000000000000e+00 1.492534545056802275e-01 7.569384426556249879e-02
7.700000000000000000e+02 3.720931768865764350e-02 1.196623845787654766e-01 0.000000000000000000e+00 0.000000000000000000e+00 2.027116502528299169e-01 9.215604797471643739e-02
7.750000000000000000e+02 1.800340474472177932e-01 1.776679727771708350e-01 0.000000000000000000e+00 0.000000000000000000e+00 1.295395068235724867e-01 1.283995568129960296e-01
7.800000000000000000e+02 1.059547578482914476e-01 2.238777839840402351e-01 0.000000000000000000e+00 0.000000000000000000e+00 1.082301754616709771e-01 1.086906510411797533e-01
7.850000000000000000e+02 1.515452439815670460e-01 6.899125007345469161e-04 0.000000000000000000e+00 0.000000000000000000e+00 1.793019446592261090e-01 4.744513112033456846e-03
7.900000000000000000e+02 3.337328119387505398e-01 0.000000000000000000e+00 0.000000000000000000e+00 0.000000000000000000e+00 1.312866929986337416e-01 0.000000000000000000e+00
7.950000000000000000e+02 1.848219258409352639e-01 1.880260614234588734e-01 0.000000000000000000e+00 0.000000000000000000e+00 1.279113536894090908e-01 1.840355639099537088e-01
8.000000000000000000e+02 6.875207235534162853e-02 3.823878276621638372e-01 0.000000000000000000e+00 0.000000000000000000e+00 4.314248271058696710e-02 1.505270532279455731e-01
8.050000000000000000e+02 4.319834960495184117e-01 9.001780117098547029e-02 1.000000000000000000e+00 0.000000000000000000e+00 1.061243307551923837e-01 1.186016290642898791e-01
8.100000000000000000e+02 3.195230016643174631e-01 1.608592494400950534e-01 1.000000000000000000e+00 0.000000000000000000e+00 9.936697383883170975e-02 9.151928246135102030e-02
8.150000000000000000e+02 6.024326632475222182e-02 6.519930902800066819e-02 0.000000000000000000e+00 0.000000000000000000e+00 8.302447413642653762e-02 1.019018380970618948e-01
8.200000000000000000e+02 3.289761022804228996e-01 1.021849967482274524e-01 1.000000000000000000e+00 0.000000000000000000e+00 1.063939584273634331e-01 1.372906027365444759e-01
8.250000000000000000e+02 1.066693555960620959e-01 1.504950496910886781e-01 0.000000000000000000e+00 0.000000000000000000e+00 9.260121472890668615e-02 1.209440332811470981e-01
8.300000000000000000e+02 1.966392291082685873e-01 0.000000000000000000e+00 0.000000000000000000e+00 0.000000000000000000e+00 1.491315575010307981e-01 0.000000000000000000e+00
8.350000000000000000e+02 7.833150670077640432e-02 2.276346810662637221e-01 0.000000000000000000e+00 0.000000000000000000e+00 1.260045369722696262e-01 1.426411220238287536e-01
8.400000000000000000e+02 2.483641619493017205e-01 8.114781730608647270e-02 0.000000000000000000e+00 0.000000000000000000e+00 9.851617684557648080e-02 1.222756356859408811e-01
8.450000000000000000e+02 1.744579075014313918e-01 1.312375222411243658e-01 0.000000000000000000e+00 0.000000000000000000e+00 1.238881923528730861e-01 9.723936815324059346e-02
8.500000000000000000e+02 1.745978721088407293e-01 1.601380403455460871e-02 0.000000000000000000e+00 0.000000000000000000e+00 1.239120113185038230e-01 2.477997429962567125e-02
8.550000000000000000e+02 2.248603268787681131e-01 9.715126375165600552e-04 0.000000000000000000e+00 0.000000000000000000e+00 1.004204402282755926e-01 4.531386080722541593e-03
8.600000000000000000e+02 2.713019331838050219e-01 2.707763625800393981e-01 0.000000000000000000e+00 1.000000000000000000e+00 1.384151413373296557e-01 7.128109568871844604e-02
8.650000000000000000e+02 2.876406861181989849e-01 4.108683314838010997e-02 1.000000000000000000e+00 0.000000000000000000e+00 8.688940983901141668e-02 2.373224908455991156e-02
8.700000000000000000e+02 2.780844655402483490e-01 4.037280916403530873e-02 0.000000000000000000e+00 0.000000000000000000e+00 1.289026709559683015e-01 1.053717634050633928e-01
8.750000000000000000e+02 3.713777653931439326e-01 1.739975465675361321e-01 0.000000000000000000e+00 0.000000000000000000e+00 1.544811261447340822e-01 9.228043381382537713e-02
8.800000000000000000e+02 3.091180916387611943e-01 1.283666475301785126e-01 0.000000000000000000e+00 1.000000000000000000e+00 1.569972653374785421e-01 4.005192104460863350e-02
8.850000000000000000e+02 4.900809015320511941e-02 9.596098514187413608e-02 0.000000000000000000e+00 0.000000000000000000e+00 7.054327175636712632e-02 7.257203782512176848e-02
8.900000000000000000e+02 1.590932153686442918e-01 4.469567574984432967e-02 0.000000000000000000e+00 0.000000000000000000e+00 7.150635426627548197e-02 1.186963784280426759e-01
8.950000000000000000e+02 1.101339696814946922e-01 8.387715840660688038e-02 0.000000000000000000e+00 0.000000000000000000e+00 1.384142341554619460e-01 1.268295305425644615e-01
9.000000000000000000e+02 2.289231577103310183e-02 6.042904774916828259e-02 0.000000000000000000e+00 0.000000000000000000e+00 6.742334817133584235e-02 4.507012515949582188e-02
9.050000000000000000e+02 1.783121374201744325e-01 8.341106577397387756e-02 0.000000000000000000e+00 0.000000000000000000e+00 1.191991138204194778e-01 1.010283221471341975e-01
9.100000000000000000e+02 2.623624172131642784e-01 2.237786818266946087e-01 1.000000000000000000e+00 0.000000000000000000e+00 8.327892739845618730e-02 1.126985077025361714e-01
9.150000000000000000e+02 4.988695569143490605e-02 1.373946342368559670e-01 0.000000000000000000e+00 0.000000000000000000e+00 3.535568664812182432e-02 7.309811960166115452e-02
9.200000000000000000e+02 2.105867646589341113e-01 8.516791678619951150e-03 0.000000000000000000e+00 0.000000000000000000e+00 8.905625200631282767e-02 2.574455036433104596e-02
9.250000000000000000e+02 3.570942142536301378e-01 2.921181534839721247e-03 1.000000000000000000e+00 0.000000000000000000e+00 1.056823646738615230e-01 9.244469684969568862e-03
9.300000000000000000e+02 2.080714333986333209e-01 5.185024454765583407e-02 0.000000000000000000e+00 0.000000000000000000e+00 1.612424275138504282e-01 5.052718009011388650e-02
9.350000000000000000e+02 1.218486605836151399e-01 0.000000000000000000e+00 0.000000000000000000e+00 0.000000000000000000e+00 1.185020915083950244e-01 0.000000000000000000e+00
9.400000000000000000e+02 1.812969928158902899e-01 4.139334856371816584e-02 0.000000000000000000e+00 0.000000000000000000e+00 1.639480531481986025e-01 2.575738693278852368e-02
9.450000000000000000e+02 3.218703453560297634e-01 9.729092057980590763e-03 0.000000000000000000e+00 0.000000000000000000e+00 1.269793051040636611e-01 2.269744504504785793e-02
9.500000000000000000e+02 7.388317729100227216e-02 9.153608686990130291e-03 0.000000000000000000e+00 0.000000000000000000e+00 1.025921811941259837e-01 3.392962119330554527e-02
9.550000000000000000e+02 3.385548166114817903e-01 1.222610392242692995e-01 0.000000000000000000e+00 0.000000000000000000e+00 1.424548874463165693e-01 9.855352639398319570e-02
9.600000000000000000e+02 4.745828197341254995e-02 1.360576986153641810e-01 0.000000000000000000e+00 0.000000000000000000e+00 4.956090214553741241e-02 1.217196472948241098e-01
9.650000000000000000e+02 4.712202167993463364e-01 6.170396702073107850e-03 1.000000000000000000e+00 0.000000000000000000e+00 1.072381642749258290e-01 2.582123877303327958e-02
9.700000000000000000e+02 3.144096426429477953e-01 2.711104087878037777e-02 0.000000000000000000e+00 0.000000000000000000e+00 1.194536144963449925e-01 5.557889968740575837e-02
9.750000000000000000e+02 1.935484305168432839e-01 1.425871412287054718e-01 0.000000000000000000e+00 0.000000000000000000e+00 1.577316211024240022e-01 9.089795662520730457e-02
9.800000000000000000e+02 2.527816223542442287e-02 9.315404398705776079e-02 0.000000000000000000e+00 0.000000000000000000e+00 2.564493240423511289e-02 5.500588173030309530e-02
9.850000000000000000e+02 1.208860950252478583e-01 2.324554177650406395e-02 0.000000000000000000e+00 0.000000000000000000e+00 1.237559303389314386e-01 1.712947733697627387e-02
9.900000000000000000e+02 1.466000206241187820e-01 2.744006176707137860e-03 0.000000000000000000e+00 0.000000000000000000e+00 9.688088766107810779e-02 3.981224838029914087e-02
9.950000000000000000e+02 3.403108476918702552e-01 1.219882195676400966e-01 1.000000000000000000e+00 0.000000000000000000e+00 9.715859038197022235e-02 1.377980645343400978e-01
