0.000000000000000000e+00 0.000000000000000000e+00 0.000000000000000000e+00 0.000000000000000000e+00 0.000000000000000000e+00 0.000000000000000000e+00 0.000000000000000000e+00
5.000000000000000000e+00 1.085144477931127449e+00 3.753615934477795291e-01 1.000000000000000000e+00 1.000000000000000000e+00 2.456562134984498769e-01 9.791809741136953127e-02
1.000000000000000000e+01 7.153401822988035841e-01 3.929632863647670726e-01 1.000000000000000000e+00 1.000000000000000000e+00 1.626166355711245182e-01 1.201822983972594128e-01
1.500000000000000000e+01 7.197101779030576907e-01 3.926675868680165604e-01 1.000000000000000000e+00 0.000000000000000000e+00 2.545155686549578355e-01 1.566858750556793245e-01
2.000000000000000000e+01 8.132902611729713183e-01 2.072915719060174911e-01 1.000000000000000000e+00 0.000000000000000000e+00 2.402332983001961020e-01 1.020191004945541768e-01
2.500000000000000000e+01 8.362795587038082123e-01 3.717249262643882446e-01 1.000000000000000000e+00 1.000000000000000000e+00 1.530616116229273349e-01 1.096470629314801326e-01
3.000000000000000000e+01 7.580889569609906564e-01 3.927802289438381833e-01 1.000000000000000000e+00 1.000000000000000000e+00 1.826746079400737299e-01 1.190686848553687560e-01
3.500000000000000000e+01 6.825420319869086594e-01 2.971806935201943833e-01 1.000000000000000000e+00 1.000000000000000000e+00 2.044431284566106122e-01 6.786440000939847339e-02
4.000000000000000000e+01 8.147959164306278756e-01 2.959198365512223372e-01 1.000000000000000000e+00 0.000000000000000000e+00 2.640474389686150447e-01 1.465097014337208847e-01
4.500000000000000000e+01 9.041766568034674822e-01 3.095395040622189731e-01 1.000000000000000000e+00 0.000000000000000000e+00 1.590529000705194484e-01 1.539903399177585952e-01
5.000000000000000000e+01 7.669430498457285861e-01 3.465246699791236229e-01 1.000000000000000000e+00 0.000000000000000000e+00 1.564965019377353439e-01 1.429566774794288064e-01
5.500000000000000000e+01 7.092261436133819874e-01 3.577241224763200722e-01 1.000000000000000000e+00 1.000000000000000000e+00 2.176268223717159334e-01 1.234328379335504489e-01
6.000000000000000000e+01 8.808546147542735127e-01 3.120900717471837282e-01 1.000000000000000000e+00 1.000000000000000000e+00 1.981725035333712359e-01 9.664547214191333835e-02
6.500000000000000000e+01 5.077425071122559919e-01 1.564929523890148944e-01 1.000000000000000000e+00 0.000000000000000000e+00 1.649306697662933086e-01 8.496435777316570237e-02
7.000000000000000000e+01 5.749518840972609457e-01 4.774673568423882797e-01 1.000000000000000000e+00 1.000000000000000000e+00 1.074861856344575400e-01 8.970047615644219374e-02
7.500000000000000000e+01 6.922356024967004640e-01 5.870164732479701275e-01 1.000000000000000000e+00 1.000000000000000000e+00 1.891410758016471294e-01 1.064340487451114897e-01
8.000000000000000000e+01 4.368731344044419762e-01 1.604711595616676034e-01 0.000000000000000000e+00 0.000000000000000000e+00 1.840183769024794913e-01 1.032348087778007517e-01
8.500000000000000000e+01 6.125155357007400214e-01 2.341107887335033555e-01 1.000000000000000000e+00 0.000000000000000000e+00 1.689104735006244640e-01 1.565076029479419151e-01
9.000000000000000000e+01 6.410473845917306068e-01 5.821649506244892802e-02 1.000000000000000000e+00 0.000000000000000000e+00 1.265970850432619477e-01 1.429855621197600457e-01
9.500000000000000000e+01 7.139685195036081788e-01 1.162212957995162055e-01 1.000000000000000000e+00 0.000000000000000000e+00 1.611476693662914905e-01 8.727517101239694319e-02
1.000000000000000000e+02 6.307559088004198733e-01 2.089181522793264190e-01 1.000000000000000000e+00 0.000000000000000000e+00 1.660523308639849649e-01 1.525538095276165740e-01
1.050000000000000000e+02 6.190728455721385970e-01 3.714202617263424600e-01 1.000000000000000000e+00 1.000000000000000000e+00 1.704663746160673121e-01 9.606353409044379732e-02
1.100000000000000000e+02 6.050960118069949045e-01 4.150310166401313117e-01 1.000000000000000000e+00 1.000000000000000000e+00 1.458898564248952145e-01 1.123563371037119424e-01
1.150000000000000000e+02 4.887385208637843870e-01 2.129369780544626833e-01 0.000000000000000000e+00 0.000000000000000000e+00 1.745203822768743307e-01 9.385831937764972654e-02
1.200000000000000000e+02 4.188916699589292914e-01 3.562385338814205715e-01 0.000000000000000000e+00 0.000000000000000000e+00 1.488620170907190010e-01 1.963706288657540155e-01
1.250000000000000000e+02 5.693707165053905062e-01 1.989115835838579927e-01 1.000000000000000000e+00 0.000000000000000000e+00 1.166818427651035717e-01 9.658021829176161033e-02
1.300000000000000000e+02 5.173259055430901032e-01 3.413879112716425857e-01 1.000000000000000000e+00 0.000000000000000000e+00 1.232688358420714475e-01 1.749520051733808035e-01
1.350000000000000000e+02 5.733135451369663071e-01 3.201440559691389187e-01 0.000000000000000000e+00 0.000000000000000000e+00 2.128755019169803198e-01 1.225235533696128198e-01
1.400000000000000000e+02 5.757882808056248303e-01 1.705097695752974818e-01 1.000000000000000000e+00 0.000000000000000000e+00 1.310911042431679996e-01 1.081976625921540480e-01
1.450000000000000000e+02 4.897575609741920966e-01 2.404184115161515645e-01 0.000000000000000000e+00 0.000000000000000000e+00 1.927291493999800653e-01 1.468763631182881946e-01
1.500000000000000000e+02 6.433448130729505499e-01 1.850351105907334648e-01 1.000000000000000000e+00 0.000000000000000000e+00 1.318777442375599629e-01 1.564025983133768560e-01
1.550000000000000000e+02 7.154782445054117535e-01 2.721069339488245697e-01 1.000000000000000000e+00 1.000000000000000000e+00 1.616715761126366335e-01 8.550953712993389355e-02
1.600000000000000000e+02 7.222546806985576939e-01 4.416533995658482037e-01 1.000000000000000000e+00 1.000000000000000000e+00 1.801379072652302404e-01 8.508618815530341606e-02
1.650000000000000000e+02 4.123116029975806285e-01 4.665420251128299389e-01 1.000000000000000000e+00 1.000000000000000000e+00 1.434016581443143812e-01 1.629643226496154118e-01
1.700000000000000000e+02 5.055807323089510641e-01 3.570467656741382334e-01 1.000000000000000000e+00 1.000000000000000000e+00 9.796235694077565226e-02 1.081254228148900709e-01
1.750000000000000000e+02 6.265961547528229314e-01 4.580236004404626415e-01 1.000000000000000000e+00 1.000000000000000000e+00 1.722384680400764201e-01 1.141587454266282248e-01
1.800000000000000000e+02 6.061930260682626415e-01 3.995121194343580484e-01 1.000000000000000000e+00 0.000000000000000000e+00 1.726039699200766497e-01 1.550019751276335567e-01
1.850000000000000000e+02 5.879912677827967560e-01 1.306257030310404854e-01 1.000000000000000000e+00 0.000000000000000000e+00 1.565330364409254493e-01 1.582877658247782982e-01
1.900000000000000000e+02 4.332085638760463375e-01 3.001257696261253050e-01 1.000000000000000000e+00 0.000000000000000000e+00 1.213625204730984786e-01 1.438639238357611594e-01
1.950000000000000000e+02 6.016013920121399128e-01 2.295636673749782142e-01 1.000000000000000000e+00 0.000000000000000000e+00 1.727056414351409996e-01 1.572570579684264558e-01
2.000000000000000000e+02 4.780604897515023377e-01 3.011561097326292957e-02 0.000000000000000000e+00 0.000000000000000000e+00 1.795790904046748737e-01 7.792361159536308202e-02
2.050000000000000000e+02 4.038035482836684897e-01 3.198079710209150717e-01 0.000000000000000000e+00 1.000000000000000000e+00 2.294655493380372002e-01 1.006003076685151182e-01
2.100000000000000000e+02 4.342474991769387782e-01 3.806454841979662329e-01 1.000000000000000000e+00 0.000000000000000000e+00 1.465698303929729995e-01 1.834909188554178228e-01
2.150000000000000000e+02 4.837423980359416009e-01 1.884603904329702484e-01 1.000000000000000000e+00 0.000000000000000000e+00 1.279887277808863244e-01 1.253403738789715116e-01
2.200000000000000000e+02 4.798040662545347002e-01 1.622966060317660719e-01 1.000000000000000000e+00 0.000000000000000000e+00 1.180346813567042658e-01 1.175846692808307226e-01
2.250000000000000000e+02 5.246851165110875126e-01 2.694462394167633223e-01 0.000000000000000000e+00 1.000000000000000000e+00 1.868995417834565798e-01 2.205358340218997043e-02
2.300000000000000000e+02 5.094299791305351155e-01 8.320566357937732305e-02 1.000000000000000000e+00 0.000000000000000000e+00 1.696790652219201667e-01 1.340980938378193710e-01
2.350000000000000000e+02 4.705780837801267213e-01 2.569702685677567877e-01 1.000000000000000000e+00 0.000000000000000000e+00 9.473618729764388124e-02 1.846245755019186308e-01
2.400000000000000000e+02 4.443149561125300240e-01 3.968210977786345572e-01 1.000000000000000000e+00 1.000000000000000000e+00 1.371860683744340892e-01 1.278265038630860828e-01
2.450000000000000000e+02 3.940264092149444730e-01 2.050217623697227209e-01 0.000000000000000000e+00 0.000000000000000000e+00 1.562829905050502066e-01 1.508146245760958737e-01
2.500000000000000000e+02 3.872943375076106087e-01 2.153949271596255211e-01 0.000000000000000000e+00 0.000000000000000000e+00 1.637657431584770840e-01 1.674676897150612631e-01
2.550000000000000000e+02 3.551823743143465162e-01 2.454085506574535669e-01 0.000000000000000000e+00 0.000000000000000000e+00 1.415931440300091659e-01 1.305086377920612883e-01
2.600000000000000000e+02 4.866098778024963711e-01 4.986347249903951701e-02 0.000000000000000000e+00 0.000000000000000000e+00 1.815312008567217805e-01 3.023549453652931221e-02
2.650000000000000000e+02 4.828502045937350107e-01 2.076415473085476415e-01 1.000000000000000000e+00 0.000000000000000000e+00 1.152937731425886514e-01 1.119981282447526511e-01
2.700000000000000000e+02 3.678724523919400524e-01 2.385137769217375303e-01 1.000000000000000000e+00 0.000000000000000000e+00 1.267156661093740699e-01 1.555798600483535299e-01
2.750000000000000000e+02 2.574286774136807510e-01 2.338962524245929708e-01 0.000000000000000000e+00 0.000000000000000000e+00 9.865121585863190212e-02 1.273669155656450280e-01
2.800000000000000000e+02 5.547886013174202491e-01 1.127687775109202512e-01 1.000000000000000000e+00 0.000000000000000000e+00 1.760972434576573431e-01 1.447331030261193585e-01
2.850000000000000000e+02 5.472496227404011204e-01 1.304433827872982232e-01 1.000000000000000000e+00 0.000000000000000000e+00 1.664129771785363421e-01 2.184997315668658624e-01
2.900000000000000000e+02 5.095912268349124252e-01 2.899242996301599762e-01 1.000000000000000000e+00 0.000000000000000000e+00 1.426507109112213900e-01 1.980054281227617008e-01
2.950000000000000000e+02 4.676046407871256028e-01 3.012722882761275645e-01 1.000000000000000000e+00 1.000000000000000000e+00 1.348681358036179778e-01 7.069153791404021725e-02
3.000000000000000000e+02 3.262631713914903031e-01 2.721339594792406835e-01 0.000000000000000000e+00 1.000000000000000000e+00 1.440820214267283794e-01 6.505345785177500673e-02
3.050000000000000000e+02 4.023231869715913622e-01 3.908625648546744102e-01 0.000000000000000000e+00 0.000000000000000000e+00 1.900167198959374082e-01 1.814281258677150066e-01
3.100000000000000000e+02 5.524656922737483100e-01 3.155362084022714231e-01 1.000000000000000000e+00 0.000000000000000000e+00 1.075851460122026482e-01 1.309114493521345013e-01
3.150000000000000000e+02 4.896866304876110187e-01 1.458624623650602303e-01 1.000000000000000000e+00 0.000000000000000000e+00 1.253193237803557070e-01 2.173752205857097941e-01
3.200000000000000000e+02 5.581258286248231837e-01 3.551040544158904910e-01 1.000000000000000000e+00 1.000000000000000000e+00 1.458157742168348092e-01 1.196112934361771712e-01
3.250000000000000000e+02 4.454540002952315225e-01 2.398659429323534431e-01 1.000000000000000000e+00 0.000000000000000000e+00 1.104283972295436456e-01 1.990832973270875439e-01
3.300000000000000000e+02 3.622056406141067608e-01 2.268397785451251314e-01 0.000000000000000000e+00 0.000000000000000000e+00 1.482266419953599257e-01 1.644119077556523423e-01
3.350000000000000000e+02 5.241356864808975891e-01 2.710698202561830361e-01 1.000000000000000000e+00 1.000000000000000000e+00 9.157726347116255938e-02 8.844024586277086930e-02
3.400000000000000000e+02 4.366130146354701980e-01 2.069196646999653666e-01 1.000000000000000000e+00 0.000000000000000000e+00 1.307901406131215249e-01 1.667349582393646557e-01
3.450000000000000000e+02 4.283181916562893154e-01 1.388778943218336170e-01 0.000000000000000000e+00 0.000000000000000000e+00 1.539646571793973073e-01 1.865960086011985708e-01
3.500000000000000000e+02 3.810120600000947988e-01 2.079137666904053161e-01 0.000000000000000000e+00 0.000000000000000000e+00 1.690697485311128956e-01 1.814113934140280660e-01
3.550000000000000000e+02 4.560280634348025108e-01 2.469436676544874698e-01 1.000000000000000000e+00 0.000000000000000000e+00 9.106184728114685711e-02 1.028135765809402857e-01
3.600000000000000000e+02 4.170887640325761647e-01 1.679069383039439312e-01 1.000000000000000000e+00 0.000000000000000000e+00 6.858445324697821921e-02 1.457651595133657718e-01
3.650000000000000000e+02 3.984886804181682063e-01 9.463184618073153254e-02 0.000000000000000000e+00 0.000000000000000000e+00 1.529806435876347459e-01 1.201165622930686488e-01
3.700000000000000000e+02 4.255200243468192367e-01 1.013244142943774406e-01 0.000000000000000000e+00 0.000000000000000000e+00 1.510181305508950245e-01 1.346689963803299195e-01
3.750000000000000000e+02 3.117141145404929148e-01 3.192302074142298052e-01 0.000000000000000000e+00 0.000000000000000000e+00 1.298181939107016236e-01 1.584398189808727264e-01
3.800000000000000000e+02 4.487244665420665468e-01 3.016379743792107493e-01 1.000000000000000000e+00 0.000000000000000000e+00 1.065909492385307550e-01 1.869168794411485146e-01
3.850000000000000000e+02 2.240408450456501943e-01 2.449230038469454307e-01 0.000000000000000000e+00 0.000000000000000000e+00 1.678931188400589469e-01 1.406102387360699812e-01
3.900000000000000000e+02 3.632382330492006650e-01 2.989485687443187989e-01 1.000000000000000000e+00 0.000000000000000000e+00 8.645356339985466043e-02 1.199772341497220979e-01
3.950000000000000000e+02 5.307212890070901468e-01 4.464794111857234848e-01 1.000000000000000000e+00 1.000000000000000000e+00 1.103126583293054380e-01 8.865609622845953275e-02
4.000000000000000000e+02 3.175833189502758613e-01 1.685789901222321807e-01 0.000000000000000000e+00 0.000000000000000000e+00 1.386071404004218244e-01 9.352076377755365322e-02
4.050000000000000000e+02 4.258631451456312833e-01 3.134687726656967266e-01 1.000000000000000000e+00 0.000000000000000000e+00 9.989186334502658804e-02 2.052973906170070251e-01
4.100000000000000000e+02 2.292945360956484824e-01 3.084166995171294667e-01 0.000000000000000000e+00 0.000000000000000000e+00 1.023419103401489311e-01 1.954514251013391990e-01
4.150000000000000000e+02 4.266977028150983342e-01 2.667590481758342347e-01 1.000000000000000000e+00 0.000000000000000000e+00 9.777338741337601724e-02 1.235928010837235580e-01
4.200000000000000000e+02 3.696684928376355872e-01 0.000000000000000000e+00 0.000000000000000000e+00 0.000000000000000000e+00 1.370290182175370464e-01 0.000000000000000000e+00
4.250000000000000000e+02 3.194965882228272269e-01 3.373849385198427475e-01 1.000000000000000000e+00 0.000000000000000000e+00 1.100705165901488813e-01 1.199458878189897520e-01
4.300000000000000000e+02 3.276153576767659725e-01 2.580217858158930788e-01 0.000000000000000000e+00 0.000000000000000000e+00 1.185984324653099886e-01 1.463464101469524048e-01
4.350000000000000000e+02 3.650583741701823870e-01 2.226996358454833569e-01 0.000000000000000000e+00 0.000000000000000000e+00 1.682170217857473504e-01 1.307416878422177908e-01
4.400000000000000000e+02 2.663979995350275742e-01 3.635146647698355160e-01 0.000000000000000000e+00 1.000000000000000000e+00 1.466395337450170644e-01 1.238302285657889995e-01
4.450000000000000000e+02 3.347848772544421148e-01 3.392701287106075769e-01 0.000000000000000000e+00 0.000000000000000000e+00 1.523386850459249875e-01 1.270631171287877892e-01
4.500000000000000000e+02 3.629586523899918094e-01 1.987862807635846774e-01 0.000000000000000000e+00 0.000000000000000000e+00 1.448101039402805990e-01 1.670385127108219014e-01
4.550000000000000000e+02 4.906522907994164129e-01 2.345648658573133982e-01 1.000000000000000000e+00 0.000000000000000000e+00 1.108968956061497091e-01 1.237773781758209207e-01
4.600000000000000000e+02 3.217601731622892203e-01 1.310911757911692455e-01 0.000000000000000000e+00 0.000000000000000000e+00 2.077547025307771300e-01 1.275486568404906595e-01
4.650000000000000000e+02 2.909813420259766970e-01 3.917144061220073081e-01 0.000000000000000000e+00 1.000000000000000000e+00 1.689812394085489777e-01 1.155531288936916950e-01
4.700000000000000000e+02 2.892974246429245166e-01 1.454777533098631781e-01 1.000000000000000000e+00 0.000000000000000000e+00 1.008113959677631732e-01 1.121330938725162291e-01
4.750000000000000000e+02 1.891128356375319508e-01 3.105733500241661948e-01 0.000000000000000000e+00 1.000000000000000000e+00 8.300415910197313230e-02 1.022904940344075697e-01
4.800000000000000000e+02 2.867486907588498446e-01 2.356789308614564704e-01 0.000000000000000000e+00 0.000000000000000000e+00 2.363958972086814270e-01 1.328756871294793362e-01
4.850000000000000000e+02 3.638526981371467128e-01 3.743260046869670843e-01 0.000000000000000000e+00 1.000000000000000000e+00 1.293340371741763528e-01 1.313124951809387930e-01
4.900000000000000000e+02 3.121785358711024472e-01 1.610340162384248375e-01 1.000000000000000000e+00 0.000000000000000000e+00 1.098079909547403227e-01 9.732972066627226804e-02
4.950000000000000000e+02 2.680481376246000580e-01 4.980385451349153558e-01 0.000000000000000000e+00 0.000000000000000000e+00 1.451914997093013138e-01 2.306338087453082830e-01
5.000000000000000000e+02 3.545747491768274640e-01 3.540327120770487834e-01 1.000000000000000000e+00 0.000000000000000000e+00 7.738164669867453327e-02 2.004610850527387689e-01
5.050000000000000000e+02 1.774874633496598686e-01 4.289809567497183673e-01 0.000000000000000000e+00 1.000000000000000000e+00 1.055783480561243992e-01 1.186805617477307284e-01
5.100000000000000000e+02 2.057878380504177540e-01 5.664982016371539197e-01 0.000000000000000000e+00 1.000000000000000000e+00 1.019621265419157069e-01 1.252194827771515306e-01
5.150000000000000000e+02 1.953036931433503320e-01 3.325064619521382325e-01 0.000000000000000000e+00 0.000000000000000000e+00 1.188187101449315330e-01 2.295582676913783260e-01
5.200000000000000000e+02 2.113305078028397122e-01 2.632214310047705230e-01 0.000000000000000000e+00 0.000000000000000000e+00 8.219578294062666879e-02 1.036524637763536066e-01
5.250000000000000000e+02 2.421823919439409223e-01 1.313696683125759324e-01 0.000000000000000000e+00 0.000000000000000000e+00 1.150863431419945210e-01 1.692280057731980203e-01
5.300000000000000000e+02 1.760654624102681587e-01 3.206066980530365429e-01 0.000000000000000000e+00 0.000000000000000000e+00 1.082514581187508651e-01 1.193178757467618506e-01
5.350000000000000000e+02 2.576347900957959292e-01 1.971947158972545411e-01 0.000000000000000000e+00 0.000000000000000000e+00 1.522931678550217827e-01 1.127682354168152434e-01
5.400000000000000000e+02 2.458098449724315793e-01 3.618314918920541023e-01 1.000000000000000000e+00 0.000000000000000000e+00 6.535274954829178862e-02 1.507748142963031834e-01
5.450000000000000000e+02 1.711945610800600370e-01 3.023790457283562771e-01 0.000000000000000000e+00 0.000000000000000000e+00 1.513544325273225855e-01 1.223789515887355323e-01
5.500000000000000000e+02 2.217530832101330118e-01 4.339246786927910549e-01 0.000000000000000000e+00 1.000000000000000000e+00 1.262587541830647864e-01 1.326174695591772479e-01
5.550000000000000000e+02 2.546958017227890503e-01 2.102587123693153148e-01 0.000000000000000000e+00 0.000000000000000000e+00 1.044156224957712986e-01 1.866507658621109345e-01
5.600000000000000000e+02 2.098675932002398992e-01 2.651459181309414603e-01 0.000000000000000000e+00 0.000000000000000000e+00 1.140511876555891230e-01 1.404181425589718368e-01
5.650000000000000000e+02 2.931342993463911806e-01 2.252122315362107829e-01 0.000000000000000000e+00 0.000000000000000000e+00 1.692539992708254060e-01 1.568264386933125309e-01
5.700000000000000000e+02 3.340833617092666685e-01 1.870674549967016875e-01 0.000000000000000000e+00 0.000000000000000000e+00 1.385098022305660537e-01 9.070864292066621593e-02
5.750000000000000000e+02 1.753615583050813775e-01 2.531418049724719621e-01 0.000000000000000000e+00 0.000000000000000000e+00 8.236819971474301783e-02 1.300484665475878654e-01
5.800000000000000000e+02 2.030300779145046697e-01 0.000000000000000000e+00 0.000000000000000000e+00 0.000000000000000000e+00 1.363062543514916847e-01 0.000000000000000000e+00
5.850000000000000000e+02 3.271373596732257694e-01 2.984217309894809378e-01 1.000000000000000000e+00 0.000000000000000000e+00 1.128344506948299603e-01 1.398691028602121189e-01
5.900000000000000000e+02 1.965973171519217466e-01 3.550354349676880794e-01 0.000000000000000000e+00 0.000000000000000000e+00 1.046638867394562578e-01 1.528259308744481515e-01
5.950000000000000000e+02 6.031268843951231862e-02 1.705189381569984231e-01 0.000000000000000000e+00 0.000000000000000000e+00 9.366816437026762032e-02 7.975169922040588333e-02
6.000000000000000000e+02 1.079465590579077733e-01 8.272962730718409416e-03 0.000000000000000000e+00 0.000000000000000000e+00 8.939185691899693975e-02 4.847375818304967832e-02
6.050000000000000000e+02 3.317764434980904342e-01 1.691379915933667877e-01 1.000000000000000000e+00 0.000000000000000000e+00 9.156150814871481802e-02 1.120763439378194976e-01
6.100000000000000000e+02 3.047379678036571393e-01 1.100249060230283626e-01 0.000000000000000000e+00 0.000000000000000000e+00 1.202635928657663777e-01 1.335905713424816454e-01
6.150000000000000000e+02 2.653859787910928802e-01 3.415710515832849903e-01 0.000000000000000000e+00 1.000000000000000000e+00 1.057038064946747985e-01 1.203431188602648305e-01
6.200000000000000000e+02 1.869955360221696450e-01 2.486148559314341477e-01 0.000000000000000000e+00 0.000000000000000000e+00 9.688665856490553951e-02 1.602808629278636710e-01
6.250000000000000000e+02 1.599473222533227545e-01 4.782068536495950317e-01 0.000000000000000000e+00 1.000000000000000000e+00 1.192348702468058880e-01 1.250239433897784580e-01
6.300000000000000000e+02 1.597499344484897832e-01 1.205638197040380249e-01 0.000000000000000000e+00 0.000000000000000000e+00 1.529117271136981038e-01 1.349011545675501134e-01
6.350000000000000000e+02 3.017100222232804163e-01 3.565291942752290555e-01 0.000000000000000000e+00 1.000000000000000000e+00 1.174739911411987747e-01 1.011616032381575658e-01
6.400000000000000000e+02 1.444156033821131779e-01 2.422880291867441915e-01 0.000000000000000000e+00 0.000000000000000000e+00 1.119086022513933049e-01 1.469393220346910112e-01
6.450000000000000000e+02 1.978418041691770990e-01 3.516777540309988792e-01 0.000000000000000000e+00 1.000000000000000000e+00 1.246162065368006666e-01 1.232904320105083079e-01
6.500000000000000000e+02 2.462763278073892559e-01 1.673495931281462346e-01 0.000000000000000000e+00 0.000000000000000000e+00 1.097782685223476912e-01 1.934859331850144193e-01
6.550000000000000000e+02 2.116325236088331396e-01 2.557822423162910974e-01 0.000000000000000000e+00 0.000000000000000000e+00 9.774531567656574715e-02 1.040122798570071311e-01
6.600000000000000000e+02 1.493644164677877528e-01 0.000000000000000000e+00 0.000000000000000000e+00 0.000000000000000000e+00 7.037619553406893047e-02 0.000000000000000000e+00
6.650000000000000000e+02 1.570284523411691613e-01 2.461652586280706489e-01 0.000000000000000000e+00 0.000000000000000000e+00 1.387812043883724367e-01 1.073019947562652149e-01
6.700000000000000000e+02 1.861075341126835481e-01 1.845219216059488521e-01 0.000000000000000000e+00 0.000000000000000000e+00 1.298243085671266506e-01 1.558583233127215362e-01
6.750000000000000000e+02 1.945041253485809418e-01 7.876310959364016262e-02 0.000000000000000000e+00 0.000000000000000000e+00 1.322812185952752240e-01 1.037699175482444808e-01
6.800000000000000000e+02 1.838034538461810752e-01 3.185692774873493116e-01 1.000000000000000000e+00 0.000000000000000000e+00 4.214249174717255020e-02 1.593503713247562958e-01
6.850000000000000000e+02 2.410517905502279901e-01 2.134033087450027677e-01 1.000000000000000000e+00 0.000000000000000000e+00 7.449457523583903618e-02 9.696809178922359551e-02
6.900000000000000000e+02 2.473488075543972542e-01 1.306340827411578975e-01 0.000000000000000000e+00 0.000000000000000000e+00 1.150309378575888608e-01 1.572127684718342411e-01
6.950000000000000000e+02 1.860086637856743219e-01 5.216771043209132708e-02 0.000000000000000000e+00 0.000000000000000000e+00 1.224561506046202425e-01 7.590617180976894085e-02
7.000000000000000000e+02 1.582397069521770672e-01 1.608107850153872864e-01 0.000000000000000000e+00 0.000000000000000000e+00 1.239003202440636386e-01 1.290399139305533349e-01
7.050000000000000000e+02 1.626964680642658256e-01 9.094016925245218541e-02 0.000000000000000000e+00 0.000000000000000000e+00 1.213423738407929525e-01 1.196573666392657664e-01
7.100000000000000000e+02 2.120399233360513447e-01 6.601043538961584578e-02 0.000000000000000000e+00 0.000000000000000000e+00 1.345949383395459720e-01 8.438368438693276408e-02
7.150000000000000000e+02 7.001404331781761747e-02 3.389841574963015081e-01 0.000000000000000000e+00 1.000000000000000000e+00 7.329534523125270928e-02 1.172354866433623216e-01
7.200000000000000000e+02 2.689428646559788305e-01 1.211478551542078258e-01 0.000000000000000000e+00 0.000000000000000000e+00 1.113879454519764306e-01 1.291429929423820455e-01
7.250000000000000000e+02 1.201601644633479640e-02 1.312845984481862960e-01 0.000000000000000000e+00 0.000000000000000000e+00 1.575095765041645279e-02 9.459381817497651557e-02
7.300000000000000000e+02 2.370231808975006016e-01 1.719108373451578575e-01 0.000000000000000000e+00 0.000000000000000000e+00 9.241616056195196827e-02 1.048655480413849816e-01
7.350000000000000000e+02 1.594204965703640287e-01 1.323064295362231524e-01 0.000000000000000000e+00 0.000000000000000000e+00 1.194885974778004956e-01 8.032378421558478143e-02
7.400000000000000000e+02 1.532237439195756612e-01 2.644416102728556206e-01 0.000000000000000000e+00 0.000000000000000000e+00 1.615704151322179538e-01 1.104703280012342970e-01
7.450000000000000000e+02 1.611568552972218460e-01 2.181701871938050430e-01 0.000000000000000000e+00 0.000000000000000000e+00 1.395357236010451307e-01 9.101400332056019948e-02
7.500000000000000000e+02 2.218880588896902373e-01 1.666837235352345847e-01 0.000000000000000000e+00 0.000000000000000000e+00 1.668799874812612327e-01 9.967235595935182435e-02
7.550000000000000000e+02 2.588527748073026213e-01 3.735148829485905320e-01 0.000000000000000000e+00 0.000000000000000000e+00 1.088553703320137428e-01 1.472134262787538339e-01
7.600000000000000000e+02 1.172869752574091928e-01 2.369871418668921259e-01 0.000000000000000000e+00 0.000000000000000000e+00 1.027740894445817871e-01 1.192944633519311681e-01
7.650000000000000000e+02 3.649236176297637746e-01 1.824751462238347333e-01 0.000000000000000000e+00 0.000000000000000000e+00 1.315835320354190319e-01 1.165422640799958914e-01
7.700000000000000000e+02 2.881431303779332098e-01 9.744710648291581012e-02 0.000000000000000000e+00 0.000000000000000000e+00 2.010481704775430867e-01 6.965921235820533852e-02
7.750000000000000000e+02 2.570927177862290525e-01 1.333102000461447445e-01 0.000000000000000000e+00 0.000000000000000000e+00 1.378188235365725434e-01 1.424076280089054958e-01
7.800000000000000000e+02 4.454491877030686275e-01 2.975486597014725398e-01 1.000000000000000000e+00 0.000000000000000000e+00 1.133882052021189940e-01 1.194358725515680536e-01
7.850000000000000000e+02 1.318704845263274916e-01 7.905525942141510692e-03 0.000000000000000000e+00 0.000000000000000000e+00 1.218069346127398644e-01 4.067685430810187575e-02
7.900000000000000000e+02 3.228701803851656282e-01 1.708530845720681868e-01 0.000000000000000000e+00 0.000000000000000000e+00 1.470198287585088581e-01 1.359398471109956874e-01
7.950000000000000000e+02 2.782356598709520568e-01 1.372672049998653054e-01 1.000000000000000000e+00 0.000000000000000000e+00 9.708247873710341980e-02 1.340831204868585536e-01
8.000000000000000000e+02 1.264744949953419406e-01 2.489651921605444129e-01 0.000000000000000000e+00 0.000000000000000000e+00 1.329068624319969805e-01 1.296610514130925040e-01
8.050000000000000000e+02 1.784765998131312148e-01 3.376175885102221663e-01 0.000000000000000000e+00 1.000000000000000000e+00 1.287306447628772665e-01 1.106238714227839592e-01
8.100000000000000000e+02 3.093880526784602569e-01 3.164577235086882823e-01 0.000000000000000000e+00 1.000000000000000000e+00 1.351245096341999186e-01 1.039240737035878603e-01
8.150000000000000000e+02 4.759998488126928468e-02 7.646057742933778933e-02 0.000000000000000000e+00 0.000000000000000000e+00 1.364376223055075721e-01 1.416403156719208412e-01
8.200000000000000000e+02 8.666207249444075889e-02 5.898104516036650757e-02 0.000000000000000000e+00 0.000000000000000000e+00 1.099340245031296126e-01 1.592423616879351522e-01
8.250000000000000000e+02 3.124789635606824989e-01 2.268844190402634076e-01 0.000000000000000000e+00 1.000000000000000000e+00 1.255240581107300857e-01 7.674777716895911372e-02
8.300000000000000000e+02 3.144399118423853862e-02 1.433278950661470708e-01 0.000000000000000000e+00 0.000000000000000000e+00 4.964043916258385064e-02 8.319136005008356816e-02
8.350000000000000000e+02 4.130918907089009724e-03 3.639465670755049898e-01 0.000000000000000000e+00 1.000000000000000000e+00 1.362834340461736848e-01 7.966909702708406538e-02
8.400000000000000000e+02 3.568502246749727293e-03 3.216951783374071006e-02 0.000000000000000000e+00 0.000000000000000000e+00 7.639169880258196710e-02 6.970722178964412763e-02
8.450000000000000000e+02 1.565838684523241098e-01 2.617202983336591737e-01 0.000000000000000000e+00 0.000000000000000000e+00 9.469709395289849230e-02 1.404401447738307107e-01
8.500000000000000000e+02 1.474391428443578289e-01 3.740867930699028846e-03 1.000000000000000000e+00 0.000000000000000000e+00 4.842567815002606080e-02 4.666128051595282156e-03
8.550000000000000000e+02 1.737620981005040810e-01 6.786603599169785395e-02 0.000000000000000000e+00 0.000000000000000000e+00 9.104629308721945424e-02 1.376909770157028201e-01
8.600000000000000000e+02 1.158745559327722663e-01 1.065496102706065817e-01 0.000000000000000000e+00 0.000000000000000000e+00 6.725562012270749901e-02 1.152175539688305161e-01
8.650000000000000000e+02 1.775102350244472660e-01 1.792784837051532576e-01 0.000000000000000000e+00 0.000000000000000000e+00 1.215902176399496215e-01 1.042120551266841749e-01
8.700000000000000000e+02 1.269690586819612610e-01 2.043171267001789582e-01 0.000000000000000000e+00 0.000000000000000000e+00 1.388709240054965266e-01 1.153072606905179709e-01
8.750000000000000000e+02 0.000000000000000000e+00 1.305132691809482437e-01 0.000000000000000000e+00 0.000000000000000000e+00 0.000000000000000000e+00 9.951961303971315620e-02
8.800000000000000000e+02 9.307259998165409503e-04 2.504229097534283952e-02 0.000000000000000000e+00 0.000000000000000000e+00 1.535161357889718546e-02 1.700562631022140558e-01
8.850000000000000000e+02 6.282848529692437733e-02 1.535430209932779066e-01 0.000000000000000000e+00 0.000000000000000000e+00 6.919358496082880783e-02 1.142074570648297926e-01
8.900000000000000000e+02 3.489882271426953952e-01 1.421144112001513637e-01 0.000000000000000000e+00 0.000000000000000000e+00 1.456320507766823980e-01 1.361186320534516769e-01
8.950000000000000000e+02 9.962878199911494315e-02 1.852143296001044770e-01 0.000000000000000000e+00 0.000000000000000000e+00 1.355625838389925009e-01 1.017660067886625580e-01
9.000000000000000000e+02 0.000000000000000000e+00 9.089449018996895169e-02 0.000000000000000000e+00 0.000000000000000000e+00 0.000000000000000000e+00 1.242461879073407105e-01
9.050000000000000000e+02 1.210110543068096539e-01 2.210031855298443537e-01 0.000000000000000000e+00 0.000000000000000000e+00 2.032417410678668546e-01 1.580445204636817813e-01
9.100000000000000000e+02 2.958056986545566369e-01 1.874623607999460762e-01 0.000000000000000000e+00 0.000000000000000000e+00 1.143886055599553225e-01 1.321928873284989869e-01
9.150000000000000000e+02 1.020963611375132613e-01 2.118785976882642252e-01 0.000000000000000000e+00 0.000000000000000000e+00 1.220086717763250450e-01 1.307046532736304278e-01
9.200000000000000000e+02 9.646641260219797342e-02 5.495322438677079091e-02 0.000000000000000000e+00 0.000000000000000000e+00 7.332425501545329627e-02 9.132248281002268431e-02
9.250000000000000000e+02 1.152302975626255943e-01 8.354063110385533120e-02 0.000000000000000000e+00 0.000000000000000000e+00 1.448431891050642184e-01 1.129545429031361820e-01
9.300000000000000000e+02 7.865036387059189116e-02 4.154345919616801719e-02 0.000000000000000000e+00 0.000000000000000000e+00 8.425336896489672711e-02 8.870637766272561342e-02
9.350000000000000000e+02 1.698136259687633709e-01 1.001916000650643068e-01 0.000000000000000000e+00 0.000000000000000000e+00 1.108169488802172031e-01 1.651166647273230870e-01
9.400000000000000000e+02 3.304504983689782738e-01 7.466604323357414752e-02 1.000000000000000000e+00 0.000000000000000000e+00 1.050898467358085814e-01 5.590837645708710002e-02
9.450000000000000000e+02 1.312049348191471343e-01 7.823358916612389163e-03 0.000000000000000000e+00 0.000000000000000000e+00 9.580547385657960102e-02 2.637276104884197017e-02
9.500000000000000000e+02 0.000000000000000000e+00 1.045544436558793616e-01 0.000000000000000000e+00 0.000000000000000000e+00 0.000000000000000000e+00 1.086084202714272806e-01
9.550000000000000000e+02 4.759389829974188663e-02 1.392659056482127566e-01 0.000000000000000000e+00 0.000000000000000000e+00 7.940570700754236155e-02 1.389336067342087366e-01
9.600000000000000000e+02 1.513399074640112696e-01 2.430636363060411642e-01 0.000000000000000000e+00 0.000000000000000000e+00 8.117781035151161451e-02 1.346464139061638310e-01
9.650000000000000000e+02 4.113735406824562540e-02 1.318227654421142703e-01 0.000000000000000000e+00 0.000000000000000000e+00 1.326275754522799610e-01 9.581625508121499601e-02
9.700000000000000000e+02 9.217883878259303110e-02 9.727359555962714066e-02 0.000000000000000000e+00 0.000000000000000000e+00 1.474488039998577416e-01 1.279450011866051229e-01
9.750000000000000000e+02 1.555167517911423825e-01 2.326303952610988546e-01 0.000000000000000000e+00 0.000000000000000000e+00 1.261326819801288912e-01 1.172070536010978714e-01
9.800000000000000000e+02 1.826422045935961469e-01 2.304351230177719700e-01 0.000000000000000000e+00 0.000000000000000000e+00 1.709043236391702414e-01 9.701121904021779707e-02
9.850000000000000000e+02 2.380019556491971833e-01 8.412918359797091905e-02 0.000000000000000000e+00 0.000000000000000000e+00 9.422215164062844317e-02 1.509987662841252853e-01
9.900000000000000000e+02 1.784361908953389086e-01 1.573859092638517365e-01 0.000000000000000000e+00 0.000000000000000000e+00 1.357691745239031078e-01 1.095754006541131420e-01
9.950000000000000000e+02 2.458143657390010617e-01 2.064825055964439604e-01 0.000000000000000000e+00 0.000000000000000000e+00 1.590348553100024986e-01 1.367584069472364827e-01
