0.000000000000000000e+00 0.000000000000000000e+00 0.000000000000000000e+00 0.000000000000000000e+00 0.000000000000000000e+00 0.000000000000000000e+00 0.000000000000000000e+00
5.000000000000000000e+00 1.033415624059507820e+00 5.607518374587235899e-01 1.000000000000000000e+00 1.000000000000000000e+00 2.425271748759513790e-01 1.359066130493245816e-01
1.000000000000000000e+01 1.208429335410095673e+00 4.870360594280956912e-01 1.000000000000000000e+00 1.000000000000000000e+00 2.199544030504197722e-01 1.674120018468271132e-01
1.500000000000000000e+01 9.763136591142650422e-01 5.227805134375017593e-01 1.000000000000000000e+00 0.000000000000000000e+00 3.120857416398453155e-01 1.958646239556978974e-01
2.000000000000000000e+01 1.107298927416026757e+00 3.550461574606338933e-01 1.000000000000000000e+00 0.000000000000000000e+00 2.563624176929395482e-01 1.727575803393301412e-01
2.500000000000000000e+01 9.310431112896656591e-01 3.721366839114622627e-01 1.000000000000000000e+00 0.000000000000000000e+00 1.539406916911970902e-01 1.660664607978964702e-01
3.000000000000000000e+01 8.493240017487526661e-01 4.991468103710722248e-01 1.000000000000000000e+00 1.000000000000000000e+00 2.056894987184685331e-01 1.104922962960936256e-01
3.500000000000000000e+01 8.515380268659165086e-01 3.372837941413958651e-01 1.000000000000000000e+00 0.000000000000000000e+00 2.825940043610444818e-01 1.578896012782933789e-01
4.000000000000000000e+01 9.220530820073540301e-01 3.559317488559421983e-01 1.000000000000000000e+00 0.000000000000000000e+00 2.756018923782889152e-01 1.777213182291614291e-01
4.500000000000000000e+01 7.300578564197548470e-01 3.812164107753707731e-01 1.000000000000000000e+00 0.000000000000000000e+00 2.280769231841462685e-01 1.509215056959989643e-01
5.000000000000000000e+01 8.032853024966781774e-01 3.375044674775470321e-01 1.000000000000000000e+00 0.000000000000000000e+00 2.080363168305882082e-01 1.872451387214133511e-01
5.500000000000000000e+01 7.729013651273666241e-01 1.933069353423927661e-01 1.000000000000000000e+00 0.000000000000000000e+00 1.397915743659038645e-01 1.505186307624667985e-01
6.000000000000000000e+01 9.080196793918027254e-01 2.923707808139958120e-01 1.000000000000000000e+00 0.000000000000000000e+00 1.808109763641730927e-01 1.705984110079979410e-01
6.500000000000000000e+01 8.439491065597536368e-01 3.022224927926290272e-01 1.000000000000000000e+00 1.000000000000000000e+00 1.674493440974631209e-01 1.020978456499716941e-01
7.000000000000000000e+01 9.056299110714369771e-01 4.368196590634042531e-01 1.000000000000000000e+00 1.000000000000000000e+00 1.584148750923074778e-01 9.672530031624776425e-02
7.500000000000000000e+01 7.054349108444275540e-01 4.109217753630714509e-01 1.000000000000000000e+00 0.000000000000000000e+00 2.209801343679230479e-01 1.967043894234719037e-01
8.000000000000000000e+01 8.818446484383560824e-01 2.517677097756086391e-01 1.000000000000000000e+00 0.000000000000000000e+00 2.867792184865289862e-01 1.786639559806993127e-01
8.500000000000000000e+01 6.633437708019093160e-01 3.805795456833362955e-01 1.000000000000000000e+00 1.000000000000000000e+00 2.032753476599642728e-01 1.257342290679754893e-01
9.000000000000000000e+01 7.604514883100638167e-01 2.532509086323623815e-01 1.000000000000000000e+00 0.000000000000000000e+00 2.491127098481978608e-01 1.346223551102312954e-01
9.500000000000000000e+01 9.140366447552681350e-01 1.222637756973776746e-01 1.000000000000000000e+00 0.000000000000000000e+00 2.505670639557706081e-01 1.083274396167832193e-01
1.000000000000000000e+02 7.414265652245669580e-01 1.910931850345608529e-01 1.000000000000000000e+00 0.000000000000000000e+00 1.830648505209210297e-01 1.476473572614719343e-01
1.050000000000000000e+02 7.485789133743681045e-01 3.257552769354322142e-01 1.000000000000000000e+00 0.000000000000000000e+00 2.369111703417377257e-01 1.789878294526778546e-01
1.100000000000000000e+02 8.824681072984764674e-01 2.385189591162527045e-01 1.000000000000000000e+00 0.000000000000000000e+00 2.701983637264969151e-01 9.553417194180108263e-02
1.150000000000000000e+02 9.326594966166258383e-01 1.212529022548806124e-01 1.000000000000000000e+00 0.000000000000000000e+00 2.027891387032507431e-01 1.342103042706429550e-01
1.200000000000000000e+02 6.183346334118777765e-01 1.923744736304679182e-01 1.000000000000000000e+00 0.000000000000000000e+00 2.027529428516131604e-01 1.477915122136663484e-01
1.250000000000000000e+02 6.050475686373870676e-01 1.466120868586818782e-01 0.000000000000000000e+00 0.000000000000000000e+00 2.217369835240900477e-01 6.546335608872651257e-02
1.300000000000000000e+02 6.247627197819664024e-01 2.470808406864365703e-01 1.000000000000000000e+00 0.000000000000000000e+00 1.685425982463925332e-01 1.336758153408027505e-01
1.350000000000000000e+02 6.815438680314775954e-01 1.991542495652869893e-01 0.000000000000000000e+00 0.000000000000000000e+00 2.519029833133749063e-01 9.349703065982961636e-02
1.400000000000000000e+02 8.741646691883900866e-01 1.770751143320452858e-01 1.000000000000000000e+00 0.000000000000000000e+00 2.005344946928760141e-01 1.475854877928889364e-01
1.450000000000000000e+02 5.667258240277632808e-01 5.244824773835228271e-01 1.000000000000000000e+00 1.000000000000000000e+00 1.880262529459750254e-01 1.150827140371321611e-01
1.500000000000000000e+02 8.153144588365910383e-01 2.455857658251985320e-01 1.000000000000000000e+00 0.000000000000000000e+00 2.352761087183599109e-01 9.699466368825845897e-02
1.550000000000000000e+02 6.328621037642465641e-01 1.204318663728799754e-01 1.000000000000000000e+00 0.000000000000000000e+00 1.781212571097919306e-01 6.442074113745854813e-02
1.600000000000000000e+02 5.747795672215766372e-01 2.502657970680918220e-01 0.000000000000000000e+00 0.000000000000000000e+00 2.052893788243857487e-01 1.301740253378904644e-01
1.650000000000000000e+02 8.130861381484818518e-01 4.171834693859174936e-01 1.000000000000000000e+00 0.000000000000000000e+00 1.862049911875575947e-01 1.495485499960619857e-01
1.700000000000000000e+02 8.354100460920305116e-01 2.789771645643798204e-01 1.000000000000000000e+00 0.000000000000000000e+00 1.925352782826360021e-01 1.947188591302845273e-01
1.750000000000000000e+02 6.138161609136972841e-01 4.853018229304030262e-01 1.000000000000000000e+00 1.000000000000000000e+00 2.009967884995048082e-01 1.266362015064695645e-01
1.800000000000000000e+02 7.195295662854070962e-01 2.019444398507680705e-01 1.000000000000000000e+00 0.000000000000000000e+00 1.812298496700216477e-01 8.187970372315245271e-02
1.850000000000000000e+02 7.506299762419323951e-01 2.820879982811088649e-01 1.000000000000000000e+00 0.000000000000000000e+00 2.111761069311021422e-01 1.316353942284146372e-01
1.900000000000000000e+02 7.494067863346883795e-01 4.065215316468577811e-01 1.000000000000000000e+00 1.000000000000000000e+00 2.461153217560494710e-01 1.272172908467011365e-01
1.950000000000000000e+02 7.774264550367516735e-01 4.192507596683306414e-01 1.000000000000000000e+00 1.000000000000000000e+00 2.103655664342347076e-01 1.296800135984669533e-01
2.000000000000000000e+02 7.976779659428747671e-01 9.880421530896323079e-02 1.000000000000000000e+00 0.000000000000000000e+00 2.135003764566275053e-01 8.873636394064676747e-02
2.050000000000000000e+02 6.988356368835051402e-01 4.007850299898629842e-01 1.000000000000000000e+00 1.000000000000000000e+00 2.382370615183811435e-01 1.132320823784966207e-01
2.100000000000000000e+02 7.455800298196016973e-01 3.561400479351168880e-01 1.000000000000000000e+00 0.000000000000000000e+00 1.617312147454683657e-01 1.431007051569215538e-01
2.150000000000000000e+02 9.021586026275043579e-01 2.275047331211118018e-01 1.000000000000000000e+00 0.000000000000000000e+00 2.083214360419174405e-01 1.154852981037458037e-01
2.200000000000000000e+02 9.182672544854909580e-01 2.342368698608189581e-01 1.000000000000000000e+00 0.000000000000000000e+00 2.744924301832811220e-01 1.184608431574769860e-01
2.250000000000000000e+02 6.691553304936397328e-01 4.412445744721036900e-01 1.000000000000000000e+00 1.000000000000000000e+00 1.997294892680844536e-01 1.027211139821405939e-01
2.300000000000000000e+02 7.501404686586317094e-01 5.302862846119964224e-02 1.000000000000000000e+00 0.000000000000000000e+00 2.077714148949391104e-01 1.027234376043912462e-01
2.350000000000000000e+02 6.378509238636548284e-01 4.047776038675333643e-01 1.000000000000000000e+00 1.000000000000000000e+00 2.183498843650772125e-01 1.189527560182999377e-01
2.400000000000000000e+02 6.488592286132982556e-01 2.138411021702396886e-01 1.000000000000000000e+00 0.000000000000000000e+00 1.842736731011772044e-01 1.303332592212305685e-01
2.450000000000000000e+02 5.525004906045272168e-01 1.029729815348177924e-01 1.000000000000000000e+00 0.000000000000000000e+00 1.219192298055661872e-01 1.267741653175436245e-01
2.500000000000000000e+02 6.902764620877065438e-01 3.350895878118672622e-01 1.000000000000000000e+00 1.000000000000000000e+00 1.775684063791951040e-01 1.175824516164353656e-01
2.550000000000000000e+02 6.439449964560910455e-01 1.812102823334038326e-01 1.000000000000000000e+00 0.000000000000000000e+00 1.971098058371136830e-01 1.203652567831252490e-01
2.600000000000000000e+02 6.542698686283145992e-01 4.400674021197101618e-03 0.000000000000000000e+00 0.000000000000000000e+00 2.559620279183285052e-01 7.083202696213763971e-03
2.650000000000000000e+02 6.831794076635794299e-01 2.195634463703826089e-01 1.000000000000000000e+00 0.000000000000000000e+00 2.095481371666501058e-01 1.621009106024197122e-01
2.700000000000000000e+02 6.231303393341820485e-01 1.822006999834141217e-01 1.000000000000000000e+00 0.000000000000000000e+00 2.079549705523103531e-01 1.646808483004924550e-01
2.750000000000000000e+02 6.373698949657538027e-01 2.124741270677331928e-01 1.000000000000000000e+00 0.000000000000000000e+00 1.882836090563387577e-01 1.508185089469011586e-01
2.800000000000000000e+02 6.942314908727620359e-01 1.841987146595278069e-02 1.000000000000000000e+00 0.000000000000000000e+00 1.880546239725253421e-01 3.315374275084966710e-02
2.850000000000000000e+02 7.288829100607105982e-01 2.424447305937253438e-01 1.000000000000000000e+00 0.000000000000000000e+00 1.550373817428482015e-01 1.768349120862111601e-01
2.900000000000000000e+02 5.627568496291257549e-01 3.208791608706454968e-01 1.000000000000000000e+00 0.000000000000000000e+00 1.942124534331685359e-01 2.340962070548845142e-01
2.950000000000000000e+02 6.885763221294959324e-01 3.611608899544840184e-02 1.000000000000000000e+00 0.000000000000000000e+00 2.191506550179298241e-01 1.488668418665074489e-01
3.000000000000000000e+02 6.007689934322247849e-01 2.473407547073162571e-01 1.000000000000000000e+00 0.000000000000000000e+00 1.528657865455494980e-01 9.023790291058472746e-02
3.050000000000000000e+02 5.396138140254398419e-01 4.787077356800778505e-01 1.000000000000000000e+00 0.000000000000000000e+00 1.763951173531970729e-01 1.720094244778342663e-01
3.100000000000000000e+02 6.157481683592208599e-01 3.795245379768464322e-01 1.000000000000000000e+00 0.000000000000000000e+00 1.817333814857483298e-01 1.518393242356345374e-01
3.150000000000000000e+02 4.855493898020373789e-01 8.443959274337757559e-02 0.000000000000000000e+00 0.000000000000000000e+00 2.275090313701623179e-01 1.747238644168258304e-01
3.200000000000000000e+02 5.591037371620147800e-01 1.774835537466448732e-01 1.000000000000000000e+00 0.000000000000000000e+00 1.962160377282853863e-01 7.980731049818347300e-02
3.250000000000000000e+02 6.041094870047756249e-01 1.924696560759456276e-01 0.000000000000000000e+00 0.000000000000000000e+00 2.174858970593526453e-01 1.561006970020062667e-01
3.300000000000000000e+02 6.496034388714818641e-01 3.683438353734387327e-01 1.000000000000000000e+00 1.000000000000000000e+00 1.394028516036761034e-01 1.112560581384516994e-01
3.350000000000000000e+02 5.478548569559428261e-01 3.328554769621074327e-01 1.000000000000000000e+00 1.000000000000000000e+00 1.810183704282595785e-01 1.106693242629113311e-01
3.400000000000000000e+02 5.471389454594209889e-01 2.248527297441726136e-01 1.000000000000000000e+00 0.000000000000000000e+00 1.622714758712368865e-01 1.184407731249714074e-01
3.450000000000000000e+02 5.447955763388681039e-01 1.351844378770040433e-01 1.000000000000000000e+00 0.000000000000000000e+00 6.144039256883145755e-02 1.342693279121497385e-01
3.500000000000000000e+02 4.145744621921474971e-01 1.939835355196250499e-01 1.000000000000000000e+00 0.000000000000000000e+00 1.212259331971086707e-01 8.748959765659693188e-02
3.550000000000000000e+02 4.674642398849057079e-01 1.957811317133746898e-01 0.000000000000000000e+00 0.000000000000000000e+00 1.691557462355679775e-01 7.637241471034578177e-02
3.600000000000000000e+02 5.504266619694196949e-01 1.059374648384128620e-01 1.000000000000000000e+00 0.000000000000000000e+00 1.605054635534633733e-01 7.565042423522391757e-02
3.650000000000000000e+02 3.713986583886980108e-01 3.584735502662514395e-01 0.000000000000000000e+00 1.000000000000000000e+00 1.390475179467194899e-01 1.022938973451103378e-01
3.700000000000000000e+02 5.435616799155585932e-01 7.056388633806277844e-02 1.000000000000000000e+00 0.000000000000000000e+00 1.215713697547572136e-01 8.332596361427624387e-02
3.750000000000000000e+02 3.885441298428543577e-01 1.743796803915095006e-01 0.000000000000000000e+00 0.000000000000000000e+00 1.751236372589918266e-01 8.992579259944327719e-02
3.800000000000000000e+02 3.857734814346678864e-01 3.576763732505974791e-01 0.000000000000000000e+00 0.000000000000000000e+00 1.601440002648089056e-01 1.596556725432979329e-01
3.850000000000000000e+02 5.025732696741880279e-01 2.667636812822561931e-01 1.000000000000000000e+00 0.000000000000000000e+00 1.291351921093122912e-01 1.410605273795292047e-01
3.900000000000000000e+02 4.259184096878675385e-01 3.282663134602649135e-01 0.000000000000000000e+00 0.000000000000000000e+00 1.599761779941764883e-01 1.278933223436090338e-01
3.950000000000000000e+02 3.458117584538651923e-01 3.708351048375032599e-01 0.000000000000000000e+00 0.000000000000000000e+00 2.195258038959775060e-01 1.623339216684785702e-01
4.000000000000000000e+02 3.886472528669634441e-01 9.929330467365289625e-02 0.000000000000000000e+00 0.000000000000000000e+00 1.730960991954761941e-01 1.423725123157397743e-01
4.050000000000000000e+02 3.002737898612052869e-01 2.446354100593857162e-01 0.000000000000000000e+00 0.000000000000000000e+00 1.125389026748242066e-01 1.723505854941642934e-01
4.100000000000000000e+02 4.755601510121708064e-01 2.518089102214727260e-01 1.000000000000000000e+00 0.000000000000000000e+00 1.579900687965352934e-01 1.383562007105627323e-01
4.150000000000000000e+02 4.739195174314543846e-01 1.503365866475880885e-02 1.000000000000000000e+00 0.000000000000000000e+00 1.390394387660998654e-01 1.474123660791491486e-01
4.200000000000000000e+02 3.314003013922862118e-01 6.534286927041284276e-02 0.000000000000000000e+00 0.000000000000000000e+00 1.517856805458998315e-01 1.554730010159359466e-01
4.250000000000000000e+02 4.960707022185838477e-01 1.396086463979168135e-01 1.000000000000000000e+00 0.000000000000000000e+00 1.492036228477617021e-01 1.257752160090153948e-01
4.300000000000000000e+02 5.388926411789352056e-01 4.145227570705167786e-01 1.000000000000000000e+00 0.000000000000000000e+00 1.440951941400029357e-01 1.722116912627641161e-01
4.350000000000000000e+02 2.871894291511725705e-01 3.213092983954959903e-01 0.000000000000000000e+00 0.000000000000000000e+00 1.545319110641383553e-01 1.374507486559183866e-01
4.400000000000000000e+02 2.743702822407946829e-01 3.359323353746876406e-01 0.000000000000000000e+00 0.000000000000000000e+00 1.256598380301030549e-01 1.371535551603940695e-01
4.450000000000000000e+02 3.578046129183151680e-01 1.035233142492315295e-01 0.000000000000000000e+00 0.000000000000000000e+00 1.329941047666719500e-01 1.283793444028892838e-01
4.500000000000000000e+02 3.117926436052448902e-01 2.000150066829064210e-01 0.000000000000000000e+00 0.000000000000000000e+00 1.489300341496068714e-01 1.622965889721470767e-01
4.550000000000000000e+02 1.979801254643241415e-01 1.343719060185687708e-01 0.000000000000000000e+00 0.000000000000000000e+00 1.348647987434606621e-01 5.223394302531698258e-02
4.600000000000000000e+02 5.112663601977542882e-01 2.215231231210298968e-01 1.000000000000000000e+00 0.000000000000000000e+00 1.344497822098508766e-01 9.582363228077590833e-02
4.650000000000000000e+02 3.144026758309849678e-01 2.969235727199633912e-01 0.000000000000000000e+00 1.000000000000000000e+00 1.804057183677689191e-01 7.952001569635637479e-02
4.700000000000000000e+02 4.727373122893127055e-01 2.148052466667780824e-01 1.000000000000000000e+00 0.000000000000000000e+00 1.651207183728019279e-01 1.272481552750584499e-01
4.750000000000000000e+02 2.537395195319430141e-01 1.642186540680660167e-01 0.000000000000000000e+00 0.000000000000000000e+00 1.321238312605124143e-01 1.047692348236235749e-01
4.800000000000000000e+02 3.727477619706086598e-01 1.829612282247110033e-01 0.000000000000000000e+00 0.000000000000000000e+00 1.484133571090861803e-01 1.685103609585983098e-01
4.850000000000000000e+02 3.667178596417051684e-01 2.959783987141365036e-01 0.000000000000000000e+00 0.000000000000000000e+00 1.344095987452248453e-01 1.193127261856470195e-01
4.900000000000000000e+02 2.804130616211156779e-01 6.304494970277277344e-02 0.000000000000000000e+00 0.000000000000000000e+00 1.771963473893896357e-01 1.185829193379492053e-01
4.950000000000000000e+02 3.775272669831389871e-01 1.759337980551913816e-01 0.000000000000000000e+00 0.000000000000000000e+00 1.629559920977061427e-01 1.132231223414179866e-01
5.000000000000000000e+02 2.876796389176933810e-01 3.932427841210699160e-02 0.000000000000000000e+00 0.000000000000000000e+00 1.458096913067560285e-01 1.600011076824941203e-01
5.050000000000000000e+02 3.802234021310222367e-01 2.903896531377426760e-01 0.000000000000000000e+00 0.000000000000000000e+00 1.836446972654736665e-01 1.904748725862661363e-01
5.100000000000000000e+02 2.791114626373035756e-01 2.728147945427759624e-01 0.000000000000000000e+00 0.000000000000000000e+00 1.299504946155238816e-01 1.195493750257987375e-01
5.150000000000000000e+02 2.646236293686269336e-01 2.821701701978510113e-01 0.000000000000000000e+00 0.000000000000000000e+00 1.508964162042559509e-01 2.074555098839243883e-01
5.200000000000000000e+02 4.249293052926127467e-01 2.687719212650854228e-01 0.000000000000000000e+00 1.000000000000000000e+00 1.663321633755203421e-01 8.027850588250345920e-02
5.250000000000000000e+02 2.468991838833443642e-01 4.059249066902219094e-01 0.000000000000000000e+00 1.000000000000000000e+00 1.378218598654963323e-01 1.112569271830267936e-01
5.300000000000000000e+02 2.975164885883614940e-01 2.153792155985024548e-01 0.000000000000000000e+00 0.000000000000000000e+00 1.314846794498450433e-01 9.542162992790437226e-02
5.350000000000000000e+02 2.405729345449044432e-01 1.739469373655801732e-01 0.000000000000000000e+00 0.000000000000000000e+00 1.748883308119392188e-01 7.665633062328881808e-02
5.400000000000000000e+02 2.216042818880749610e-01 3.190066860763899892e-01 0.000000000000000000e+00 0.000000000000000000e+00 1.298714596432824775e-01 1.629689788765283642e-01
5.450000000000000000e+02 2.254367412386831249e-01 2.669147800263287351e-01 0.000000000000000000e+00 0.000000000000000000e+00 1.078685095788178006e-01 1.057760450793945733e-01
5.500000000000000000e+02 1.287160438345956448e-01 2.874148093796378700e-01 0.000000000000000000e+00 0.000000000000000000e+00 1.433773345844144009e-01 2.097714867007129114e-01
5.550000000000000000e+02 2.295150538681038910e-01 2.035385180152706752e-01 0.000000000000000000e+00 0.000000000000000000e+00 1.559785377813585339e-01 9.982602327182145407e-02
5.600000000000000000e+02 3.253059345333007002e-01 3.231859122702414600e-01 0.000000000000000000e+00 1.000000000000000000e+00 1.687806263839016219e-01 1.110723989674449463e-01
5.650000000000000000e+02 1.999695728286220164e-01 2.031655883344345437e-01 0.000000000000000000e+00 0.000000000000000000e+00 1.077828600680804799e-01 1.184934481623808877e-01
5.700000000000000000e+02 2.203593105726238122e-01 1.666639903805856027e-01 0.000000000000000000e+00 0.000000000000000000e+00 1.493428254702229285e-01 8.535412600999402188e-02
5.750000000000000000e+02 2.071990545996809929e-01 1.589187658821855642e-01 0.000000000000000000e+00 0.000000000000000000e+00 1.457134663747296777e-01 1.431964060094180757e-01
5.800000000000000000e+02 2.910850962456900670e-01 1.710848246040193588e-01 0.000000000000000000e+00 0.000000000000000000e+00 1.222152580480082018e-01 6.314277042960571296e-02
5.850000000000000000e+02 3.273240191718455039e-01 2.126691005317538907e-01 0.000000000000000000e+00 0.000000000000000000e+00 1.683328840613202704e-01 1.216962336631181030e-01
5.900000000000000000e+02 2.562707032406016383e-01 2.266977885681552007e-01 0.000000000000000000e+00 0.000000000000000000e+00 1.216316788875811267e-01 1.745610427333482984e-01
5.950000000000000000e+02 5.135709997194732868e-01 2.248706594558730620e-01 1.000000000000000000e+00 0.000000000000000000e+00 1.232039394893829770e-01 1.925313335210039056e-01
6.000000000000000000e+02 3.005162032086577395e-01 5.160177375573381242e-02 0.000000000000000000e+00 0.000000000000000000e+00 1.593472719844950813e-01 6.278366147518044116e-02
6.050000000000000000e+02 2.956886950042195705e-01 1.755291423406114548e-01 0.000000000000000000e+00 0.000000000000000000e+00 1.758455605543652323e-01 1.459583698225401793e-01
6.100000000000000000e+02 3.722262420507714831e-01 0.000000000000000000e+00 0.000000000000000000e+00 0.000000000000000000e+00 1.769712121897717982e-01 0.000000000000000000e+00
6.150000000000000000e+02 3.500605730913251556e-01 1.329762355773059235e-01 0.000000000000000000e+00 0.000000000000000000e+00 1.308930031364958224e-01 1.216436673008620822e-01
6.200000000000000000e+02 2.547646759397215743e-01 1.429271804416112901e-01 0.000000000000000000e+00 0.000000000000000000e+00 1.265988205166594383e-01 1.066393244813799990e-01
6.250000000000000000e+02 2.416264625390431020e-01 4.432717389321096380e-01 0.000000000000000000e+00 1.000000000000000000e+00 1.454746348037024573e-01 9.290956581337679598e-02
6.300000000000000000e+02 2.828914456210621653e-01 1.554889011882920613e-01 0.000000000000000000e+00 0.000000000000000000e+00 1.024408660274534200e-01 1.153743260093326728e-01
6.350000000000000000e+02 3.781141468502395298e-01 3.785865209721325786e-01 1.000000000000000000e+00 1.000000000000000000e+00 1.015208362967079531e-01 6.440567638358719871e-02
6.400000000000000000e+02 3.240028074372804379e-01 2.185310777468820742e-01 0.000000000000000000e+00 0.000000000000000000e+00 1.706501664348704372e-01 2.283932788827619242e-01
6.450000000000000000e+02 1.806267654987728233e-01 2.721660332722647402e-01 0.000000000000000000e+00 0.000000000000000000e+00 1.391505685762521871e-01 9.846525018121429773e-02
6.500000000000000000e+02 1.300388265949298794e-01 2.017248573019256863e-01 0.000000000000000000e+00 0.000000000000000000e+00 1.323620535020925693e-01 1.549231803195004475e-01
6.550000000000000000e+02 3.726462736100650819e-01 1.475356222020857699e-01 1.000000000000000000e+00 0.000000000000000000e+00 1.251702807838441789e-01 9.375643555586012090e-02
6.600000000000000000e+02 3.100175831088389233e-01 5.929804158337390399e-03 0.000000000000000000e+00 0.000000000000000000e+00 1.319670504999424787e-01 3.626180527985733808e-03
6.650000000000000000e+02 2.723516944676444562e-01 2.078004554610075605e-01 0.000000000000000000e+00 0.000000000000000000e+00 1.010364620037133426e-01 1.014964978803910289e-01
6.700000000000000000e+02 1.784083285311595657e-01 2.226963321518978245e-01 0.000000000000000000e+00 0.000000000000000000e+00 1.970883042431842702e-01 1.001599841806479069e-01
6.750000000000000000e+02 4.636362740471513533e-01 2.113933153398909470e-01 0.000000000000000000e+00 0.000000000000000000e+00 2.107403559814574334e-01 9.823012578890580326e-02
6.800000000000000000e+02 4.165551090356077735e-01 1.841378659414185659e-01 1.000000000000000000e+00 0.000000000000000000e+00 1.418951228794575747e-01 1.276625366814022611e-01
6.850000000000000000e+02 1.788619651514469777e-01 1.662708627250900351e-01 0.000000000000000000e+00 0.000000000000000000e+00 7.340633062669096875e-02 1.283188536749984843e-01
6.900000000000000000e+02 1.457623083648188766e-01 2.076835452911846881e-03 0.000000000000000000e+00 0.000000000000000000e+00 1.644714034936964608e-01 2.082919312958641557e-03
6.950000000000000000e+02 3.123626735879601601e-01 1.376067620663116442e-01 0.000000000000000000e+00 0.000000000000000000e+00 2.107492502241315180e-01 2.542613720758821749e-01
7.000000000000000000e+02 1.540272762644128157e-01 4.140708081587712169e-02 0.000000000000000000e+00 0.000000000000000000e+00 2.122011868339757912e-01 7.542794987639760140e-02
7.050000000000000000e+02 2.770330205791794453e-01 1.861881899488465608e-01 0.000000000000000000e+00 0.000000000000000000e+00 1.485783866198137071e-01 9.734599293398127351e-02
7.100000000000000000e+02 1.533808408951789770e-01 2.466085455609291766e-01 0.000000000000000000e+00 1.000000000000000000e+00 1.376209114641615827e-01 6.461572852525815369e-02
7.150000000000000000e+02 2.710791233137688216e-01 2.035662660923838740e-01 0.000000000000000000e+00 0.000000000000000000e+00 1.382895101902588686e-01 1.484423130652673950e-01
7.200000000000000000e+02 2.148193536303316942e-01 2.080422869992371859e-01 0.000000000000000000e+00 0.000000000000000000e+00 1.667881761712311228e-01 1.834977648554730612e-01
7.250000000000000000e+02 2.296763157354034524e-01 1.834090796449492911e-01 0.000000000000000000e+00 0.000000000000000000e+00 1.599121699639398098e-01 9.819036681506392028e-02
7.300000000000000000e+02 3.889496060390210119e-01 7.024773205197783199e-02 1.000000000000000000e+00 0.000000000000000000e+00 1.255787531247235522e-01 7.514401480621434037e-02
7.350000000000000000e+02 2.172131602163690778e-01 6.842743965117518978e-02 0.000000000000000000e+00 0.000000000000000000e+00 1.510652944076217585e-01 9.161627127155126671e-02
7.400000000000000000e+02 2.664938056858111581e-01 1.660977877962182547e-01 0.000000000000000000e+00 0.000000000000000000e+00 1.377055643118173245e-01 9.532932216048221885e-02
7.450000000000000000e+02 1.217175813245878341e-01 7.152189104612531600e-02 0.000000000000000000e+00 0.000000000000000000e+00 1.047747266558352042e-01 9.876522041506272109e-02
7.500000000000000000e+02 1.307970317906808067e-01 9.476810832657167616e-02 0.000000000000000000e+00 0.000000000000000000e+00 1.369521919668282850e-01 8.307557575785329274e-02
7.550000000000000000e+02 1.984566703743851357e-01 1.072941302755413273e-01 0.000000000000000000e+00 0.000000000000000000e+00 1.937045456320246883e-01 7.753875004581441133e-02
7.600000000000000000e+02 2.602789596869197197e-01 9.815254414445014064e-02 1.000000000000000000e+00 0.000000000000000000e+00 5.424002727955623548e-02 9.283245662451591884e-02
7.650000000000000000e+02 9.326607924055799193e-02 1.594995918686030190e-01 0.000000000000000000e+00 0.000000000000000000e+00 7.953526627706417051e-02 1.356400538622188900e-01
7.700000000000000000e+02 2.181932590358457436e-01 1.692649171660708940e-01 0.000000000000000000e+00 0.000000000000000000e+00 1.325520216063507117e-01 9.725043802205377008e-02
7.750000000000000000e+02 1.584561103603682741e-01 3.017051153040027911e-01 0.000000000000000000e+00 1.000000000000000000e+00 2.595396204199806323e-01 8.716938419252436010e-02
7.800000000000000000e+02 3.239904307735187450e-01 3.379297097433023866e-01 0.000000000000000000e+00 0.000000000000000000e+00 1.372583865726313967e-01 1.213384092688076232e-01
7.850000000000000000e+02 1.604923171328573872e-01 9.270385879900081005e-02 0.000000000000000000e+00 0.000000000000000000e+00 1.808495063616558096e-01 6.802422752214147550e-02
7.900000000000000000e+02 1.404599304552689443e-01 1.415140339895145094e-01 0.000000000000000000e+00 0.000000000000000000e+00 1.481956855492538028e-01 1.054524239310555139e-01
7.950000000000000000e+02 2.675713368875361486e-01 2.019291237000389039e-01 0.000000000000000000e+00 1.000000000000000000e+00 1.151877777169417610e-01 6.823661635186845098e-02
8.000000000000000000e+02 2.991071160715338406e-01 1.630920573838687271e-01 0.000000000000000000e+00 0.000000000000000000e+00 1.120551716329073466e-01 1.148586403450699706e-01
8.050000000000000000e+02 4.295622934685521810e-01 1.772971455371868954e-01 1.000000000000000000e+00 1.000000000000000000e+00 1.290099930487908497e-01 5.062822093563412035e-02
8.100000000000000000e+02 3.777678976742332440e-01 3.595651040442963131e-01 1.000000000000000000e+00 1.000000000000000000e+00 1.119165984977712747e-01 6.608903072991380301e-02
8.150000000000000000e+02 4.101769425154976889e-01 1.860581701758574347e-01 1.000000000000000000e+00 0.000000000000000000e+00 1.222688679867877937e-01 9.919333796927537472e-02
8.200000000000000000e+02 1.986595797380812101e-01 1.575816690943140364e-01 0.000000000000000000e+00 0.000000000000000000e+00 1.355623214276740207e-01 9.915741494744237383e-02
8.250000000000000000e+02 2.148899165233550956e-01 3.046728079102351550e-01 0.000000000000000000e+00 0.000000000000000000e+00 1.915905558601460612e-01 1.165262411950880178e-01
8.300000000000000000e+02 2.882859784730856245e-01 1.383919711397108010e-01 0.000000000000000000e+00 0.000000000000000000e+00 1.827371551111029724e-01 1.010126011656495848e-01
8.350000000000000000e+02 2.891891187232616955e-01 2.541964445762240343e-01 0.000000000000000000e+00 0.000000000000000000e+00 1.581384380414886659e-01 1.167671518497455374e-01
8.400000000000000000e+02 8.724847215706225956e-02 5.061355128803592118e-02 0.000000000000000000e+00 0.000000000000000000e+00 1.211003383603469763e-01 7.101717828849028746e-02
8.450000000000000000e+02 2.902123649627135205e-01 3.049240052367213072e-01 1.000000000000000000e+00 1.000000000000000000e+00 9.847570953458301135e-02 5.917538174932038958e-02
8.500000000000000000e+02 2.503472924050123560e-01 1.027939555253370996e-01 0.000000000000000000e+00 0.000000000000000000e+00 2.114747019549091112e-01 8.879275462481223125e-02
8.550000000000000000e+02 3.251271893811480407e-01 1.240228920980400718e-01 0.000000000000000000e+00 0.000000000000000000e+00 1.462087787898366797e-01 4.709321373662672672e-02
8.600000000000000000e+02 4.553854689704041614e-01 2.643777710290616256e-01 1.000000000000000000e+00 0.000000000000000000e+00 1.155919876055279127e-01 1.031547365236826774e-01
8.650000000000000000e+02 1.393869179500172029e-01 1.640172115075513859e-01 0.000000000000000000e+00 0.000000000000000000e+00 1.006681275483455595e-01 8.689679709079702052e-02
8.700000000000000000e+02 1.620902455115391383e-01 8.500045280253012980e-02 0.000000000000000000e+00 0.000000000000000000e+00 1.247755800966179468e-01 6.526047010841760920e-02
8.750000000000000000e+02 4.345799853522486211e-01 9.829746870684845372e-02 1.000000000000000000e+00 0.000000000000000000e+00 1.345068359389075818e-01 6.738069089577558568e-02
8.800000000000000000e+02 4.478594669311101728e-01 8.290031543703288430e-02 0.000000000000000000e+00 0.000000000000000000e+00 2.052492017357196996e-01 4.549213488301173669e-02
8.850000000000000000e+02 1.179668243372043179e-01 1.510456800877348349e-01 0.000000000000000000e+00 0.000000000000000000e+00 1.514439589439690592e-01 9.481139171349876882e-02
8.900000000000000000e+02 3.940349239207781296e-02 8.074757431519698561e-03 0.000000000000000000e+00 0.000000000000000000e+00 2.994410010824113261e-02 8.117854755725758750e-03
8.950000000000000000e+02 1.984805627944756234e-01 2.467849093699488738e-01 0.000000000000000000e+00 0.000000000000000000e+00 1.703960806257136806e-01 1.011243125855582070e-01
9.000000000000000000e+02 1.568560231120759707e-01 1.317182687860290469e-01 0.000000000000000000e+00 0.000000000000000000e+00 1.052909694420930409e-01 9.129406707642072349e-02
9.050000000000000000e+02 2.285312496053023001e-01 1.535669778138486763e-01 0.000000000000000000e+00 0.000000000000000000e+00 1.339221779501213183e-01 7.766553788910167400e-02
9.100000000000000000e+02 2.560291634997952093e-01 2.322214046064242574e-02 0.000000000000000000e+00 0.000000000000000000e+00 1.906718915268335590e-01 1.088830224799447605e-01
9.150000000000000000e+02 1.268933439722047252e-01 3.194204718007167404e-02 0.000000000000000000e+00 0.000000000000000000e+00 9.785070653810455654e-02 3.746489673773606421e-02
9.200000000000000000e+02 2.898845250547786856e-01 2.006586275741951975e-01 0.000000000000000000e+00 0.000000000000000000e+00 1.610977004808788748e-01 1.423049244879251995e-01
9.250000000000000000e+02 3.347733690614825841e-01 1.187880758988724313e-02 1.000000000000000000e+00 0.000000000000000000e+00 1.168425011258341778e-01 4.600212363719353471e-03
9.300000000000000000e+02 2.795993971814335621e-01 1.501986788962997033e-01 0.000000000000000000e+00 0.000000000000000000e+00 1.441963469036474932e-01 1.262430952451341071e-01
9.350000000000000000e+02 2.800937245834331235e-01 7.414549313572464662e-02 0.000000000000000000e+00 0.000000000000000000e+00 1.252295003720529931e-01 1.152971920398904171e-01
9.400000000000000000e+02 1.366959355978240587e-01 1.197303656377518843e-01 0.000000000000000000e+00 0.000000000000000000e+00 7.882318080661740445e-02 7.820766215315540226e-02
9.450000000000000000e+02 1.958064118254012054e-01 8.033876362528713511e-02 0.000000000000000000e+00 0.000000000000000000e+00 1.147429498370502315e-01 4.684796297279888999e-02
9.500000000000000000e+02 3.025714902543353846e-01 1.694113541693917716e-02 0.000000000000000000e+00 0.000000000000000000e+00 1.733658495279676581e-01 4.600102703453108621e-02
9.550000000000000000e+02 1.470422254148443797e-01 1.092689106294125329e-01 0.000000000000000000e+00 0.000000000000000000e+00 1.528400521689604052e-01 9.420626568539462731e-02
9.600000000000000000e+02 3.792560876553734139e-02 2.534027467067045403e-01 0.000000000000000000e+00 0.000000000000000000e+00 1.371563698643306906e-01 1.213211967438345557e-01
9.650000000000000000e+02 6.430994957976383930e-02 1.039703818505098160e-01 0.000000000000000000e+00 0.000000000000000000e+00 9.948775969166837041e-02 1.031630637817239210e-01
9.700000000000000000e+02 2.100129513729028508e-01 1.460303851517294194e-01 0.000000000000000000e+00 0.000000000000000000e+00 1.358482413929446575e-01 1.442925765203896260e-01
9.750000000000000000e+02 4.100321793961203554e-01 1.300339259198997066e-01 0.000000000000000000e+00 0.000000000000000000e+00 1.798752059326261810e-01 1.244676366019206587e-01
9.800000000000000000e+02 1.558778379064710562e-01 3.241154745013349325e-01 0.000000000000000000e+00 0.000000000000000000e+00 1.035046640336347440e-01 1.161332078073280261e-01
9.850000000000000000e+02 1.474413539726664724e-01 8.101075703236440551e-02 0.000000000000000000e+00 0.000000000000000000e+00 2.389716256540031780e-01 1.125757663048288226e-01
9.900000000000000000e+02 3.235922023587620155e-01 1.109155065757084085e-01 0.000000000000000000e+00 0.000000000000000000e+00 1.504218351112079632e-01 9.857848532790887408e-02
9.950000000000000000e+02 3.275164589017731664e-01 1.044337704084675328e-01 1.000000000000000000e+00 0.000000000000000000e+00 5.401295345227871691e-02 1.005914998590450860e-01
