0.000000000000000000e+00 0.000000000000000000e+00 0.000000000000000000e+00 0.000000000000000000e+00 0.000000000000000000e+00 0.000000000000000000e+00 0.000000000000000000e+00
5.000000000000000000e+00 9.953540534116184224e-01 3.469874258441893455e-01 1.000000000000000000e+00 0.000000000000000000e+00 2.428239676964394356e-01 1.296695171692391901e-01
1.000000000000000000e+01 1.174119084390581325e+00 3.826021183264404768e-01 1.000000000000000000e+00 0.000000000000000000e+00 2.368451671010968484e-01 1.426055838319798819e-01
1.500000000000000000e+01 8.825085196788086117e-01 5.122345091165183550e-01 1.000000000000000000e+00 1.000000000000000000e+00 2.491296997954277614e-01 1.107466517014695645e-01
2.000000000000000000e+01 9.816251490652219136e-01 2.721731318148735701e-01 1.000000000000000000e+00 0.000000000000000000e+00 2.266025209667909268e-01 1.208276320302029416e-01
2.500000000000000000e+01 9.793321587240176873e-01 3.216569079817581112e-01 1.000000000000000000e+00 0.000000000000000000e+00 2.537599839466400664e-01 1.433140140354430270e-01
3.000000000000000000e+01 9.513616769077242186e-01 2.895562192468815188e-01 1.000000000000000000e+00 0.000000000000000000e+00 2.355310348654796881e-01 1.303002307217684952e-01
3.500000000000000000e+01 7.579483137075363475e-01 2.581857824452100658e-01 1.000000000000000000e+00 0.000000000000000000e+00 1.890273943140896307e-01 1.005970375598337213e-01
4.000000000000000000e+01 8.229677564417599012e-01 3.428356436339697333e-01 1.000000000000000000e+00 0.000000000000000000e+00 1.916528906321880721e-01 1.302440152658078665e-01
4.500000000000000000e+01 7.871064965864084106e-01 8.355131532665846517e-02 1.000000000000000000e+00 0.000000000000000000e+00 1.877568787967156816e-01 8.231605494780444565e-02
5.000000000000000000e+01 9.442626151460746797e-01 1.648719020205874908e-01 1.000000000000000000e+00 0.000000000000000000e+00 2.415561004119251565e-01 1.349937267647782213e-01
5.500000000000000000e+01 8.444149058826955212e-01 1.321369293915048981e-01 1.000000000000000000e+00 0.000000000000000000e+00 1.174934603881511580e-01 1.133872404673067630e-01
6.000000000000000000e+01 8.236935858978352565e-01 1.575470937242290925e-01 1.000000000000000000e+00 0.000000000000000000e+00 1.648519875682522562e-01 1.578424918944194566e-01
6.500000000000000000e+01 6.758467077506903342e-01 2.782085259610429517e-01 1.000000000000000000e+00 1.000000000000000000e+00 2.319862316158861071e-01 7.363825423545386495e-02
7.000000000000000000e+01 9.996161716010112386e-01 2.316487068514545555e-01 1.000000000000000000e+00 0.000000000000000000e+00 1.775167230680136932e-01 1.163280896694501160e-01
7.500000000000000000e+01 9.789921544393976882e-01 3.498014719086680047e-01 1.000000000000000000e+00 0.000000000000000000e+00 2.279305128000329583e-01 1.402140321850744997e-01
8.000000000000000000e+01 8.672143666171562293e-01 7.744723080237356228e-02 1.000000000000000000e+00 0.000000000000000000e+00 2.250552423147278713e-01 1.431848021357081668e-01
8.500000000000000000e+01 6.437196521774596336e-01 2.845732062574729548e-01 1.000000000000000000e+00 0.000000000000000000e+00 1.710458346323977530e-01 1.045812756373244029e-01
9.000000000000000000e+01 6.537324007916774926e-01 1.985626775508158026e-01 1.000000000000000000e+00 0.000000000000000000e+00 1.689640672128304710e-01 7.611236776856232511e-02
9.500000000000000000e+01 6.543357334408430592e-01 1.323984126433245256e-01 1.000000000000000000e+00 0.000000000000000000e+00 1.688710646558122530e-01 8.645722412901632459e-02
1.000000000000000000e+02 9.499946814791204730e-01 6.355627830254745141e-03 1.000000000000000000e+00 0.000000000000000000e+00 1.587341727209244935e-01 5.609101504289371563e-03
1.050000000000000000e+02 7.683313380239304990e-01 2.322192399694026910e-01 1.000000000000000000e+00 0.000000000000000000e+00 2.131054320247432188e-01 1.073480130790692016e-01
1.100000000000000000e+02 6.430254773708210525e-01 7.723955310769753391e-02 1.000000000000000000e+00 0.000000000000000000e+00 1.443592491175074155e-01 9.291265492118737368e-02
1.150000000000000000e+02 8.681758217946805578e-01 7.304126338346417224e-02 1.000000000000000000e+00 0.000000000000000000e+00 1.959301862132892813e-01 9.001836541687660564e-02
1.200000000000000000e+02 5.792857983777609521e-01 7.729846256067172960e-02 1.000000000000000000e+00 0.000000000000000000e+00 1.780246833272420837e-01 1.210191751625858264e-01
1.250000000000000000e+02 7.483346094002443216e-01 5.548920855197940483e-02 1.000000000000000000e+00 0.000000000000000000e+00 1.550789648312705382e-01 9.056708749312407380e-02
1.300000000000000000e+02 7.044627037592382512e-01 2.509818528904140256e-01 1.000000000000000000e+00 0.000000000000000000e+00 1.843765929788692970e-01 1.216821097093360449e-01
1.350000000000000000e+02 5.091256146615735778e-01 1.950214773995368606e-02 1.000000000000000000e+00 0.000000000000000000e+00 1.710491975773055506e-01 6.958708072554894986e-02
1.400000000000000000e+02 7.045459372549257582e-01 7.855469454814056549e-03 1.000000000000000000e+00 0.000000000000000000e+00 1.835970173727453358e-01 3.390105812795727452e-02
1.450000000000000000e+02 5.380663807833011569e-01 1.973356595569934202e-01 1.000000000000000000e+00 0.000000000000000000e+00 1.384286539627956336e-01 7.656571809445916754e-02
1.500000000000000000e+02 7.464194857462428390e-01 1.551378678565107361e-01 1.000000000000000000e+00 0.000000000000000000e+00 1.712599063146454381e-01 1.296525125663170741e-01
1.550000000000000000e+02 5.527570196059240493e-01 4.537630711381054893e-02 1.000000000000000000e+00 0.000000000000000000e+00 1.513876311514000539e-01 4.175567028123921415e-02
1.600000000000000000e+02 5.383431427509448586e-01 2.706031296374836748e-01 1.000000000000000000e+00 0.000000000000000000e+00 1.423476991221807597e-01 1.919376346239997366e-01
1.650000000000000000e+02 5.707464196376452747e-01 1.793935646578761478e-01 1.000000000000000000e+00 0.000000000000000000e+00 1.709791298445531571e-01 1.272300685974541157e-01
1.700000000000000000e+02 6.158133919035375659e-01 2.491569186886210263e-01 0.000000000000000000e+00 0.000000000000000000e+00 2.447687608878190424e-01 1.536114110754111806e-01
1.750000000000000000e+02 5.888569546653932285e-01 2.483626974885902450e-01 1.000000000000000000e+00 0.000000000000000000e+00 1.741014111952186305e-01 1.102638879868609451e-01
1.800000000000000000e+02 5.317033431812749900e-01 2.179706079257295315e-01 1.000000000000000000e+00 1.000000000000000000e+00 1.404191921505200669e-01 6.895194411639068988e-02
1.850000000000000000e+02 5.150028159680142270e-01 2.434322628432514235e-01 1.000000000000000000e+00 0.000000000000000000e+00 1.755211491328606821e-01 2.259053416931398328e-01
1.900000000000000000e+02 6.743126771244704054e-01 7.865245090932304617e-02 1.000000000000000000e+00 0.000000000000000000e+00 1.957990171140303048e-01 2.337852655309082539e-01
1.950000000000000000e+02 7.012292032906092265e-01 1.129301118744980847e-01 1.000000000000000000e+00 0.000000000000000000e+00 1.888263382507938126e-01 8.709065039944922926e-02
2.000000000000000000e+02 5.373365320416116919e-01 5.018897997251694360e-02 1.000000000000000000e+00 0.000000000000000000e+00 1.445335622622694882e-01 1.132494155708670541e-01
2.050000000000000000e+02 4.928082131109768893e-01 1.426924776027688468e-01 1.000000000000000000e+00 0.000000000000000000e+00 1.648211422358480949e-01 8.393787030707178243e-02
2.100000000000000000e+02 5.449495767476044694e-01 8.833933015878017714e-02 1.000000000000000000e+00 0.000000000000000000e+00 1.606330836988706101e-01 1.041339278948600899e-01
2.150000000000000000e+02 6.279881366552610977e-01 7.780744746040221815e-02 1.000000000000000000e+00 0.000000000000000000e+00 1.734055983491886443e-01 1.059700212576757949e-01
2.200000000000000000e+02 4.304936420184092283e-01 1.513560918208523565e-01 0.000000000000000000e+00 0.000000000000000000e+00 1.662526250195216770e-01 6.228301238095011738e-02
2.250000000000000000e+02 4.545036922249119371e-01 2.561080931166507257e-01 1.000000000000000000e+00 0.000000000000000000e+00 1.597160531292534658e-01 1.258353651347351998e-01
2.300000000000000000e+02 5.110428030758034090e-01 1.460862689444694384e-01 1.000000000000000000e+00 0.000000000000000000e+00 1.801848936266478851e-01 1.192736000752118997e-01
2.350000000000000000e+02 3.452751676751344978e-01 3.593391593542550333e-01 1.000000000000000000e+00 1.000000000000000000e+00 1.034586522839708173e-01 8.272631537854052697e-02
2.400000000000000000e+02 4.883890126792236330e-01 1.565309713099952149e-01 1.000000000000000000e+00 0.000000000000000000e+00 1.502698800822813430e-01 1.379738474106848578e-01
2.450000000000000000e+02 4.426364918546900062e-01 1.874944805272215492e-02 1.000000000000000000e+00 0.000000000000000000e+00 8.842595120785252949e-02 2.864975422827131107e-02
2.500000000000000000e+02 6.785757151095266337e-01 3.110306550082347909e-01 1.000000000000000000e+00 0.000000000000000000e+00 1.977356038604271560e-01 1.549512724086643811e-01
2.550000000000000000e+02 5.437032102320961124e-01 4.307886982439199097e-02 1.000000000000000000e+00 0.000000000000000000e+00 1.675882291323351481e-01 9.835929188297505565e-02
2.600000000000000000e+02 4.544069342574432180e-01 1.377372729293902809e-01 1.000000000000000000e+00 0.000000000000000000e+00 1.236928112474739577e-01 7.273233199862678966e-02
2.650000000000000000e+02 5.112144809319010275e-01 8.985636154251229468e-02 1.000000000000000000e+00 0.000000000000000000e+00 8.635938311977645054e-02 1.086549099000412577e-01
2.700000000000000000e+02 5.163607600554009913e-01 0.000000000000000000e+00 1.000000000000000000e+00 0.000000000000000000e+00 1.627478951914459737e-01 0.000000000000000000e+00
2.750000000000000000e+02 6.388777123548134984e-01 2.054840936051439138e-01 1.000000000000000000e+00 0.000000000000000000e+00 1.659168356274495770e-01 1.270858799403111472e-01
2.800000000000000000e+02 5.074901891984732183e-01 1.842335332552966221e-01 1.000000000000000000e+00 0.000000000000000000e+00 1.678716095603073610e-01 1.526832550304897951e-01
2.850000000000000000e+02 5.457861808134464310e-01 3.417445796068121350e-02 1.000000000000000000e+00 0.000000000000000000e+00 1.113423701751462130e-01 1.788891169500450018e-01
2.900000000000000000e+02 6.817206571774829804e-01 7.808637316267109940e-02 1.000000000000000000e+00 0.000000000000000000e+00 1.988345567800050839e-01 1.491681005608463673e-01
2.950000000000000000e+02 4.677410786174980295e-01 2.790861533767483721e-02 1.000000000000000000e+00 0.000000000000000000e+00 1.432716700151641098e-01 1.926558544204531875e-02
3.000000000000000000e+02 4.411123414425029421e-01 1.139358303296475611e-01 1.000000000000000000e+00 0.000000000000000000e+00 1.265531869885232474e-01 9.540513350382881508e-02
3.050000000000000000e+02 5.069026595218053544e-01 2.393056959618410084e-01 1.000000000000000000e+00 0.000000000000000000e+00 1.741643902549460388e-01 1.248912412962241980e-01
3.100000000000000000e+02 4.087906466128987115e-01 9.151113097881860559e-02 1.000000000000000000e+00 0.000000000000000000e+00 1.164614519464537562e-01 1.085855751917809420e-01
3.150000000000000000e+02 5.645570278309099965e-01 3.155520516292379951e-01 1.000000000000000000e+00 0.000000000000000000e+00 1.088440100458367005e-01 1.645823713327523030e-01
3.200000000000000000e+02 4.555418036049230790e-01 1.776910115262514966e-01 1.000000000000000000e+00 0.000000000000000000e+00 9.916931022776327709e-02 1.075058583332021978e-01
3.250000000000000000e+02 4.988136901949785651e-01 1.444823344266881956e-02 1.000000000000000000e+00 0.000000000000000000e+00 1.095172667170750264e-01 1.198117216791339847e-02
3.300000000000000000e+02 3.405899695564703622e-01 4.845918621233534507e-02 1.000000000000000000e+00 0.000000000000000000e+00 9.855834898722747039e-02 6.641790218350999975e-02
3.350000000000000000e+02 3.291990907150405543e-01 2.351374974567091714e-01 1.000000000000000000e+00 0.000000000000000000e+00 9.856197816371357889e-02 1.332879316826700578e-01
3.400000000000000000e+02 3.049532365405996370e-01 1.104049144003782096e-01 0.000000000000000000e+00 0.000000000000000000e+00 1.152926199492737419e-01 1.336506900980794776e-01
3.450000000000000000e+02 2.340413688290915728e-01 3.257555243050676286e-02 0.000000000000000000e+00 0.000000000000000000e+00 8.967394577698419023e-02 4.259039019697807155e-02
3.500000000000000000e+02 5.544142478905973448e-01 3.752599215409725686e-02 1.000000000000000000e+00 0.000000000000000000e+00 1.778205181795556311e-01 1.887794873524407391e-01
3.550000000000000000e+02 4.039175771694468731e-01 3.624906004879511340e-02 0.000000000000000000e+00 0.000000000000000000e+00 1.620670245696817502e-01 8.180773189170451043e-02
3.600000000000000000e+02 4.263771800050317751e-01 1.032658316868402260e-01 1.000000000000000000e+00 0.000000000000000000e+00 1.092480909993663735e-01 1.116094449591508858e-01
3.650000000000000000e+02 2.290187220453241967e-01 1.000665334054370720e-01 0.000000000000000000e+00 0.000000000000000000e+00 1.160571745983853958e-01 8.620898406519672541e-02
3.700000000000000000e+02 4.123589619220554559e-01 0.000000000000000000e+00 1.000000000000000000e+00 0.000000000000000000e+00 1.313661689514630526e-01 0.000000000000000000e+00
3.750000000000000000e+02 2.981681264867394598e-01 2.949955106988649267e-01 0.000000000000000000e+00 0.000000000000000000e+00 1.240750450627464557e-01 1.860601308500329232e-01
3.800000000000000000e+02 3.532730760514329882e-01 1.730252203273964784e-01 1.000000000000000000e+00 0.000000000000000000e+00 1.187876142510896210e-01 1.536648403840344401e-01
3.850000000000000000e+02 3.466528298822181275e-01 1.263740945260529436e-01 1.000000000000000000e+00 0.000000000000000000e+00 1.195103598600519706e-01 1.218883759785697601e-01
3.900000000000000000e+02 3.987083292559306380e-01 1.269456272159531773e-01 1.000000000000000000e+00 0.000000000000000000e+00 1.234492150793963794e-01 1.784874572017043082e-01
3.950000000000000000e+02 4.427023804281857156e-01 1.898909792672014152e-01 1.000000000000000000e+00 0.000000000000000000e+00 9.091573227915313027e-02 9.009211251373393237e-02
4.000000000000000000e+02 3.662952816664530320e-01 1.706461460705421818e-01 1.000000000000000000e+00 0.000000000000000000e+00 1.150232598052250144e-01 7.086546351778769126e-02
4.050000000000000000e+02 3.284801062099423352e-01 6.200621318382376623e-02 0.000000000000000000e+00 0.000000000000000000e+00 1.333706781174985867e-01 1.350065157265926963e-01
4.100000000000000000e+02 3.689309782032609286e-01 2.907853075964423328e-01 1.000000000000000000e+00 0.000000000000000000e+00 1.302860844020103381e-01 1.622113078931175234e-01
4.150000000000000000e+02 4.069168962000874190e-01 0.000000000000000000e+00 1.000000000000000000e+00 0.000000000000000000e+00 1.149964293961638490e-01 0.000000000000000000e+00
4.200000000000000000e+02 3.593401746722543200e-01 4.831089044226698215e-02 0.000000000000000000e+00 0.000000000000000000e+00 1.530489989191642919e-01 1.117942031899764876e-01
4.250000000000000000e+02 1.809675830913930472e-01 2.189399015502438428e-01 0.000000000000000000e+00 0.000000000000000000e+00 8.858047506548481775e-02 1.792620369782393641e-01
4.300000000000000000e+02 2.716006806946633101e-01 1.442617384380454615e-01 0.000000000000000000e+00 0.000000000000000000e+00 1.077827083611778286e-01 1.643480193356651187e-01
4.350000000000000000e+02 1.903119062002902040e-01 1.311264642248991530e-01 0.000000000000000000e+00 0.000000000000000000e+00 9.923954307613067072e-02 1.351780497924985891e-01
4.400000000000000000e+02 1.615677838335575767e-01 6.228943414995626732e-02 0.000000000000000000e+00 0.000000000000000000e+00 9.331938649880718029e-02 1.403146133377642379e-01
4.450000000000000000e+02 3.564972559957867992e-01 2.355014431574820044e-01 1.000000000000000000e+00 0.000000000000000000e+00 8.951245726323957264e-02 1.555750697262980597e-01
4.500000000000000000e+02 2.820284304830315558e-01 6.934716485773992356e-02 0.000000000000000000e+00 0.000000000000000000e+00 2.113268260995417314e-01 6.740871010239360417e-02
4.550000000000000000e+02 3.609309195693887751e-01 1.872233158987069435e-01 1.000000000000000000e+00 0.000000000000000000e+00 8.871837847640177965e-02 1.196706636931788581e-01
4.600000000000000000e+02 2.578866870429866731e-01 0.000000000000000000e+00 1.000000000000000000e+00 0.000000000000000000e+00 4.560085364570062166e-02 0.000000000000000000e+00
4.650000000000000000e+02 1.945940413314149464e-01 3.401461716741219221e-01 0.000000000000000000e+00 1.000000000000000000e+00 1.149478324425368403e-01 1.084063522777860833e-01
4.700000000000000000e+02 2.289666651173032363e-01 2.065536007670854823e-01 0.000000000000000000e+00 0.000000000000000000e+00 1.195620111990707835e-01 1.280365925175649400e-01
4.750000000000000000e+02 1.952236587908812715e-01 2.376550803019123193e-01 0.000000000000000000e+00 0.000000000000000000e+00 1.676060202276038746e-01 9.001529429889748579e-02
4.800000000000000000e+02 2.934392533161728767e-01 1.779135464384953569e-01 0.000000000000000000e+00 0.000000000000000000e+00 1.057972107601193451e-01 1.187529927123878587e-01
4.850000000000000000e+02 2.357324272466145010e-01 1.892229764376439083e-01 0.000000000000000000e+00 0.000000000000000000e+00 1.284627915009544097e-01 1.298280877894163465e-01
4.900000000000000000e+02 1.502394906806507890e-01 9.517346109646404595e-02 0.000000000000000000e+00 0.000000000000000000e+00 1.584502107724462816e-01 9.352450737653780766e-02
4.950000000000000000e+02 7.416658638712660123e-02 2.245831891336735053e-01 0.000000000000000000e+00 0.000000000000000000e+00 6.568782085506270907e-02 2.090009818670082731e-01
5.000000000000000000e+02 1.072509085952896568e-01 7.420733563166836966e-02 0.000000000000000000e+00 0.000000000000000000e+00 1.040768022589102643e-01 2.073998848025380703e-01
5.050000000000000000e+02 2.398899163182024452e-01 3.509049820821673604e-01 0.000000000000000000e+00 0.000000000000000000e+00 1.260236967569975108e-01 1.291058884745589497e-01
5.100000000000000000e+02 1.363990230830428030e-01 2.741406514358727398e-01 0.000000000000000000e+00 0.000000000000000000e+00 8.239532055035797553e-02 1.351774402064178371e-01
5.150000000000000000e+02 1.413305743167048434e-01 5.533805979122907726e-02 0.000000000000000000e+00 0.000000000000000000e+00 1.654378313609150830e-01 1.008303488814572962e-01
5.200000000000000000e+02 1.534618275205340276e-01 1.655263754451617442e-01 0.000000000000000000e+00 0.000000000000000000e+00 6.288205082082112818e-02 1.336200794720913687e-01
5.250000000000000000e+02 3.319587997916941258e-01 1.277255134901979783e-01 1.000000000000000000e+00 0.000000000000000000e+00 9.794750918652246618e-02 8.890174757076298173e-02
5.300000000000000000e+02 1.554973515154647601e-01 1.798422041427555906e-01 0.000000000000000000e+00 0.000000000000000000e+00 7.010252770557362512e-02 1.655677399646605097e-01
5.350000000000000000e+02 1.804250594171208644e-01 2.925468085976374796e-02 0.000000000000000000e+00 0.000000000000000000e+00 1.231406510058984244e-01 1.165716400433654126e-01
5.400000000000000000e+02 3.088401855785941619e-01 1.982274295463126168e-01 1.000000000000000000e+00 0.000000000000000000e+00 4.313909768318773680e-02 9.407311948149778280e-02
5.450000000000000000e+02 2.141443096936819224e-01 1.438134430580274292e-01 0.000000000000000000e+00 0.000000000000000000e+00 8.462716612174343844e-02 9.741975196514243707e-02
5.500000000000000000e+02 3.201930684285783091e-01 1.800729632816329140e-01 1.000000000000000000e+00 0.000000000000000000e+00 1.127643715504129673e-01 1.940052203279600540e-01
5.550000000000000000e+02 1.574438140644681128e-01 1.651327497768118133e-03 0.000000000000000000e+00 0.000000000000000000e+00 8.976288343138438819e-02 3.210836868011418543e-02
5.600000000000000000e+02 2.257349934009809655e-01 1.204084462226552577e-01 0.000000000000000000e+00 0.000000000000000000e+00 1.360900711538014229e-01 9.711809943159695202e-02
5.650000000000000000e+02 1.079310978480630262e-01 1.343332613343556636e-01 0.000000000000000000e+00 0.000000000000000000e+00 8.619033039653492545e-02 9.231526535084515206e-02
5.700000000000000000e+02 3.003106656271543606e-01 6.714847265887571859e-02 0.000000000000000000e+00 0.000000000000000000e+00 1.142880420673457326e-01 9.258095948858702240e-02
5.750000000000000000e+02 1.551521521815891203e-01 3.625369033481064263e-02 0.000000000000000000e+00 0.000000000000000000e+00 1.704618038812407421e-01 8.493430789091908906e-02
5.800000000000000000e+02 2.491160791398401853e-01 2.600942431797420920e-03 0.000000000000000000e+00 0.000000000000000000e+00 1.464428923882444278e-01 3.724757016550932481e-03
5.850000000000000000e+02 1.294506377215908499e-01 2.364570290612523773e-01 0.000000000000000000e+00 0.000000000000000000e+00 1.038618808584733100e-01 1.294544017513956646e-01
5.900000000000000000e+02 1.989474108807862129e-01 2.614723591518820500e-01 0.000000000000000000e+00 0.000000000000000000e+00 1.284323685363270295e-01 1.656804888407328591e-01
5.950000000000000000e+02 2.006480909591972228e-01 3.480973050730486185e-02 0.000000000000000000e+00 0.000000000000000000e+00 1.236152569143131319e-01 1.491280138550671874e-01
6.000000000000000000e+02 1.237030035767348740e-01 3.465446717631755907e-02 0.000000000000000000e+00 0.000000000000000000e+00 1.539136798629696101e-01 9.440498457968664325e-02
6.050000000000000000e+02 1.292975253423228887e-01 8.471971156213456422e-02 0.000000000000000000e+00 0.000000000000000000e+00 8.181297232782287765e-02 1.882856569328058838e-01
6.100000000000000000e+02 1.043459767994881771e-01 0.000000000000000000e+00 0.000000000000000000e+00 0.000000000000000000e+00 1.677059816472517007e-01 0.000000000000000000e+00
6.150000000000000000e+02 2.075489692809583675e-01 1.855233971304459106e-01 0.000000000000000000e+00 0.000000000000000000e+00 1.512798563804672036e-01 1.405627372279681098e-01
6.200000000000000000e+02 2.049371472219018442e-01 2.120584787916093145e-02 0.000000000000000000e+00 0.000000000000000000e+00 1.036625764994507093e-01 1.820408910435869498e-01
6.250000000000000000e+02 3.183938331043786318e-01 3.052921194472620892e-01 1.000000000000000000e+00 0.000000000000000000e+00 1.054739048643997534e-01 1.137365463156794348e-01
6.300000000000000000e+02 1.559313299064851721e-01 5.261439278128101846e-03 0.000000000000000000e+00 0.000000000000000000e+00 6.914857576253917448e-02 1.031609435262696856e-01
6.350000000000000000e+02 3.079877928268255904e-01 2.379681404463819816e-01 0.000000000000000000e+00 0.000000000000000000e+00 1.250988570274225997e-01 9.219219667706217425e-02
6.400000000000000000e+02 1.710998238815770456e-01 5.851422741359655483e-02 0.000000000000000000e+00 0.000000000000000000e+00 7.382348887810068205e-02 1.105732527985246183e-01
6.450000000000000000e+02 4.997345115494580825e-02 1.946292375875438574e-01 0.000000000000000000e+00 0.000000000000000000e+00 7.523854172600018264e-02 7.662817653573079923e-02
6.500000000000000000e+02 1.410433729716660811e-01 8.598852462962180976e-02 0.000000000000000000e+00 0.000000000000000000e+00 6.322287019517323914e-02 1.117354840285829792e-01
6.550000000000000000e+02 2.902825006424497589e-01 1.135107432399845989e-01 1.000000000000000000e+00 0.000000000000000000e+00 7.638180502200915545e-02 1.462923079213888922e-01
6.600000000000000000e+02 1.789887874909171506e-01 0.000000000000000000e+00 0.000000000000000000e+00 0.000000000000000000e+00 1.125121945235224435e-01 0.000000000000000000e+00
6.650000000000000000e+02 1.262141299327315669e-01 1.859965170693712866e-01 0.000000000000000000e+00 0.000000000000000000e+00 9.797082081683071431e-02 1.039191554737831924e-01
6.700000000000000000e+02 9.715497238303771876e-02 9.691441936342060082e-02 0.000000000000000000e+00 0.000000000000000000e+00 1.088672062097418292e-01 1.726210379724033017e-01
6.750000000000000000e+02 3.433303270337313695e-02 9.100877861823820913e-02 0.000000000000000000e+00 0.000000000000000000e+00 4.247556739486492428e-02 1.254966409889179124e-01
6.800000000000000000e+02 1.026421653248057453e-01 2.236920757151520667e-01 0.000000000000000000e+00 0.000000000000000000e+00 9.361879647519984193e-02 1.250920571502782408e-01
6.850000000000000000e+02 2.772684886373155133e-01 1.102808333422064385e-01 1.000000000000000000e+00 0.000000000000000000e+00 8.775618868068610356e-02 1.010727808568134406e-01
6.900000000000000000e+02 1.085868665310458364e-01 1.021290688098217296e-03 0.000000000000000000e+00 0.000000000000000000e+00 9.508942861231553523e-02 2.072440241221162015e-03
6.950000000000000000e+02 2.743646129918061449e-01 4.517982121668929346e-02 0.000000000000000000e+00 0.000000000000000000e+00 1.318360024303550926e-01 9.797482148652608691e-02
7.000000000000000000e+02 1.382913064825254737e-02 1.018508308188617040e-01 0.000000000000000000e+00 0.000000000000000000e+00 2.192813383658224688e-02 1.076582380307922193e-01
7.050000000000000000e+02 2.360696241667700479e-01 7.261335180003096468e-02 0.000000000000000000e+00 0.000000000000000000e+00 8.770141247230192616e-02 1.219978714199223685e-01
7.100000000000000000e+02 2.783751935415643697e-01 1.497074432966549740e-01 1.000000000000000000e+00 0.000000000000000000e+00 6.824854949842458496e-02 8.277517165389598752e-02
7.150000000000000000e+02 1.987760512813256941e-01 2.864411970157834109e-01 0.000000000000000000e+00 0.000000000000000000e+00 9.750539468864503900e-02 1.131083478231094536e-01
7.200000000000000000e+02 4.249211140093293038e-01 1.110350088156033116e-01 1.000000000000000000e+00 0.000000000000000000e+00 1.390200991327907587e-01 1.389630888289771216e-01
7.250000000000000000e+02 1.101630323726294353e-01 1.431051325687791587e-01 0.000000000000000000e+00 0.000000000000000000e+00 5.243846817130309867e-02 1.343760501548796338e-01
7.300000000000000000e+02 1.857060685416205004e-01 1.210651045567873590e-01 1.000000000000000000e+00 0.000000000000000000e+00 5.422255631436230516e-02 1.448196327151203555e-01
7.350000000000000000e+02 8.278413383183605423e-02 8.150954900563217587e-02 0.000000000000000000e+00 0.000000000000000000e+00 1.111872314573014026e-01 9.406457199601866992e-02
7.400000000000000000e+02 8.337971620100123604e-02 2.100278497108762354e-01 0.000000000000000000e+00 0.000000000000000000e+00 5.313817970336816299e-02 1.092227061720690978e-01
7.450000000000000000e+02 3.338490084100935729e-01 4.642208510696119173e-03 1.000000000000000000e+00 0.000000000000000000e+00 7.171414228399172752e-02 1.353522528812907237e-02
7.500000000000000000e+02 1.707546671298086280e-02 4.400487150387581703e-02 0.000000000000000000e+00 0.000000000000000000e+00 2.410849522976317785e-02 6.526409069218486181e-02
7.550000000000000000e+02 1.398998512183046994e-01 6.397901437457308160e-02 0.000000000000000000e+00 0.000000000000000000e+00 1.126116642944361146e-01 1.071738411891419301e-01
7.600000000000000000e+02 3.437686832945350268e-01 1.984013478698832267e-01 1.000000000000000000e+00 0.000000000000000000e+00 1.048520054323270195e-01 1.290889943284980745e-01
7.650000000000000000e+02 2.886478577266410328e-01 6.024073331068069241e-03 0.000000000000000000e+00 0.000000000000000000e+00 1.937885291748020211e-01 1.480783056355011174e-01
7.700000000000000000e+02 6.747690639258673018e-02 2.216435388245018567e-01 0.000000000000000000e+00 0.000000000000000000e+00 1.472165985710545966e-01 1.236296027928953795e-01
7.750000000000000000e+02 4.252349092866672953e-01 2.099750328134635247e-01 1.000000000000000000e+00 0.000000000000000000e+00 1.068899405328607305e-01 1.183507374223110864e-01
7.800000000000000000e+02 2.535181477925859128e-01 2.453670978240213851e-01 0.000000000000000000e+00 0.000000000000000000e+00 1.131324318772103238e-01 9.044455167399109707e-02
7.850000000000000000e+02 2.241554736812289561e-01 0.000000000000000000e+00 0.000000000000000000e+00 0.000000000000000000e+00 1.043171244735774522e-01 0.000000000000000000e+00
7.900000000000000000e+02 5.860870020111433147e-03 1.452085829153694774e-01 1.000000000000000000e+00 0.000000000000000000e+00 1.892978664802985904e-03 1.182799611541926893e-01
7.950000000000000000e+02 3.238043693080294161e-01 9.542325828965284029e-02 1.000000000000000000e+00 0.000000000000000000e+00 9.880178184054642931e-02 1.062912140781765297e-01
8.000000000000000000e+02 1.303057575987949246e-01 3.476147858790697431e-01 0.000000000000000000e+00 0.000000000000000000e+00 1.601959774549532867e-01 1.276309977108972260e-01
8.050000000000000000e+02 1.537080711352979689e-01 1.038499139493320039e-01 0.000000000000000000e+00 0.000000000000000000e+00 1.113454059725165896e-01 1.726139593704458242e-01
8.100000000000000000e+02 3.023654466712180633e-01 1.290187977809117148e-01 1.000000000000000000e+00 0.000000000000000000e+00 1.023635956824330284e-01 1.174036343280858707e-01
8.150000000000000000e+02 4.014938540685656920e-01 1.034170393021899004e-01 1.000000000000000000e+00 0.000000000000000000e+00 1.169382665661412440e-01 1.238046635703176079e-01
8.200000000000000000e+02 1.264389063823163628e-01 1.177187191051215324e-03 0.000000000000000000e+00 0.000000000000000000e+00 1.039382292239270089e-01 2.698913772419587759e-03
8.250000000000000000e+02 2.347506731054027074e-01 9.528885819859160555e-02 0.000000000000000000e+00 0.000000000000000000e+00 1.293693874291378665e-01 1.299666858875937747e-01
8.300000000000000000e+02 1.448622577820205537e-01 1.114815031075427204e-01 0.000000000000000000e+00 0.000000000000000000e+00 9.160810567612397148e-02 9.514391502969643533e-02
8.350000000000000000e+02 2.733200971410156832e-01 3.784274550678031757e-01 0.000000000000000000e+00 1.000000000000000000e+00 1.287830598800351611e-01 9.156425511635997438e-02
8.400000000000000000e+02 8.076784441483093879e-02 9.319443189044571835e-03 0.000000000000000000e+00 0.000000000000000000e+00 8.396705571341836483e-02 3.862455603526638442e-02
8.450000000000000000e+02 2.818669031116107782e-01 1.143802796380335024e-01 0.000000000000000000e+00 0.000000000000000000e+00 1.101455254676077106e-01 1.198192419597298719e-01
8.500000000000000000e+02 1.481957775718786841e-01 7.525707266086899229e-04 0.000000000000000000e+00 0.000000000000000000e+00 2.023848057268327061e-01 3.026681559712890435e-03
8.550000000000000000e+02 2.845760585294155876e-01 5.565363398582613697e-02 0.000000000000000000e+00 0.000000000000000000e+00 1.257120860992730071e-01 7.557115774649349194e-02
8.600000000000000000e+02 1.600608599458529790e-01 1.965949085984937117e-01 0.000000000000000000e+00 0.000000000000000000e+00 1.226101147253460810e-01 8.409981067781555075e-02
8.650000000000000000e+02 1.898297767005733827e-01 7.459505597833478163e-02 0.000000000000000000e+00 0.000000000000000000e+00 1.579089007228999253e-01 9.990405686067281577e-02
8.700000000000000000e+02 2.044928292355895627e-01 1.732261726817204417e-01 0.000000000000000000e+00 0.000000000000000000e+00 1.131263992027102400e-01 1.211760064507320517e-01
8.750000000000000000e+02 2.651662864063694114e-01 1.837548935798114652e-02 1.000000000000000000e+00 0.000000000000000000e+00 5.453570341935516652e-02 6.599223188269991158e-02
8.800000000000000000e+02 2.460292100528835846e-01 0.000000000000000000e+00 0.000000000000000000e+00 0.000000000000000000e+00 9.758443976311055590e-02 0.000000000000000000e+00
8.850000000000000000e+02 3.185132465962464687e-01 3.491853256543500476e-03 0.000000000000000000e+00 0.000000000000000000e+00 1.207640354840639474e-01 5.767341986116813687e-03
8.900000000000000000e+02 2.041329771187081477e-01 1.001447926002558414e-01 0.000000000000000000e+00 0.000000000000000000e+00 8.114884052950009641e-02 1.164873664141498760e-01
8.950000000000000000e+02 0.000000000000000000e+00 1.313026071803408967e-01 0.000000000000000000e+00 0.000000000000000000e+00 0.000000000000000000e+00 1.181375853060461639e-01
9.000000000000000000e+02 6.426435717438378978e-03 2.417945516607768880e-02 0.000000000000000000e+00 0.000000000000000000e+00 3.934287154695947746e-03 3.070604079089656394e-02
9.050000000000000000e+02 2.511646268188242881e-01 2.035375065942074124e-01 0.000000000000000000e+00 0.000000000000000000e+00 1.259307956951310203e-01 1.084823588116465981e-01
9.100000000000000000e+02 1.405950409589718231e-01 1.501987383619461380e-01 0.000000000000000000e+00 0.000000000000000000e+00 1.234951759762989432e-01 1.236315329619527698e-01
9.150000000000000000e+02 2.321361775751715761e-01 3.206363134614358124e-02 0.000000000000000000e+00 0.000000000000000000e+00 1.268287085814454318e-01 1.209130830884413560e-01
9.200000000000000000e+02 3.219379941428736625e-01 2.945997045331040162e-02 0.000000000000000000e+00 0.000000000000000000e+00 1.483314799098274794e-01 8.778924219425300601e-02
9.250000000000000000e+02 4.893216583072695913e-02 4.463122383705196705e-02 0.000000000000000000e+00 0.000000000000000000e+00 4.475871908003383609e-02 9.229504138996807994e-02
9.300000000000000000e+02 5.863467305589842304e-02 0.000000000000000000e+00 0.000000000000000000e+00 0.000000000000000000e+00 6.491895802624086942e-02 0.000000000000000000e+00
9.350000000000000000e+02 4.432020149913471624e-02 1.470827486785059590e-01 0.000000000000000000e+00 0.000000000000000000e+00 7.753350140425722958e-02 1.492867099601447034e-01
9.400000000000000000e+02 2.823939518598086312e-02 2.701405800855874451e-02 0.000000000000000000e+00 0.000000000000000000e+00 7.019509400539271360e-02 8.833561053046361244e-02
9.450000000000000000e+02 4.904578630990543558e-02 0.000000000000000000e+00 0.000000000000000000e+00 0.000000000000000000e+00 5.333702621008147571e-02 0.000000000000000000e+00
9.500000000000000000e+02 1.241105778386711461e-01 6.885252771361397017e-02 0.000000000000000000e+00 0.000000000000000000e+00 8.414534672152482186e-02 1.519295169509368715e-01
9.550000000000000000e+02 1.307819275645106250e-01 7.160541468902692497e-02 0.000000000000000000e+00 0.000000000000000000e+00 7.149580659445196884e-02 9.704733724315089960e-02
9.600000000000000000e+02 9.375915941757756444e-02 1.800327636745699400e-01 0.000000000000000000e+00 0.000000000000000000e+00 4.630379217869640823e-02 1.048226797711928615e-01
9.650000000000000000e+02 1.347081590643669224e-01 1.893851093668554031e-03 0.000000000000000000e+00 0.000000000000000000e+00 1.395997570111161268e-01 2.053483978327626594e-02
9.700000000000000000e+02 1.156789610638652849e-01 2.081258194344858675e-03 0.000000000000000000e+00 0.000000000000000000e+00 1.245019606564068126e-01 3.256140066028987215e-03
9.750000000000000000e+02 4.886245030783127608e-02 2.356101763508269276e-01 0.000000000000000000e+00 0.000000000000000000e+00 1.170872185043332625e-01 1.025340465811057228e-01
9.800000000000000000e+02 1.373949862261449328e-01 1.519816440236255173e-01 0.000000000000000000e+00 0.000000000000000000e+00 1.020275282146839296e-01 1.277445532638473435e-01
9.850000000000000000e+02 5.481542393289723369e-02 2.762230494382172854e-03 0.000000000000000000e+00 0.000000000000000000e+00 1.197609377562292576e-01 8.703815958392499552e-02
9.900000000000000000e+02 9.141841206964286537e-02 3.224967429073294367e-02 0.000000000000000000e+00 0.000000000000000000e+00 1.206578422638166226e-01 1.496684936881997052e-01
9.950000000000000000e+02 1.072802958971727366e-01 1.901980763231150562e-01 0.000000000000000000e+00 0.000000000000000000e+00 9.767773253149621138e-02 1.027162265612265174e-01
