0.000000000000000000e+00 0.000000000000000000e+00 0.000000000000000000e+00 0.000000000000000000e+00 0.000000000000000000e+00 0.000000000000000000e+00 0.000000000000000000e+00
5.000000000000000000e+00 7.328016197935645071e-01 2.112868239042786644e-01 1.000000000000000000e+00 0.000000000000000000e+00 1.971500014968766701e-01 8.389735680863105727e-02
1.000000000000000000e+01 6.797615110141072003e-01 3.400705035816481425e-01 1.000000000000000000e+00 1.000000000000000000e+00 1.136732172105431454e-01 7.234565381959144614e-02
1.500000000000000000e+01 6.391670785963887713e-01 1.255162662586167266e-01 1.000000000000000000e+00 1.000000000000000000e+00 1.640945666751989773e-01 4.128157245122339447e-02
2.000000000000000000e+01 5.353275993155786061e-01 2.349847244313522654e-01 1.000000000000000000e+00 0.000000000000000000e+00 1.781411655069458921e-01 1.207131470172871368e-01
2.500000000000000000e+01 7.119510398806147000e-01 2.059264579443719489e-01 1.000000000000000000e+00 0.000000000000000000e+00 2.135394615905269466e-01 1.461873161776218455e-01
3.000000000000000000e+01 5.260423894840191572e-01 2.795633403905283254e-01 1.000000000000000000e+00 0.000000000000000000e+00 1.035686020571915528e-01 1.535221580227452975e-01
3.500000000000000000e+01 6.556753011691059951e-01 2.245036199718636605e-01 1.000000000000000000e+00 0.000000000000000000e+00 1.482530947891740614e-01 1.076001864323962998e-01
4.000000000000000000e+01 6.765134409028521478e-01 3.022544324621582734e-01 1.000000000000000000e+00 0.000000000000000000e+00 1.159899296953454256e-01 1.177966028681421001e-01
4.500000000000000000e+01 5.223170443464493218e-01 2.023373149880760419e-02 1.000000000000000000e+00 0.000000000000000000e+00 1.648863848446423808e-01 1.774705449134254265e-01
5.000000000000000000e+01 5.410698000342685221e-01 1.127390437262086181e-01 1.000000000000000000e+00 0.000000000000000000e+00 1.335209166717671314e-01 7.372512406393667839e-02
5.500000000000000000e+01 6.124417712026484217e-01 1.505483073336447153e-01 1.000000000000000000e+00 0.000000000000000000e+00 8.044086845687263565e-02 6.027819227289680365e-02
6.000000000000000000e+01 6.801771071523707857e-01 3.123380591856839139e-02 1.000000000000000000e+00 0.000000000000000000e+00 1.820209542841990102e-01 1.422665001614863423e-01
6.500000000000000000e+01 6.734613293091548103e-01 1.436366033983218493e-01 1.000000000000000000e+00 0.000000000000000000e+00 8.537296982000580625e-02 7.858305080240980678e-02
7.000000000000000000e+01 5.992594246735231112e-01 2.233107314754400330e-01 1.000000000000000000e+00 0.000000000000000000e+00 1.625949793732821558e-01 1.006157384776616287e-01
7.500000000000000000e+01 6.969516887054707510e-01 1.382772529436243070e-01 1.000000000000000000e+00 0.000000000000000000e+00 1.624319744709659952e-01 1.332962234885432806e-01
8.000000000000000000e+01 5.275889968335384372e-01 0.000000000000000000e+00 1.000000000000000000e+00 0.000000000000000000e+00 1.413636345374208736e-01 0.000000000000000000e+00
8.500000000000000000e+01 7.433949127827743641e-01 4.012820654761032335e-01 1.000000000000000000e+00 1.000000000000000000e+00 1.781932257466911640e-01 1.247035914845541771e-01
9.000000000000000000e+01 4.991535078678346338e-01 1.334846421078233203e-01 1.000000000000000000e+00 0.000000000000000000e+00 1.407653637641863020e-01 1.347076862336267222e-01
9.500000000000000000e+01 7.543578204858191194e-01 5.267435446681002775e-02 1.000000000000000000e+00 0.000000000000000000e+00 1.295888376012184207e-01 8.097036954935755981e-02
1.000000000000000000e+02 4.702720832689626929e-01 1.670186125606817062e-01 1.000000000000000000e+00 0.000000000000000000e+00 1.529042794781551307e-01 1.174618306777827914e-01
1.050000000000000000e+02 6.696857574968391180e-01 2.997310431462005820e-01 1.000000000000000000e+00 1.000000000000000000e+00 1.533779235950893938e-01 9.171699362287955015e-02
1.100000000000000000e+02 4.810060592878199759e-01 1.027443438168283707e-01 0.000000000000000000e+00 0.000000000000000000e+00 1.781172690525587576e-01 8.988576953018448390e-02
1.150000000000000000e+02 5.707138493196723950e-01 1.153454384605796940e-01 1.000000000000000000e+00 0.000000000000000000e+00 1.672883036440962756e-01 8.357647469795510820e-02
1.200000000000000000e+02 6.266486879882058325e-01 1.231278112731561125e-01 1.000000000000000000e+00 0.000000000000000000e+00 1.336634748943072715e-01 9.284439738931879460e-02
1.250000000000000000e+02 5.119489202102398551e-01 1.727374423003415205e-01 1.000000000000000000e+00 0.000000000000000000e+00 1.608885147507355950e-01 9.260611151615526226e-02
1.300000000000000000e+02 4.494336814852823991e-01 1.719691258881362039e-01 1.000000000000000000e+00 0.000000000000000000e+00 1.500587005015605047e-01 9.826027116711952281e-02
1.350000000000000000e+02 5.214713617505426502e-01 6.336428856220879813e-02 0.000000000000000000e+00 0.000000000000000000e+00 1.892892537803988473e-01 4.738964767192802019e-02
1.400000000000000000e+02 5.162881379227461931e-01 8.767040715429592901e-02 1.000000000000000000e+00 0.000000000000000000e+00 1.576125476720276752e-01 4.093290335078489384e-02
1.450000000000000000e+02 6.529268257441775969e-01 2.033537402561226559e-01 1.000000000000000000e+00 1.000000000000000000e+00 1.399255910535193159e-01 3.117969476512311502e-02
1.500000000000000000e+02 6.133126058681168669e-01 0.000000000000000000e+00 1.000000000000000000e+00 0.000000000000000000e+00 1.566604724715059127e-01 0.000000000000000000e+00
1.550000000000000000e+02 4.730143090471033429e-01 1.418573304089052745e-01 1.000000000000000000e+00 0.000000000000000000e+00 1.100302262224178984e-01 8.870372747686949833e-02
1.600000000000000000e+02 4.717454042401779679e-01 2.882904328563146157e-01 0.000000000000000000e+00 1.000000000000000000e+00 1.786665778263878124e-01 8.567026052060962293e-02
1.650000000000000000e+02 5.485724129068806354e-01 2.329711216015088460e-01 1.000000000000000000e+00 0.000000000000000000e+00 1.745355433520563160e-01 1.283629520470063179e-01
1.700000000000000000e+02 4.240403515690178149e-01 1.090037955377492623e-01 0.000000000000000000e+00 0.000000000000000000e+00 1.620296233559265775e-01 1.406112330979550629e-01
1.750000000000000000e+02 4.287562862954676923e-01 3.175438981108235081e-01 0.000000000000000000e+00 1.000000000000000000e+00 1.646158115513895182e-01 1.055498179260803970e-01
1.800000000000000000e+02 5.203110235480035151e-01 1.962917776747767351e-01 0.000000000000000000e+00 0.000000000000000000e+00 2.029257157600418693e-01 1.807336344319497856e-01
1.850000000000000000e+02 5.950877574554856997e-01 1.271967910373352217e-01 1.000000000000000000e+00 0.000000000000000000e+00 1.709201484446238317e-01 5.195024589822061500e-02
1.900000000000000000e+02 4.367028995425334403e-01 4.317936571846340277e-01 1.000000000000000000e+00 0.000000000000000000e+00 1.359642893249812245e-01 1.710245802590462105e-01
1.950000000000000000e+02 5.147540762155159433e-01 1.412098000861412017e-01 1.000000000000000000e+00 0.000000000000000000e+00 1.292980681192390791e-01 9.477012245991213446e-02
2.000000000000000000e+02 4.623590221056707028e-01 1.178400647000189261e-01 0.000000000000000000e+00 0.000000000000000000e+00 1.741690867913556207e-01 8.289191173117591016e-02
2.050000000000000000e+02 4.599658897744737240e-01 2.771287571856062004e-01 0.000000000000000000e+00 0.000000000000000000e+00 1.798597613678987461e-01 9.920877418858196906e-02
2.100000000000000000e+02 3.939912203529193913e-01 1.879006078401785906e-01 0.000000000000000000e+00 0.000000000000000000e+00 1.644680317212761367e-01 1.770974990275188954e-01
2.150000000000000000e+02 6.891685525506867638e-01 1.412992780405540050e-01 1.000000000000000000e+00 0.000000000000000000e+00 1.196605650846530589e-01 7.162423055932314042e-02
2.200000000000000000e+02 7.141655394955320757e-01 3.595450207923704677e-02 1.000000000000000000e+00 0.000000000000000000e+00 1.724963813724634254e-01 1.121403337344851481e-01
2.250000000000000000e+02 4.968990423073946228e-01 4.649970515636035057e-02 1.000000000000000000e+00 0.000000000000000000e+00 1.607557315612299920e-01 1.162346615985057757e-01
2.300000000000000000e+02 4.000999905568510262e-01 1.223887858402058076e-01 1.000000000000000000e+00 0.000000000000000000e+00 1.416461452459571169e-01 1.349963233529631601e-01
2.350000000000000000e+02 4.875305863055180433e-01 1.723288516601822473e-01 1.000000000000000000e+00 0.000000000000000000e+00 1.381437048528809941e-01 1.582927618372750866e-01
2.400000000000000000e+02 3.419879817444804737e-01 1.044689458646472745e-02 0.000000000000000000e+00 0.000000000000000000e+00 1.533668869257651668e-01 1.159419646499002948e-01
2.450000000000000000e+02 4.755171203674942726e-01 1.071795456481036968e-01 1.000000000000000000e+00 0.000000000000000000e+00 1.602525412914367897e-01 1.271139657025125436e-01
2.500000000000000000e+02 4.142471673880644967e-01 3.410590237283362969e-01 1.000000000000000000e+00 0.000000000000000000e+00 1.227202190341208782e-01 1.867037878814051255e-01
2.550000000000000000e+02 3.615495832507833462e-01 1.306349197592829303e-01 0.000000000000000000e+00 0.000000000000000000e+00 1.510734038752503394e-01 7.297330622590066096e-02
2.600000000000000000e+02 4.961536655609511404e-01 1.289693543336450088e-01 1.000000000000000000e+00 0.000000000000000000e+00 1.266826395034157116e-01 6.206916003459504727e-02
2.650000000000000000e+02 6.463009631139333688e-01 1.866045771199701664e-01 1.000000000000000000e+00 0.000000000000000000e+00 1.515891695579049403e-01 1.366372804813216768e-01
2.700000000000000000e+02 3.733272817836834068e-01 8.348898631529863773e-04 0.000000000000000000e+00 0.000000000000000000e+00 1.797880034653688563e-01 1.883378781911746250e-02
2.750000000000000000e+02 4.333518553954439634e-01 1.234717789982321678e-01 1.000000000000000000e+00 0.000000000000000000e+00 1.265289593019221781e-01 1.501576828936545815e-01
2.800000000000000000e+02 2.868349347026306617e-01 1.222341412552470918e-01 0.000000000000000000e+00 0.000000000000000000e+00 1.078868402595173220e-01 1.068811446366236123e-01
2.850000000000000000e+02 4.028106275478757214e-01 0.000000000000000000e+00 0.000000000000000000e+00 0.000000000000000000e+00 1.664236669830127802e-01 0.000000000000000000e+00
2.900000000000000000e+02 3.158411670813520700e-01 2.180425504711667739e-01 0.000000000000000000e+00 0.000000000000000000e+00 1.701990904155053219e-01 1.655068603291901530e-01
2.950000000000000000e+02 2.454413097415370504e-01 2.360199582053329748e-01 0.000000000000000000e+00 0.000000000000000000e+00 1.183338613156846575e-01 1.541361648957409736e-01
3.000000000000000000e+02 3.061932969116177850e-01 1.110702921438011109e-01 0.000000000000000000e+00 0.000000000000000000e+00 1.219247271277544148e-01 7.975082065502910045e-02
3.050000000000000000e+02 4.462933556401899038e-01 5.067028199678960121e-01 0.000000000000000000e+00 1.000000000000000000e+00 1.677751712221057234e-01 1.783499289844711622e-01
3.100000000000000000e+02 4.613073317289780872e-01 1.769385520440252546e-01 0.000000000000000000e+00 0.000000000000000000e+00 1.756364595011585539e-01 1.288225868679422625e-01
3.150000000000000000e+02 3.998752695762356479e-01 8.341734463327066251e-02 1.000000000000000000e+00 0.000000000000000000e+00 1.084851719245089330e-01 1.786606335259729172e-01
3.200000000000000000e+02 3.555587033531989460e-01 2.368380828430697582e-01 1.000000000000000000e+00 0.000000000000000000e+00 9.018795708715801607e-02 1.088616488034912927e-01
3.250000000000000000e+02 4.118492368749016030e-01 3.042006434308954788e-01 1.000000000000000000e+00 0.000000000000000000e+00 1.145468279193857103e-01 1.637686664583627993e-01
3.300000000000000000e+02 4.412328413155420792e-01 3.471761548613531145e-01 1.000000000000000000e+00 0.000000000000000000e+00 1.369922606642903773e-01 1.788808927121439130e-01
3.350000000000000000e+02 4.803895383578867251e-01 2.931145176462000013e-01 1.000000000000000000e+00 0.000000000000000000e+00 1.187881734657282584e-01 1.261265960997323687e-01
3.400000000000000000e+02 2.390993119015757118e-01 3.584099757594970681e-01 0.000000000000000000e+00 1.000000000000000000e+00 1.323528969593258942e-01 1.213755383493468620e-01
3.450000000000000000e+02 3.862968928565781446e-01 8.957475108455371926e-02 1.000000000000000000e+00 0.000000000000000000e+00 1.242066141019332881e-01 1.563423758314402556e-01
3.500000000000000000e+02 1.968072683758898545e-01 2.804533198373384412e-02 0.000000000000000000e+00 0.000000000000000000e+00 9.163865200462339988e-02 1.614077223240854009e-01
3.550000000000000000e+02 4.707971037104064504e-01 2.497127835249660366e-01 1.000000000000000000e+00 1.000000000000000000e+00 1.239706349824050841e-01 8.561441646047582288e-02
3.600000000000000000e+02 3.800030297575678340e-01 4.709782642585991913e-02 1.000000000000000000e+00 0.000000000000000000e+00 8.163617988506516321e-02 1.401461387451695129e-01
3.650000000000000000e+02 4.092395523907053634e-01 9.401552226206429108e-02 0.000000000000000000e+00 0.000000000000000000e+00 1.546574827204940938e-01 8.516029947532562094e-02
3.700000000000000000e+02 3.773019612894054076e-01 9.719406015610945748e-02 0.000000000000000000e+00 0.000000000000000000e+00 1.731206038481640508e-01 1.034586138382139892e-01
3.750000000000000000e+02 4.105485397086272026e-01 8.624548679764140746e-02 0.000000000000000000e+00 0.000000000000000000e+00 1.561507841022983234e-01 1.305217801117105336e-01
3.800000000000000000e+02 4.270786745252871386e-01 2.009006073602901954e-01 1.000000000000000000e+00 0.000000000000000000e+00 1.241882399261320380e-01 1.227193376020682125e-01
3.850000000000000000e+02 4.390956239929478255e-01 4.167059529177112864e-01 1.000000000000000000e+00 0.000000000000000000e+00 1.299946044741324969e-01 1.491622765246684024e-01
3.900000000000000000e+02 2.954153144237930961e-01 2.881213719655256189e-01 0.000000000000000000e+00 0.000000000000000000e+00 1.401283621186696082e-01 2.006184997169923878e-01
3.950000000000000000e+02 4.538405506528827016e-01 2.561819671474020454e-01 1.000000000000000000e+00 0.000000000000000000e+00 1.294830880198875045e-01 1.797058727799763778e-01
4.000000000000000000e+02 4.109817995183148720e-01 2.015722767890131342e-02 1.000000000000000000e+00 0.000000000000000000e+00 1.172760273830820016e-01 1.160806248132438406e-01
4.050000000000000000e+02 3.191251630949057949e-01 2.000695224512235859e-01 1.000000000000000000e+00 0.000000000000000000e+00 8.173241852260941520e-02 1.424337546464382320e-01
4.100000000000000000e+02 2.822697682674031872e-01 2.008085755594150312e-01 0.000000000000000000e+00 0.000000000000000000e+00 1.167825034744957025e-01 1.123954508772051775e-01
4.150000000000000000e+02 3.133084232355144438e-01 1.044310620328752631e-01 0.000000000000000000e+00 0.000000000000000000e+00 1.534240632810836003e-01 1.311494300605204055e-01
4.200000000000000000e+02 3.571147143452043649e-01 0.000000000000000000e+00 1.000000000000000000e+00 0.000000000000000000e+00 1.001700580174878091e-01 0.000000000000000000e+00
4.250000000000000000e+02 4.242998194265172884e-01 1.755287186905106211e-01 0.000000000000000000e+00 0.000000000000000000e+00 1.692848523906951008e-01 1.899136643241195743e-01
4.300000000000000000e+02 1.814680138655209440e-01 1.009846035235717476e-01 0.000000000000000000e+00 0.000000000000000000e+00 1.141742667945446210e-01 1.000153176055876281e-01
4.350000000000000000e+02 2.897221302220970296e-01 8.377914920685901323e-02 0.000000000000000000e+00 0.000000000000000000e+00 1.129569844426433073e-01 5.048061990307228797e-02
4.400000000000000000e+02 1.584985559124624521e-01 2.531595623136025930e-01 0.000000000000000000e+00 0.000000000000000000e+00 1.012165408502287839e-01 1.855487774208718632e-01
4.450000000000000000e+02 3.940121604769171171e-01 2.081989911287315809e-01 1.000000000000000000e+00 0.000000000000000000e+00 1.294210778591098343e-01 1.666578914383581855e-01
4.500000000000000000e+02 1.536608994572148390e-01 1.429150576706581799e-01 0.000000000000000000e+00 0.000000000000000000e+00 1.126848502643117700e-01 1.220246062005711091e-01
4.550000000000000000e+02 3.519475466974164579e-01 2.136485371704701097e-01 1.000000000000000000e+00 0.000000000000000000e+00 1.198052208726645834e-01 9.104620491775640423e-02
4.600000000000000000e+02 1.505931185713210996e-01 1.494623805316178389e-01 0.000000000000000000e+00 0.000000000000000000e+00 1.044902353697969022e-01 1.457899148952769564e-01
4.650000000000000000e+02 3.289905466984588411e-01 4.837443660195834272e-01 0.000000000000000000e+00 1.000000000000000000e+00 1.171369682035975635e-01 1.126760021115307958e-01
4.700000000000000000e+02 1.249801457716734204e-01 2.815410197844803175e-01 0.000000000000000000e+00 0.000000000000000000e+00 1.261507572343639749e-01 1.190962348800257420e-01
4.750000000000000000e+02 3.927404984792827736e-01 2.023712553574868456e-01 0.000000000000000000e+00 0.000000000000000000e+00 1.421725724936233615e-01 1.111717105074762485e-01
4.800000000000000000e+02 3.563089076361870555e-01 1.979131061928271207e-01 0.000000000000000000e+00 0.000000000000000000e+00 1.461673368086442160e-01 1.127972337147362114e-01
4.850000000000000000e+02 4.194643594739875248e-01 2.207117754505149299e-01 1.000000000000000000e+00 0.000000000000000000e+00 1.187261718540502664e-01 2.086170551857491895e-01
4.900000000000000000e+02 1.241507527470178396e-01 1.639564160013481375e-01 0.000000000000000000e+00 0.000000000000000000e+00 9.013680562328223178e-02 1.119008044698274751e-01
4.950000000000000000e+02 2.241991873400861479e-01 3.693649205187655715e-01 0.000000000000000000e+00 0.000000000000000000e+00 1.114694228745846394e-01 2.048100639155008562e-01
5.000000000000000000e+02 1.325687631399398436e-01 5.144721593979018417e-03 0.000000000000000000e+00 0.000000000000000000e+00 1.824706539309165487e-01 1.289463069363881893e-02
5.050000000000000000e+02 3.435402192193856008e-01 2.545198630669948114e-01 1.000000000000000000e+00 0.000000000000000000e+00 1.141206159569350259e-01 1.419196493769985246e-01
5.100000000000000000e+02 5.086687025376642607e-02 2.134685859658361495e-01 0.000000000000000000e+00 0.000000000000000000e+00 1.144186129437626404e-01 1.301447681450542404e-01
5.150000000000000000e+02 3.346837025518075159e-01 2.438668455322394735e-01 0.000000000000000000e+00 0.000000000000000000e+00 1.433312883090420986e-01 1.369792656120061569e-01
5.200000000000000000e+02 3.223027158469456976e-01 9.787751501284419620e-02 1.000000000000000000e+00 0.000000000000000000e+00 1.075075448936981676e-01 1.328857968725117022e-01
5.250000000000000000e+02 2.287773684984772404e-01 5.916683336698136397e-02 1.000000000000000000e+00 0.000000000000000000e+00 7.547869227962744620e-02 1.727487264952453638e-01
5.300000000000000000e+02 3.813443425079021676e-02 2.922294860647332015e-01 0.000000000000000000e+00 0.000000000000000000e+00 5.665712048144740803e-02 1.247954916534008141e-01
5.350000000000000000e+02 9.083665490461186043e-02 1.199791201306879412e-01 0.000000000000000000e+00 0.000000000000000000e+00 1.127831183551505356e-01 1.558681003321967518e-01
5.400000000000000000e+02 1.479140612267238475e-01 3.150702519937651491e-01 0.000000000000000000e+00 0.000000000000000000e+00 1.399047188337885494e-01 1.132400948798922141e-01
5.450000000000000000e+02 1.601799695616758779e-01 9.848613407800690944e-02 0.000000000000000000e+00 0.000000000000000000e+00 8.478135632775005148e-02 1.589789629027345552e-01
5.500000000000000000e+02 3.162006212639935088e-01 2.498919187088095573e-01 0.000000000000000000e+00 0.000000000000000000e+00 1.228133097160726273e-01 1.507554435922272007e-01
5.550000000000000000e+02 2.056242462304439245e-01 7.539969551858158314e-02 0.000000000000000000e+00 0.000000000000000000e+00 1.600638521915500601e-01 1.438183031091963826e-01
5.600000000000000000e+02 7.003503822936836543e-02 1.069390497717841448e-01 0.000000000000000000e+00 0.000000000000000000e+00 7.352331645902362989e-02 1.756525779250970865e-01
5.650000000000000000e+02 1.418446142662482534e-01 2.227527059594793801e-01 0.000000000000000000e+00 0.000000000000000000e+00 8.712374689259705374e-02 1.393202846779061921e-01
5.700000000000000000e+02 1.926282388014832481e-01 2.261188428163256603e-01 0.000000000000000000e+00 0.000000000000000000e+00 1.149732677227278538e-01 1.809765990890399856e-01
5.750000000000000000e+02 2.372926719579628863e-01 1.656274666256838390e-01 0.000000000000000000e+00 0.000000000000000000e+00 1.317227169403207832e-01 1.636797675257886109e-01
5.800000000000000000e+02 1.402425490963743748e-01 4.381139109786849617e-02 0.000000000000000000e+00 0.000000000000000000e+00 8.156999244241751323e-02 4.595597281158153580e-02
5.850000000000000000e+02 1.939531474093038055e-01 1.270770103117314087e-01 0.000000000000000000e+00 0.000000000000000000e+00 1.007311590661685574e-01 9.876950505854152629e-02
5.900000000000000000e+02 1.474968745342441212e-01 2.416096128440901047e-01 0.000000000000000000e+00 0.000000000000000000e+00 7.983260548010318036e-02 1.402128658823107166e-01
5.950000000000000000e+02 2.665346817577898264e-01 8.312072094674605172e-02 1.000000000000000000e+00 0.000000000000000000e+00 8.860327441487537981e-02 1.606374153652676551e-01
6.000000000000000000e+02 9.924366328913677981e-02 1.259667356320648968e-01 0.000000000000000000e+00 0.000000000000000000e+00 6.326032999501773890e-02 1.759578352581767924e-01
6.050000000000000000e+02 3.417094988639185482e-01 6.807052114990784497e-02 1.000000000000000000e+00 0.000000000000000000e+00 1.100482767239233384e-01 1.934139371455821377e-01
6.100000000000000000e+02 6.020816889005670136e-02 8.661554791864053623e-03 0.000000000000000000e+00 0.000000000000000000e+00 1.699157410843175897e-01 4.511449879777139869e-03
6.150000000000000000e+02 2.802999962176521698e-01 2.681464205739395590e-01 0.000000000000000000e+00 0.000000000000000000e+00 1.253862757812698181e-01 1.626133352798966036e-01
6.200000000000000000e+02 1.763098086942768705e-01 1.715639427071727341e-01 0.000000000000000000e+00 0.000000000000000000e+00 7.678892163553335815e-02 1.364213942661974543e-01
6.250000000000000000e+02 2.934644159978845313e-01 3.823035150206229305e-01 1.000000000000000000e+00 0.000000000000000000e+00 1.021097754150123993e-01 1.368399572908559070e-01
6.300000000000000000e+02 1.783495954267604877e-01 1.389723820486394312e-01 0.000000000000000000e+00 0.000000000000000000e+00 9.484840565804783519e-02 1.628598031145804537e-01
6.350000000000000000e+02 9.590828628086758845e-02 2.165664535250745593e-01 0.000000000000000000e+00 0.000000000000000000e+00 9.909854553444918945e-02 9.129572837616913017e-02
6.400000000000000000e+02 4.663676482471505735e-02 1.351539873822339977e-01 0.000000000000000000e+00 0.000000000000000000e+00 6.837911847147953859e-02 1.372490043162329920e-01
6.450000000000000000e+02 7.247186761291715684e-02 1.243032802262554054e-01 0.000000000000000000e+00 0.000000000000000000e+00 5.046321113170247619e-02 1.030850333632733623e-01
6.500000000000000000e+02 2.080598313737222205e-01 2.753123043218855814e-01 0.000000000000000000e+00 0.000000000000000000e+00 1.155573637322611369e-01 1.451082934890075005e-01
6.550000000000000000e+02 1.044547320088943659e-01 2.522368260180096744e-01 0.000000000000000000e+00 0.000000000000000000e+00 9.398280837583902758e-02 1.300349312104346622e-01
6.600000000000000000e+02 1.081945669832413276e-01 0.000000000000000000e+00 0.000000000000000000e+00 0.000000000000000000e+00 8.145380035415752951e-02 0.000000000000000000e+00
6.650000000000000000e+02 9.453906353717056454e-02 3.931804586771686649e-01 0.000000000000000000e+00 1.000000000000000000e+00 8.958805108490057456e-02 1.093849031238971065e-01
6.700000000000000000e+02 1.521650762995992723e-01 3.031124065933975611e-02 0.000000000000000000e+00 0.000000000000000000e+00 1.708441289055733781e-01 6.892600274828877827e-02
6.750000000000000000e+02 2.163640034244684318e-01 5.588947152167068888e-02 1.000000000000000000e+00 0.000000000000000000e+00 7.434458233867144439e-02 1.014725870335771579e-01
6.800000000000000000e+02 1.655084845536654858e-01 1.036988888732861130e-01 0.000000000000000000e+00 0.000000000000000000e+00 8.806674051537223546e-02 1.472134391478631954e-01
6.850000000000000000e+02 2.135356341166188832e-01 8.767070023167214399e-02 0.000000000000000000e+00 0.000000000000000000e+00 1.476209204540104569e-01 1.308898252519881400e-01
6.900000000000000000e+02 1.861265470276805278e-01 3.419607962066116558e-02 0.000000000000000000e+00 0.000000000000000000e+00 9.129567190412382627e-02 6.230526697680658504e-02
6.950000000000000000e+02 1.379760411433629264e-01 4.435650920184930346e-02 0.000000000000000000e+00 0.000000000000000000e+00 1.306260144115599375e-01 1.041449046167961523e-01
7.000000000000000000e+02 1.157884015411892592e-01 4.312779378615928111e-02 0.000000000000000000e+00 0.000000000000000000e+00 1.188840241420399263e-01 1.175407871995133025e-01
7.050000000000000000e+02 2.369256061904387312e-01 7.069388651361548093e-02 0.000000000000000000e+00 0.000000000000000000e+00 1.328500786432151304e-01 6.079858922843004582e-02
7.100000000000000000e+02 1.256101547910423166e-01 3.801860071390060491e-02 0.000000000000000000e+00 0.000000000000000000e+00 7.552520673671805906e-02 8.717447274784109745e-02
7.150000000000000000e+02 8.203941281969995281e-02 1.863495290008959082e-01 0.000000000000000000e+00 0.000000000000000000e+00 5.284377726855633839e-02 6.803470961104854386e-02
7.200000000000000000e+02 2.331314699974246785e-01 1.294672285907250975e-01 0.000000000000000000e+00 0.000000000000000000e+00 1.078207501600875196e-01 2.302688670249540548e-01
7.250000000000000000e+02 4.980561074554018530e-02 4.047979842931959671e-01 0.000000000000000000e+00 1.000000000000000000e+00 1.250557157435363553e-01 4.985110115806652697e-02
7.300000000000000000e+02 2.728925414973511487e-01 1.471449421532270915e-02 0.000000000000000000e+00 0.000000000000000000e+00 1.207998300947945441e-01 1.044233452125838124e-01
7.350000000000000000e+02 2.278772462748267225e-01 2.987501730245496062e-02 0.000000000000000000e+00 0.000000000000000000e+00 1.399262789714730559e-01 6.744583021480057838e-02
7.400000000000000000e+02 1.226008889289902787e-01 4.147900968480523580e-03 0.000000000000000000e+00 0.000000000000000000e+00 9.728641870068728548e-02 8.279627089857988231e-02
7.450000000000000000e+02 1.615088745926109570e-01 5.783779350337742153e-02 0.000000000000000000e+00 0.000000000000000000e+00 1.032161140227494805e-01 8.772568958864940258e-02
7.500000000000000000e+02 1.209050821829703998e-01 5.230314425682245499e-02 0.000000000000000000e+00 0.000000000000000000e+00 1.838704820240754656e-01 8.140388613430543652e-02
7.550000000000000000e+02 4.413540798424344658e-01 1.880719287458094413e-01 1.000000000000000000e+00 0.000000000000000000e+00 1.277228180929051160e-01 1.515467506482048310e-01
7.600000000000000000e+02 4.429957177980274885e-01 1.290884950188682656e-01 1.000000000000000000e+00 0.000000000000000000e+00 1.499098471564891955e-01 8.462543077750278586e-02
7.650000000000000000e+02 1.014639225765752162e-01 2.670888443003423957e-02 0.000000000000000000e+00 0.000000000000000000e+00 1.099859828084487068e-01 3.606672368404885420e-02
7.700000000000000000e+02 2.554043509422486771e-02 4.636268271733926666e-02 0.000000000000000000e+00 0.000000000000000000e+00 9.048369491842953027e-02 2.291257216259958152e-01
7.750000000000000000e+02 3.382044384724841590e-01 1.529730521106839325e-01 1.000000000000000000e+00 0.000000000000000000e+00 9.729053182304503444e-02 1.519057776609446797e-01
7.800000000000000000e+02 1.694920479473957520e-01 1.115057524990629156e-01 0.000000000000000000e+00 0.000000000000000000e+00 1.569047703882509304e-01 7.859858208793861489e-02
7.850000000000000000e+02 8.602964054835093854e-02 1.101234227501806384e-01 0.000000000000000000e+00 0.000000000000000000e+00 6.739344911340666711e-02 1.107811717540796298e-01
7.900000000000000000e+02 2.691362475437111268e-01 1.125536529320159129e-01 0.000000000000000000e+00 0.000000000000000000e+00 1.225086109504638782e-01 1.029787663433600342e-01
7.950000000000000000e+02 2.149607327138913782e-01 1.589157659303610040e-02 0.000000000000000000e+00 0.000000000000000000e+00 1.001794329192337019e-01 1.070058331385653067e-01
8.000000000000000000e+02 3.052877750057991779e-02 9.450640941930453509e-02 0.000000000000000000e+00 0.000000000000000000e+00 1.252932374365848256e-01 1.651014255856667612e-01
8.050000000000000000e+02 1.550446351902890277e-02 1.696533561196530288e-03 0.000000000000000000e+00 0.000000000000000000e+00 1.471853951690559395e-02 8.063218399399340458e-03
8.100000000000000000e+02 8.566453344637794953e-02 1.374885742262537680e-01 0.000000000000000000e+00 0.000000000000000000e+00 4.603469580354430102e-02 1.272661495410677968e-01
8.150000000000000000e+02 2.172338942081689095e-02 4.126822735780350318e-03 0.000000000000000000e+00 0.000000000000000000e+00 5.599741931076281098e-02 3.672934034934499398e-03
8.200000000000000000e+02 2.055085065992914295e-01 1.113232659102461330e-01 0.000000000000000000e+00 0.000000000000000000e+00 1.626365267645439316e-01 8.064356357233284922e-02
8.250000000000000000e+02 1.878012165027680147e-01 7.958224551930045965e-02 0.000000000000000000e+00 0.000000000000000000e+00 1.275622160481115486e-01 8.976809707630153956e-02
8.300000000000000000e+02 1.354991622619523550e-01 8.858006761809500418e-02 0.000000000000000000e+00 0.000000000000000000e+00 9.504385085904448749e-02 1.502046756824170493e-01
8.350000000000000000e+02 1.130835468056108767e-01 1.062442534101434716e-01 0.000000000000000000e+00 0.000000000000000000e+00 7.586687591427844490e-02 1.626426407858010958e-01
8.400000000000000000e+02 1.593370148856272650e-01 3.228860731113399052e-02 0.000000000000000000e+00 0.000000000000000000e+00 1.138092494180761860e-01 2.208903252391957242e-02
8.450000000000000000e+02 2.821942975187205493e-01 1.386841526728737617e-01 0.000000000000000000e+00 0.000000000000000000e+00 1.225103385751147578e-01 1.165794999016781380e-01
8.500000000000000000e+02 3.310469171946633371e-01 0.000000000000000000e+00 0.000000000000000000e+00 0.000000000000000000e+00 1.630507432609598628e-01 0.000000000000000000e+00
8.550000000000000000e+02 6.465904546421454013e-02 3.734461291107655373e-02 0.000000000000000000e+00 0.000000000000000000e+00 1.087762076230903707e-01 4.595064058849600980e-02
8.600000000000000000e+02 8.570771009789231176e-02 2.618910695098524213e-02 0.000000000000000000e+00 0.000000000000000000e+00 7.391675201489225633e-02 1.138814157196533020e-02
8.650000000000000000e+02 2.614619652915118886e-01 1.957065620836132835e-01 0.000000000000000000e+00 0.000000000000000000e+00 1.481399330966287620e-01 1.526044645010786183e-01
8.700000000000000000e+02 1.904384700098738781e-01 8.007387718704495061e-02 0.000000000000000000e+00 0.000000000000000000e+00 7.896902705101284392e-02 4.485753254426908671e-02
8.750000000000000000e+02 6.708386780905714608e-02 1.490824358256780113e-01 0.000000000000000000e+00 0.000000000000000000e+00 6.841123171627172539e-02 7.377242742730921732e-02
8.800000000000000000e+02 4.399195920303852203e-01 1.224507669627800388e-01 1.000000000000000000e+00 0.000000000000000000e+00 1.218314322199251787e-01 9.929874100877053578e-02
8.850000000000000000e+02 2.235038460573519625e-01 1.024986924593276755e-01 0.000000000000000000e+00 0.000000000000000000e+00 1.320747481654938049e-01 7.221755202126203810e-02
8.900000000000000000e+02 2.810183199494632467e-01 8.448606246899462158e-02 0.000000000000000000e+00 0.000000000000000000e+00 1.063386210191766962e-01 1.268733670029460470e-01
8.950000000000000000e+02 9.265516361238594623e-02 1.493062204124637471e-01 0.000000000000000000e+00 0.000000000000000000e+00 1.154465357804390219e-01 1.196921547016395471e-01
9.000000000000000000e+02 4.415503981123473920e-02 0.000000000000000000e+00 0.000000000000000000e+00 0.000000000000000000e+00 1.039529671511366105e-01 0.000000000000000000e+00
9.050000000000000000e+02 6.234533608398299624e-04 5.432691132086449326e-02 0.000000000000000000e+00 0.000000000000000000e+00 5.362305853041672392e-03 9.124056344320878587e-02
9.100000000000000000e+02 2.711472472505933040e-01 1.948291696165521947e-01 0.000000000000000000e+00 0.000000000000000000e+00 1.402908103551249175e-01 1.208350527833408489e-01
9.150000000000000000e+02 2.312555149853260661e-01 2.178533545774608959e-03 0.000000000000000000e+00 0.000000000000000000e+00 1.208719310523496265e-01 4.154353283815954631e-03
9.200000000000000000e+02 2.441059993569884290e-01 0.000000000000000000e+00 0.000000000000000000e+00 0.000000000000000000e+00 1.815793583292891755e-01 0.000000000000000000e+00
9.250000000000000000e+02 1.231582776160197457e-01 2.909166310924072001e-03 0.000000000000000000e+00 0.000000000000000000e+00 1.072612371405024800e-01 4.806275151608852686e-03
9.300000000000000000e+02 1.836091445536613131e-01 0.000000000000000000e+00 0.000000000000000000e+00 0.000000000000000000e+00 9.718565043620334964e-02 0.000000000000000000e+00
9.350000000000000000e+02 8.755010345485757239e-02 2.526443324509102060e-03 0.000000000000000000e+00 0.000000000000000000e+00 1.090034940812040914e-01 4.058467113859211620e-03
9.400000000000000000e+02 1.957811497035468473e-01 0.000000000000000000e+00 0.000000000000000000e+00 0.000000000000000000e+00 1.247106711755321395e-01 0.000000000000000000e+00
9.450000000000000000e+02 2.615768298733482308e-02 6.687099595836290544e-02 0.000000000000000000e+00 0.000000000000000000e+00 1.388698989953049134e-01 3.925588840637836419e-02
9.500000000000000000e+02 1.325811959940274287e-01 0.000000000000000000e+00 0.000000000000000000e+00 0.000000000000000000e+00 9.130671392098314854e-02 0.000000000000000000e+00
9.550000000000000000e+02 1.254122801969496381e-01 2.829573799014535249e-03 0.000000000000000000e+00 0.000000000000000000e+00 1.683120517969859953e-01 5.796936330344791381e-03
9.600000000000000000e+02 4.840021161487272072e-02 0.000000000000000000e+00 0.000000000000000000e+00 0.000000000000000000e+00 5.825361485081399782e-02 0.000000000000000000e+00
9.650000000000000000e+02 1.973464530266473838e-01 0.000000000000000000e+00 0.000000000000000000e+00 0.000000000000000000e+00 1.314350668064750705e-01 0.000000000000000000e+00
9.700000000000000000e+02 1.796540911453526485e-02 0.000000000000000000e+00 0.000000000000000000e+00 0.000000000000000000e+00 2.044647785357633571e-02 0.000000000000000000e+00
9.750000000000000000e+02 7.374099408414135082e-02 8.670882542034487328e-02 0.000000000000000000e+00 0.000000000000000000e+00 1.368084039012779363e-01 1.436938419010809764e-01
9.800000000000000000e+02 1.505487856932762603e-01 2.455660215781601055e-02 0.000000000000000000e+00 0.000000000000000000e+00 1.639149650354507493e-01 1.186705830453857746e-01
9.850000000000000000e+02 2.274800326528275130e-01 2.633467000627601196e-02 0.000000000000000000e+00 0.000000000000000000e+00 1.046623929271998377e-01 1.003065386480959109e-01
9.900000000000000000e+02 4.913487117812392890e-02 0.000000000000000000e+00 0.000000000000000000e+00 0.000000000000000000e+00 5.214207957811522326e-02 0.000000000000000000e+00
9.950000000000000000e+02 3.711019503695442978e-01 3.470842941264234288e-02 1.000000000000000000e+00 0.000000000000000000e+00 8.642911605325134805e-02 6.626227950435056857e-02
