0.000000000000000000e+00 0.000000000000000000e+00 0.000000000000000000e+00 0.000000000000000000e+00 0.000000000000000000e+00 0.000000000000000000e+00 0.000000000000000000e+00
5.000000000000000000e+00 9.226945028184203590e-01 3.765241879872618380e-01 1.000000000000000000e+00 1.000000000000000000e+00 2.123941645869291961e-01 1.079436297141102008e-01
1.000000000000000000e+01 8.403993117442301042e-01 3.489836307102717194e-01 1.000000000000000000e+00 0.000000000000000000e+00 2.166545678809717046e-01 1.458722589529923008e-01
1.500000000000000000e+01 8.075498724104823722e-01 2.604368632578709097e-01 1.000000000000000000e+00 0.000000000000000000e+00 1.145140085836153787e-01 1.137869261642148189e-01
2.000000000000000000e+01 9.041117396182368759e-01 3.873322271016935714e-01 1.000000000000000000e+00 0.000000000000000000e+00 2.181153080420199508e-01 1.692580944674924870e-01
2.500000000000000000e+01 7.998061015348231217e-01 3.939838797809900317e-01 1.000000000000000000e+00 1.000000000000000000e+00 1.534639782629975691e-01 1.371849098280268076e-01
3.000000000000000000e+01 7.789577111362017137e-01 3.232224057689371821e-01 1.000000000000000000e+00 0.000000000000000000e+00 1.890218984912270805e-01 1.324263960467303991e-01
3.500000000000000000e+01 5.643001953761526135e-01 3.243978219622863923e-01 1.000000000000000000e+00 0.000000000000000000e+00 1.786013614799283888e-01 1.479967606091928123e-01
4.000000000000000000e+01 8.909123863255861142e-01 5.364608470976932608e-01 1.000000000000000000e+00 1.000000000000000000e+00 2.453062687231168382e-01 1.852239026303413583e-01
4.500000000000000000e+01 7.514546997481886814e-01 2.428681777350377158e-01 1.000000000000000000e+00 0.000000000000000000e+00 2.067136537034761912e-01 1.155099864382028857e-01
5.000000000000000000e+01 6.076564080828599224e-01 4.992858736422426946e-01 1.000000000000000000e+00 1.000000000000000000e+00 1.490585037331966789e-01 1.229052195051980045e-01
5.500000000000000000e+01 7.769021913049758421e-01 2.467249477369164445e-01 1.000000000000000000e+00 0.000000000000000000e+00 1.412648746836001890e-01 1.205361844446230929e-01
6.000000000000000000e+01 8.761771303103111919e-01 4.087422730196417220e-01 1.000000000000000000e+00 1.000000000000000000e+00 2.092245971818257610e-01 1.294848283333077388e-01
6.500000000000000000e+01 6.433430062248399750e-01 3.400293730417051075e-01 1.000000000000000000e+00 1.000000000000000000e+00 1.722210835823079489e-01 1.038518673030429385e-01
7.000000000000000000e+01 7.186469538107355115e-01 3.469767185134782772e-01 1.000000000000000000e+00 0.000000000000000000e+00 1.305901778617286624e-01 1.599652818445192748e-01
7.500000000000000000e+01 5.956756205544546656e-01 4.373211321924754813e-01 1.000000000000000000e+00 1.000000000000000000e+00 1.483791739758540951e-01 1.220831939850900993e-01
8.000000000000000000e+01 6.963618524313167635e-01 1.237021219199653244e-01 1.000000000000000000e+00 0.000000000000000000e+00 1.754280599355791115e-01 1.582752726335011906e-01
8.500000000000000000e+01 8.344521619461344741e-01 2.987587630244235015e-01 1.000000000000000000e+00 0.000000000000000000e+00 1.905229579303901188e-01 1.347470471331530806e-01
9.000000000000000000e+01 6.829684192339628979e-01 2.358449712723615921e-01 1.000000000000000000e+00 0.000000000000000000e+00 1.828420146874775443e-01 1.244926749916319964e-01
9.500000000000000000e+01 6.478619117237467417e-01 1.290262918601143283e-01 1.000000000000000000e+00 0.000000000000000000e+00 2.115160783340553075e-01 6.039516783945109157e-02
1.000000000000000000e+02 5.726580978495972030e-01 1.793767155336307983e-01 1.000000000000000000e+00 0.000000000000000000e+00 1.706623962142092554e-01 1.339064537523668441e-01
1.050000000000000000e+02 8.503872905032530127e-01 4.273770364185079940e-01 1.000000000000000000e+00 1.000000000000000000e+00 1.702426150943344985e-01 1.475918397177674313e-01
1.100000000000000000e+02 6.325018829334987380e-01 2.171625649422991577e-01 1.000000000000000000e+00 0.000000000000000000e+00 1.722814697945862505e-01 9.183229587628549684e-02
1.150000000000000000e+02 7.188587859711834671e-01 2.530820930339648389e-01 1.000000000000000000e+00 0.000000000000000000e+00 2.067527417544163804e-01 1.704780538551114999e-01
1.200000000000000000e+02 7.177567673421401118e-01 1.516401093874343020e-01 1.000000000000000000e+00 0.000000000000000000e+00 1.940921925480130761e-01 1.361140951733578186e-01
1.250000000000000000e+02 7.005620088097005427e-01 8.672325566502744887e-02 1.000000000000000000e+00 0.000000000000000000e+00 1.897533177631867962e-01 1.327402736977291164e-01
1.300000000000000000e+02 5.529768122462097590e-01 3.634037976983557905e-01 0.000000000000000000e+00 1.000000000000000000e+00 1.993226630795067456e-01 1.198109636488571272e-01
1.350000000000000000e+02 5.659533809086703116e-01 1.926288063331972056e-01 1.000000000000000000e+00 0.000000000000000000e+00 1.441906906013393774e-01 1.077681209405361995e-01
1.400000000000000000e+02 6.319189554426920541e-01 1.731127405472830949e-01 1.000000000000000000e+00 0.000000000000000000e+00 2.055783997358928139e-01 1.124994120074644666e-01
1.450000000000000000e+02 6.110823648233560945e-01 3.308357821024380252e-01 1.000000000000000000e+00 1.000000000000000000e+00 1.679350798850449411e-01 8.484925242178918692e-02
1.500000000000000000e+02 5.923638039787106901e-01 2.077996780834932833e-01 1.000000000000000000e+00 0.000000000000000000e+00 1.703972276947091913e-01 1.161565647629622805e-01
1.550000000000000000e+02 6.332756616738195454e-01 2.932407506385247831e-01 1.000000000000000000e+00 0.000000000000000000e+00 1.155036949665520091e-01 1.060358845804819095e-01
1.600000000000000000e+02 7.791398810220233617e-01 1.801016629725288865e-01 1.000000000000000000e+00 0.000000000000000000e+00 1.905388090321780414e-01 1.183108687076754456e-01
1.650000000000000000e+02 6.478547025757437350e-01 2.407958048018662700e-01 1.000000000000000000e+00 0.000000000000000000e+00 2.039588003826075246e-01 1.212999555111758665e-01
1.700000000000000000e+02 4.993075204352013796e-01 2.434215316651601457e-01 1.000000000000000000e+00 0.000000000000000000e+00 1.703868640972321380e-01 1.392964422874163610e-01
1.750000000000000000e+02 5.773479270766546101e-01 3.619784850506480578e-01 1.000000000000000000e+00 1.000000000000000000e+00 1.715090218262712018e-01 1.001712701796048655e-01
1.800000000000000000e+02 5.456456904730553337e-01 3.597271940214597508e-01 1.000000000000000000e+00 1.000000000000000000e+00 1.634991424348015421e-01 1.043893718686988437e-01
1.850000000000000000e+02 7.578065386674194270e-01 2.157309972890810168e-01 1.000000000000000000e+00 0.000000000000000000e+00 1.526300797807476628e-01 8.321589524667094562e-02
1.900000000000000000e+02 6.057645426527935584e-01 9.556602182263848611e-02 1.000000000000000000e+00 0.000000000000000000e+00 2.052728949287782600e-01 1.425402264014871134e-01
1.950000000000000000e+02 5.857838006422747545e-01 9.263452653741237330e-02 1.000000000000000000e+00 0.000000000000000000e+00 1.477501810925101189e-01 9.056035405654508375e-02
2.000000000000000000e+02 7.612469305296946098e-01 2.221219271572580922e-01 1.000000000000000000e+00 0.000000000000000000e+00 2.225800221608791596e-01 9.248678813091117112e-02
2.050000000000000000e+02 6.718187132844444243e-01 3.817748914128928917e-01 1.000000000000000000e+00 1.000000000000000000e+00 2.309483224917187882e-01 6.868961333657422341e-02
2.100000000000000000e+02 4.095334605529150629e-01 3.668197927471784636e-01 0.000000000000000000e+00 0.000000000000000000e+00 1.724219742653457510e-01 1.332261161625808432e-01
2.150000000000000000e+02 3.532184540980853327e-01 3.816637574499835983e-01 0.000000000000000000e+00 1.000000000000000000e+00 1.794978724098660605e-01 1.128503637358015399e-01
2.200000000000000000e+02 7.913938665749259416e-01 2.434027368092429311e-01 1.000000000000000000e+00 0.000000000000000000e+00 1.617368383340060944e-01 1.734077164427868523e-01
2.250000000000000000e+02 5.507214416706598392e-01 1.905606124233165388e-01 1.000000000000000000e+00 0.000000000000000000e+00 1.839969770311899178e-01 1.165948045050216875e-01
2.300000000000000000e+02 4.289526751034348218e-01 3.394649463497374092e-02 1.000000000000000000e+00 0.000000000000000000e+00 1.483727529471478013e-01 7.702979048686020569e-02
2.350000000000000000e+02 4.519775165719827070e-01 2.494161402517121873e-01 0.000000000000000000e+00 0.000000000000000000e+00 1.929957155500169330e-01 1.170279757765041728e-01
2.400000000000000000e+02 5.014491603011612675e-01 3.551931443757968543e-01 0.000000000000000000e+00 0.000000000000000000e+00 2.506544027846797640e-01 1.450830873790340814e-01
2.450000000000000000e+02 5.182129639794038622e-01 1.682047291616072526e-01 1.000000000000000000e+00 0.000000000000000000e+00 1.623222198738224487e-01 1.516872363900423348e-01
2.500000000000000000e+02 4.659602404647186225e-01 3.142168322599208641e-01 0.000000000000000000e+00 0.000000000000000000e+00 2.169670513884662810e-01 1.748983418747518392e-01
2.550000000000000000e+02 4.890185400176448316e-01 8.215038802567932452e-02 0.000000000000000000e+00 0.000000000000000000e+00 1.878718871719652628e-01 1.232735099937035256e-01
2.600000000000000000e+02 5.507790916418164873e-01 1.668014661480685004e-04 0.000000000000000000e+00 0.000000000000000000e+00 2.039126837733061803e-01 6.826064447653049788e-03
2.650000000000000000e+02 7.706342053229647826e-01 2.276060398362377557e-01 1.000000000000000000e+00 0.000000000000000000e+00 1.726130214420749653e-01 1.172675678697543272e-01
2.700000000000000000e+02 4.655309358751490434e-01 3.364828021061636032e-01 1.000000000000000000e+00 0.000000000000000000e+00 1.547702502135893943e-01 1.819375358365833417e-01
2.750000000000000000e+02 5.559161018430570644e-01 3.334328481060203631e-01 1.000000000000000000e+00 0.000000000000000000e+00 1.478377149072288843e-01 1.255487618661672022e-01
2.800000000000000000e+02 5.547947720222329293e-01 1.327733543931824967e-01 1.000000000000000000e+00 0.000000000000000000e+00 1.682736478207955133e-01 1.145993343501010286e-01
2.850000000000000000e+02 4.594663304316471408e-01 6.498913160001895672e-02 1.000000000000000000e+00 0.000000000000000000e+00 1.481846450750855249e-01 1.260242466950275975e-01
2.900000000000000000e+02 4.031490233637700094e-01 1.569776291179295347e-01 0.000000000000000000e+00 0.000000000000000000e+00 1.516334363169323518e-01 1.379664257381537640e-01
2.950000000000000000e+02 4.880623228707257621e-01 1.665843958706244021e-01 1.000000000000000000e+00 0.000000000000000000e+00 1.696514142321835228e-01 1.384732826287402574e-01
3.000000000000000000e+02 4.250404226077534875e-01 1.200808899040275851e-01 0.000000000000000000e+00 0.000000000000000000e+00 1.977425271913577920e-01 1.162281674805120124e-01
3.050000000000000000e+02 5.665316071410713139e-01 2.939448169933222554e-01 1.000000000000000000e+00 0.000000000000000000e+00 1.605433081219275193e-01 1.580275125154656235e-01
3.100000000000000000e+02 4.264950731221953673e-01 5.115091437071641461e-02 1.000000000000000000e+00 0.000000000000000000e+00 1.494711460192380270e-01 8.091249620407664489e-02
3.150000000000000000e+02 4.346333387598807496e-01 1.088863670503626285e-01 1.000000000000000000e+00 0.000000000000000000e+00 1.329783631262699273e-01 1.395261575634484108e-01
3.200000000000000000e+02 3.332060673674989149e-01 1.704341109210170124e-01 0.000000000000000000e+00 0.000000000000000000e+00 1.402435802375276430e-01 9.992223610954234503e-02
3.250000000000000000e+02 4.888739611384670392e-01 1.028577288714374316e-01 0.000000000000000000e+00 0.000000000000000000e+00 1.748163085755091162e-01 1.802904060843547041e-01
3.300000000000000000e+02 2.403330494083930069e-01 2.919505728464157346e-01 0.000000000000000000e+00 0.000000000000000000e+00 1.191675666645777149e-01 1.590714010642519938e-01
3.350000000000000000e+02 3.412591136363943289e-01 2.444306825957203166e-01 0.000000000000000000e+00 0.000000000000000000e+00 1.403966299120046890e-01 1.498646537072814700e-01
3.400000000000000000e+02 3.627482134056491114e-01 1.232197092214809137e-01 0.000000000000000000e+00 0.000000000000000000e+00 2.123348889594111333e-01 1.083472861424720629e-01
3.450000000000000000e+02 5.837505886752432094e-01 1.117088721249062805e-01 1.000000000000000000e+00 0.000000000000000000e+00 1.134672723590831045e-01 1.099668029234085326e-01
3.500000000000000000e+02 3.985775788316497925e-01 2.081811671959626214e-02 0.000000000000000000e+00 0.000000000000000000e+00 1.683944917373765005e-01 1.252002476916782292e-01
3.550000000000000000e+02 3.783613351431290295e-01 1.726620638227261972e-01 1.000000000000000000e+00 0.000000000000000000e+00 1.313855524285814369e-01 9.633014971466109799e-02
3.600000000000000000e+02 3.098684477372129487e-01 1.319393081374696797e-01 0.000000000000000000e+00 0.000000000000000000e+00 1.473581150543767093e-01 6.742670178296022998e-02
3.650000000000000000e+02 3.052523691280665807e-01 2.100462094032982605e-02 0.000000000000000000e+00 0.000000000000000000e+00 1.568672642862039834e-01 1.062714497541289577e-01
3.700000000000000000e+02 3.765779724863690947e-01 2.245838203498685612e-02 1.000000000000000000e+00 0.000000000000000000e+00 1.101666451459253210e-01 3.638386075122838209e-02
3.750000000000000000e+02 3.024544325106134357e-01 2.604998817611672290e-01 0.000000000000000000e+00 0.000000000000000000e+00 1.474216375214069397e-01 1.852606367175023416e-01
3.800000000000000000e+02 4.528016272129692377e-01 2.478516010213970000e-01 1.000000000000000000e+00 0.000000000000000000e+00 9.751244300365728701e-02 1.229303392921911042e-01
3.850000000000000000e+02 5.932371287850592978e-01 1.113339010507106847e-01 1.000000000000000000e+00 0.000000000000000000e+00 7.471765451206419106e-02 1.252615886794345990e-01
3.900000000000000000e+02 3.455309706800110403e-01 2.660253343473806820e-01 0.000000000000000000e+00 0.000000000000000000e+00 1.308326218249828421e-01 9.534251420137682120e-02
3.950000000000000000e+02 3.147396935447284716e-01 2.712920485321109187e-01 0.000000000000000000e+00 0.000000000000000000e+00 1.169128936627900905e-01 1.232231210813511113e-01
4.000000000000000000e+02 2.482478304185449791e-01 9.910252442951020257e-02 0.000000000000000000e+00 0.000000000000000000e+00 1.602202239072424983e-01 8.770852760746035426e-02
4.050000000000000000e+02 3.588349427408258352e-01 3.946890323481386242e-01 0.000000000000000000e+00 1.000000000000000000e+00 1.570962385658782601e-01 1.391884722430692112e-01
4.100000000000000000e+02 4.447257548278870098e-01 2.067206089729559937e-01 1.000000000000000000e+00 0.000000000000000000e+00 1.455606642291493447e-01 1.709996323694422671e-01
4.150000000000000000e+02 2.414651211976121259e-01 9.625441914944385391e-02 1.000000000000000000e+00 0.000000000000000000e+00 5.793454075482015048e-02 1.305887712837138503e-01
4.200000000000000000e+02 2.423152210329528877e-01 7.151851786782970066e-02 0.000000000000000000e+00 0.000000000000000000e+00 1.069364624039415013e-01 8.064359396056235141e-02
4.250000000000000000e+02 3.315226751085513790e-01 1.021573118210404030e-01 0.000000000000000000e+00 0.000000000000000000e+00 1.952756262510817742e-01 1.450116148377718073e-01
4.300000000000000000e+02 2.283412551230192267e-01 5.710196294152816016e-02 0.000000000000000000e+00 0.000000000000000000e+00 1.104475573420111018e-01 1.223793961868393787e-01
4.350000000000000000e+02 3.348969055873839418e-01 3.936688944818970970e-02 1.000000000000000000e+00 0.000000000000000000e+00 1.014071438783686052e-01 1.078078177611163785e-01
4.400000000000000000e+02 4.073737689983271126e-01 2.341430481468652347e-01 0.000000000000000000e+00 0.000000000000000000e+00 1.749490927140721075e-01 1.115133245015250546e-01
4.450000000000000000e+02 3.763221681861897427e-01 2.866647101847363821e-02 1.000000000000000000e+00 0.000000000000000000e+00 1.317210743616540891e-01 7.129452826706124402e-02
4.500000000000000000e+02 2.046015692622006610e-01 1.539727962144070150e-01 0.000000000000000000e+00 0.000000000000000000e+00 1.234455248750120637e-01 1.286811900997840430e-01
4.550000000000000000e+02 1.410937794723747529e-01 9.445244921946845118e-02 0.000000000000000000e+00 0.000000000000000000e+00 1.530969360359823450e-01 1.082085561064982104e-01
4.600000000000000000e+02 5.043437665461014685e-01 1.418483340497644907e-01 1.000000000000000000e+00 0.000000000000000000e+00 1.676176662026744868e-01 1.089920399862845390e-01
4.650000000000000000e+02 3.830265449112065790e-01 2.785954862429473877e-01 1.000000000000000000e+00 0.000000000000000000e+00 9.748424881270760511e-02 1.413188857299299273e-01
4.700000000000000000e+02 3.727520138934239391e-01 2.111318114994947537e-01 1.000000000000000000e+00 0.000000000000000000e+00 1.281903826682126157e-01 1.480781193585449518e-01
4.750000000000000000e+02 3.347244884489503636e-01 2.621278472804863258e-01 0.000000000000000000e+00 0.000000000000000000e+00 1.240095397581873482e-01 1.231282118337224118e-01
4.800000000000000000e+02 3.253412516537949051e-01 1.407282738450702786e-01 0.000000000000000000e+00 0.000000000000000000e+00 1.333777496245615313e-01 1.901380354052916444e-01
4.850000000000000000e+02 3.558102232282501776e-01 1.377228963544139262e-01 0.000000000000000000e+00 0.000000000000000000e+00 1.414554946711178429e-01 1.401593131128911762e-01
4.900000000000000000e+02 2.182384297147294538e-01 9.978660959335858283e-02 0.000000000000000000e+00 0.000000000000000000e+00 1.620707371192653679e-01 9.133624341858216644e-02
4.950000000000000000e+02 1.409834277513978829e-01 2.851538750596597782e-01 0.000000000000000000e+00 0.000000000000000000e+00 1.397278149742214037e-01 1.569281373987375106e-01
5.000000000000000000e+02 2.699866829149198399e-01 1.566245782483845495e-01 0.000000000000000000e+00 0.000000000000000000e+00 1.069438107607893207e-01 1.322078555495959651e-01
5.050000000000000000e+02 3.894212619165747236e-01 1.918794258662789298e-01 0.000000000000000000e+00 0.000000000000000000e+00 1.561137423840200100e-01 9.332378892000350867e-02
5.100000000000000000e+02 2.874089557804851425e-01 4.346723986729704170e-01 0.000000000000000000e+00 1.000000000000000000e+00 1.101324881138276285e-01 8.822748364070173710e-02
5.150000000000000000e+02 1.249343016741734508e-01 2.682575095662354525e-01 0.000000000000000000e+00 0.000000000000000000e+00 1.100260699488658928e-01 1.436486656125388617e-01
5.200000000000000000e+02 1.902661778348193056e-01 0.000000000000000000e+00 0.000000000000000000e+00 0.000000000000000000e+00 1.225469259549974155e-01 0.000000000000000000e+00
5.250000000000000000e+02 2.137800953054577457e-01 1.508410135897342297e-01 0.000000000000000000e+00 0.000000000000000000e+00 1.069278239634876421e-01 1.262720729142282339e-01
5.300000000000000000e+02 1.802396089135357427e-01 1.665025822281797907e-01 0.000000000000000000e+00 0.000000000000000000e+00 1.662943270164398413e-01 1.434107444983597768e-01
5.350000000000000000e+02 1.399882150265236991e-01 8.833994584708053377e-02 0.000000000000000000e+00 0.000000000000000000e+00 2.178714352652558472e-01 1.356045077202432114e-01
5.400000000000000000e+02 2.546676300282612049e-01 3.125435174703116714e-01 0.000000000000000000e+00 0.000000000000000000e+00 1.468796391305854654e-01 1.194614951632363559e-01
5.450000000000000000e+02 2.711577960741538007e-01 1.391470065271167567e-01 0.000000000000000000e+00 0.000000000000000000e+00 1.457621431475543128e-01 1.767660221804400467e-01
5.500000000000000000e+02 6.362555151008184029e-03 1.943200750546560662e-01 0.000000000000000000e+00 0.000000000000000000e+00 5.975915992026518964e-02 1.425025901829477248e-01
5.550000000000000000e+02 3.059727527395356139e-01 2.310257548321032472e-01 0.000000000000000000e+00 0.000000000000000000e+00 1.562304305293430173e-01 1.053241416225556421e-01
5.600000000000000000e+02 7.453950535551687184e-02 1.836059748629212396e-01 0.000000000000000000e+00 0.000000000000000000e+00 1.461546962846952125e-01 1.016625871471587977e-01
5.650000000000000000e+02 2.567632780932885272e-01 2.243412830877611897e-01 0.000000000000000000e+00 0.000000000000000000e+00 1.251654491307013783e-01 1.423406228142655439e-01
5.700000000000000000e+02 2.302386593401627712e-01 3.053080342424166482e-01 0.000000000000000000e+00 1.000000000000000000e+00 1.269880061267667781e-01 1.057775358671155241e-01
5.750000000000000000e+02 3.338609086554759076e-01 2.999603297313419015e-01 0.000000000000000000e+00 0.000000000000000000e+00 1.917623669698830247e-01 1.298805994339553849e-01
5.800000000000000000e+02 1.565814403362004725e-01 0.000000000000000000e+00 0.000000000000000000e+00 0.000000000000000000e+00 1.685161041867858922e-01 0.000000000000000000e+00
5.850000000000000000e+02 3.439161871868556264e-01 1.209961344028201158e-01 0.000000000000000000e+00 0.000000000000000000e+00 1.758791637424880760e-01 8.670908935734686351e-02
5.900000000000000000e+02 6.150217395121797270e-02 2.737744258916939843e-01 0.000000000000000000e+00 0.000000000000000000e+00 5.434802469048301277e-02 1.850345750142439460e-01
5.950000000000000000e+02 1.129753046198869182e-01 2.880334484036148890e-01 0.000000000000000000e+00 1.000000000000000000e+00 1.337410763538314229e-01 8.564388204941661420e-02
6.000000000000000000e+02 3.143165165752533352e-01 5.923239630823473600e-02 0.000000000000000000e+00 0.000000000000000000e+00 1.183305822155225340e-01 1.231294131071070386e-01
6.050000000000000000e+02 3.079633544148074886e-01 9.455693446407521796e-02 1.000000000000000000e+00 0.000000000000000000e+00 9.682050694973204363e-02 1.087998847244988077e-01
6.100000000000000000e+02 1.313199893699368848e-01 1.799571880857088468e-03 0.000000000000000000e+00 0.000000000000000000e+00 8.206675377303140895e-02 4.760698867824582001e-03
6.150000000000000000e+02 2.386422295637088686e-01 2.729878184775103023e-01 1.000000000000000000e+00 0.000000000000000000e+00 6.912072157654976234e-02 9.965227926002453995e-02
6.200000000000000000e+02 7.704572139245483009e-02 1.060355405625270364e-01 0.000000000000000000e+00 0.000000000000000000e+00 9.258507595492306008e-02 1.325856014305154817e-01
6.250000000000000000e+02 3.236687098064695567e-01 4.337073857915064723e-01 0.000000000000000000e+00 1.000000000000000000e+00 1.453459738791283706e-01 1.380926765462854311e-01
6.300000000000000000e+02 3.736970734885627921e-01 3.308570292484364073e-02 1.000000000000000000e+00 0.000000000000000000e+00 1.002488981714921429e-01 1.327133951898570030e-01
6.350000000000000000e+02 1.103828538202827197e-01 1.755041512010343807e-01 0.000000000000000000e+00 0.000000000000000000e+00 1.136854568527893433e-01 9.991556412656005248e-02
6.400000000000000000e+02 1.224960526877194172e-01 1.439812082285520933e-01 0.000000000000000000e+00 0.000000000000000000e+00 7.681892376901186537e-02 8.806207230677061404e-02
6.450000000000000000e+02 4.028204677009279699e-02 1.626342927672734529e-01 0.000000000000000000e+00 0.000000000000000000e+00 6.577732190465082618e-02 1.423891389189699541e-01
6.500000000000000000e+02 8.126109343044618516e-02 9.265549180398421902e-02 0.000000000000000000e+00 0.000000000000000000e+00 1.180148032358075139e-01 1.010269847550717970e-01
6.550000000000000000e+02 1.364293763409223370e-01 1.674244324742362733e-01 0.000000000000000000e+00 0.000000000000000000e+00 1.491470124306522038e-01 1.108449391501413611e-01
6.600000000000000000e+02 1.659724748442719944e-01 0.000000000000000000e+00 0.000000000000000000e+00 0.000000000000000000e+00 1.412954131083932197e-01 0.000000000000000000e+00
6.650000000000000000e+02 1.702321844964561903e-01 4.353106618866355026e-02 0.000000000000000000e+00 0.000000000000000000e+00 8.237584944744723303e-02 1.101443977865118468e-01
6.700000000000000000e+02 1.323395256662968367e-01 5.535139539965740207e-03 0.000000000000000000e+00 0.000000000000000000e+00 7.950747876411262682e-02 5.256764927330555802e-03
6.750000000000000000e+02 2.945953283895808017e-01 9.031213645811846102e-02 0.000000000000000000e+00 0.000000000000000000e+00 1.390936321629490380e-01 8.633494013130141309e-02
6.800000000000000000e+02 3.074132167927595694e-01 2.203739901700422776e-01 0.000000000000000000e+00 0.000000000000000000e+00 1.359582309468840566e-01 1.343515968168377539e-01
6.850000000000000000e+02 2.571053647295171163e-01 1.361872706581878645e-01 0.000000000000000000e+00 0.000000000000000000e+00 1.143223774330447418e-01 1.494679065581940580e-01
6.900000000000000000e+02 1.657711914744922355e-01 2.117302397351981773e-03 0.000000000000000000e+00 0.000000000000000000e+00 9.577159253259548422e-02 3.879602202778934927e-03
6.950000000000000000e+02 2.739929770646619689e-01 2.023384591550379460e-02 1.000000000000000000e+00 0.000000000000000000e+00 9.201869063666801019e-02 1.848751407610281158e-02
7.000000000000000000e+02 2.160802128355999163e-01 0.000000000000000000e+00 1.000000000000000000e+00 0.000000000000000000e+00 6.892076104914493517e-02 0.000000000000000000e+00
7.050000000000000000e+02 3.766374246936007308e-01 5.987235823594644346e-03 1.000000000000000000e+00 0.000000000000000000e+00 1.063165102945716062e-01 1.443619733721397506e-02
7.100000000000000000e+02 1.194716768019636194e-01 4.288023500791478954e-02 0.000000000000000000e+00 0.000000000000000000e+00 1.194793256237154377e-01 1.126136769767690782e-01
7.150000000000000000e+02 1.277904256124680060e-01 1.311904158812930987e-01 0.000000000000000000e+00 0.000000000000000000e+00 1.215457714506030656e-01 1.349532204270308122e-01
7.200000000000000000e+02 1.378841421098325470e-01 1.218227930640408685e-01 0.000000000000000000e+00 0.000000000000000000e+00 1.340795877403956615e-01 1.314255311553514660e-01
7.250000000000000000e+02 6.200514437746527940e-02 1.344701189081895787e-01 0.000000000000000000e+00 0.000000000000000000e+00 1.285889585089286247e-01 7.914818905331687249e-02
7.300000000000000000e+02 5.097211416791642968e-02 9.806237880206633561e-02 0.000000000000000000e+00 0.000000000000000000e+00 9.562564696442871215e-02 5.093759099485343361e-02
7.350000000000000000e+02 1.893421681120129318e-01 8.014021839083509957e-02 0.000000000000000000e+00 0.000000000000000000e+00 1.443698918826903099e-01 5.195376747331958284e-02
7.400000000000000000e+02 1.970388875216551872e-01 7.284835682659837608e-02 0.000000000000000000e+00 0.000000000000000000e+00 1.248304877851303119e-01 4.846242310122886310e-02
7.450000000000000000e+02 3.747382517465326912e-01 1.371169961438589713e-02 1.000000000000000000e+00 0.000000000000000000e+00 1.156677351112674612e-01 9.564665722740546203e-03
7.500000000000000000e+02 2.010025487953729650e-01 7.784911355003970579e-02 0.000000000000000000e+00 0.000000000000000000e+00 1.152594185645187119e-01 1.497645767998918853e-01
7.550000000000000000e+02 1.432474610617171518e-01 1.069302484921637875e-01 0.000000000000000000e+00 0.000000000000000000e+00 9.357353250813466028e-02 1.956029834493151209e-01
7.600000000000000000e+02 1.584363235235966283e-01 1.145075678883617221e-01 0.000000000000000000e+00 0.000000000000000000e+00 1.063838331293638362e-01 6.690618482732167693e-02
7.650000000000000000e+02 1.667185684720797201e-01 2.344948002691286670e-01 0.000000000000000000e+00 0.000000000000000000e+00 8.174796110356036261e-02 1.325637246769977573e-01
7.700000000000000000e+02 1.747074356276835383e-01 9.971982164247977093e-03 0.000000000000000000e+00 0.000000000000000000e+00 1.048280393826767493e-01 1.141639546964474256e-02
7.750000000000000000e+02 1.698286009566663257e-01 1.147856908094745804e-01 0.000000000000000000e+00 0.000000000000000000e+00 1.077659066070058708e-01 1.033957136784435377e-01
7.800000000000000000e+02 2.116913706982808674e-01 5.551845051310013573e-02 0.000000000000000000e+00 0.000000000000000000e+00 1.259025302664033563e-01 1.126444090027053924e-01
7.850000000000000000e+02 3.656600615120771895e-03 5.313612378744127229e-02 0.000000000000000000e+00 0.000000000000000000e+00 2.841923626680096376e-02 7.371831667065324722e-02
7.900000000000000000e+02 2.020909326480128387e-01 5.852436172130728170e-02 0.000000000000000000e+00 0.000000000000000000e+00 1.540747456317163588e-01 1.236631875518515861e-01
7.950000000000000000e+02 2.367385070813282366e-01 1.621903220257914779e-01 0.000000000000000000e+00 0.000000000000000000e+00 1.653916774951545432e-01 8.492113956482003068e-02
8.000000000000000000e+02 3.225335838909849651e-01 3.302052861985569354e-01 1.000000000000000000e+00 0.000000000000000000e+00 9.423021788891661199e-02 1.256485347358211602e-01
8.050000000000000000e+02 1.925867377095805411e-01 2.352370519901216678e-02 0.000000000000000000e+00 0.000000000000000000e+00 1.446279861026299740e-01 2.779552398975500271e-02
8.100000000000000000e+02 1.417691087635470359e-01 4.442115195745828526e-02 0.000000000000000000e+00 0.000000000000000000e+00 1.086733785666236518e-01 1.387960269407345348e-01
8.150000000000000000e+02 4.920369614736967018e-02 1.229513873726823248e-01 0.000000000000000000e+00 0.000000000000000000e+00 1.606282828644306215e-01 9.299842915495298845e-02
8.200000000000000000e+02 9.522637725524769892e-02 1.237163640741334031e-01 0.000000000000000000e+00 0.000000000000000000e+00 1.531760704660415640e-01 1.124083842409377143e-01
8.250000000000000000e+02 2.175463485119826790e-01 2.002552611942955141e-01 0.000000000000000000e+00 0.000000000000000000e+00 1.085280292800603480e-01 1.593670969294767314e-01
8.300000000000000000e+02 9.513425716506579422e-02 7.569819442120476194e-02 0.000000000000000000e+00 0.000000000000000000e+00 7.079483900615027303e-02 3.929709518347754282e-02
8.350000000000000000e+02 1.390143073031926135e-01 3.082341398491189599e-01 0.000000000000000000e+00 0.000000000000000000e+00 9.221621284702742616e-02 1.403890330383413820e-01
8.400000000000000000e+02 2.715106659566869293e-02 2.817774763781842953e-02 0.000000000000000000e+00 0.000000000000000000e+00 1.600959154539601526e-01 4.832851408559071804e-02
8.450000000000000000e+02 8.042307895166229958e-02 2.359934647446317035e-01 0.000000000000000000e+00 0.000000000000000000e+00 1.511209156926603958e-01 1.381509372776604239e-01
8.500000000000000000e+02 1.155416523547992125e-01 8.767591664050090883e-03 0.000000000000000000e+00 0.000000000000000000e+00 1.156560781402776877e-01 3.371880473943580231e-02
8.550000000000000000e+02 2.639128815625321756e-01 7.564729485306408152e-02 1.000000000000000000e+00 0.000000000000000000e+00 9.295932088347849676e-02 4.401605093018976650e-02
8.600000000000000000e+02 1.845706565930056997e-01 1.991213228142656444e-01 1.000000000000000000e+00 0.000000000000000000e+00 5.961124021917789395e-02 1.246981362797868614e-01
8.650000000000000000e+02 8.184867759632540041e-02 1.899141028237811835e-01 0.000000000000000000e+00 0.000000000000000000e+00 8.126078055838892311e-02 1.271138962653692583e-01
8.700000000000000000e+02 2.749852298931874661e-01 1.613980306036659762e-01 0.000000000000000000e+00 0.000000000000000000e+00 1.001772307644660936e-01 1.749563863448851397e-01
8.750000000000000000e+02 2.182605197970473032e-01 2.511413751456715790e-02 0.000000000000000000e+00 0.000000000000000000e+00 1.308473337705268746e-01 1.369053991683190641e-01
8.800000000000000000e+02 3.480078945781402144e-02 1.300200047019068605e-01 0.000000000000000000e+00 0.000000000000000000e+00 1.295146310621020924e-01 1.588330912433354447e-01
8.850000000000000000e+02 1.749561243108654907e-01 5.522903972015439505e-02 0.000000000000000000e+00 0.000000000000000000e+00 1.142447512855071790e-01 1.181927336761690733e-01
8.900000000000000000e+02 1.810936308693248953e-01 1.401557385461534022e-02 0.000000000000000000e+00 0.000000000000000000e+00 1.058399525985638800e-01 1.121519464395179938e-02
8.950000000000000000e+02 1.181362257526458875e-01 9.447498700219689183e-02 0.000000000000000000e+00 0.000000000000000000e+00 1.384448179756979924e-01 4.083253740869729337e-02
9.000000000000000000e+02 7.590116013570441522e-02 3.295638157293726000e-02 0.000000000000000000e+00 0.000000000000000000e+00 1.326643523258166091e-01 3.882023669753845163e-02
9.050000000000000000e+02 1.709176201512041526e-02 1.843656971222947250e-01 0.000000000000000000e+00 0.000000000000000000e+00 1.514344340555455193e-01 1.092364465694262987e-01
9.100000000000000000e+02 7.920192749627871787e-02 2.753775293153194470e-01 0.000000000000000000e+00 0.000000000000000000e+00 1.041914012541894641e-01 1.594103628630778313e-01
9.150000000000000000e+02 1.332620172834224626e-01 7.248221065566824543e-03 0.000000000000000000e+00 0.000000000000000000e+00 1.510136794002897853e-01 2.985261403333864909e-03
9.200000000000000000e+02 3.013401575151853917e-01 5.081279411941237723e-02 0.000000000000000000e+00 0.000000000000000000e+00 1.148095103455649135e-01 1.446633055135443657e-01
9.250000000000000000e+02 4.284213590143993826e-03 1.583311521131747501e-01 0.000000000000000000e+00 0.000000000000000000e+00 2.524542843545177565e-03 1.065798257430608936e-01
9.300000000000000000e+02 3.995737899261261883e-01 1.067520925554837734e-02 0.000000000000000000e+00 0.000000000000000000e+00 1.496502226361091648e-01 1.902242171162100287e-02
9.350000000000000000e+02 3.608977024009810131e-01 2.141989848973878743e-02 0.000000000000000000e+00 0.000000000000000000e+00 2.221660142275653504e-01 1.416553036706886537e-01
9.400000000000000000e+02 2.399899620226373931e-01 4.722138008298443212e-02 0.000000000000000000e+00 0.000000000000000000e+00 1.806892880922077727e-01 7.801670889546716281e-02
9.450000000000000000e+02 2.784083366119543546e-01 9.067015898897475001e-02 0.000000000000000000e+00 0.000000000000000000e+00 1.168466874186289139e-01 3.616720430646599982e-02
9.500000000000000000e+02 3.921521410392848905e-02 4.371581750771465213e-02 0.000000000000000000e+00 0.000000000000000000e+00 4.175191094501648492e-02 3.183000671709600854e-02
9.550000000000000000e+02 3.940852540739733234e-01 1.460473459003903129e-01 0.000000000000000000e+00 0.000000000000000000e+00 1.472813332831895694e-01 1.415343317099070908e-01
9.600000000000000000e+02 1.095866207321920527e-01 2.453962603870293580e-01 0.000000000000000000e+00 0.000000000000000000e+00 1.557533863182471168e-01 8.882610648961440647e-02
9.650000000000000000e+02 2.311411968717397014e-01 0.000000000000000000e+00 0.000000000000000000e+00 0.000000000000000000e+00 1.499899625392140390e-01 0.000000000000000000e+00
9.700000000000000000e+02 1.088700419172466682e-01 1.530723256457243164e-01 0.000000000000000000e+00 0.000000000000000000e+00 1.376251489433679420e-01 8.317097959209382441e-02
9.750000000000000000e+02 7.247194158987985135e-02 1.378371497169281201e-01 0.000000000000000000e+00 0.000000000000000000e+00 1.346178972873693647e-01 1.185845245125240061e-01
9.800000000000000000e+02 6.407513027503215775e-02 2.282396413278663938e-01 0.000000000000000000e+00 0.000000000000000000e+00 1.081614544560342978e-01 9.437483515726131922e-02
9.850000000000000000e+02 4.914443501017522892e-02 1.622005491993508755e-02 0.000000000000000000e+00 0.000000000000000000e+00 1.223619997059233605e-01 1.155965342801158618e-01
9.900000000000000000e+02 1.027560792852029864e-01 3.653818609300191200e-02 0.000000000000000000e+00 0.000000000000000000e+00 9.277672342953063866e-02 4.128140293789995391e-02
9.950000000000000000e+02 1.366921850718306186e-01 1.112508868506882215e-01 0.000000000000000000e+00 0.000000000000000000e+00 1.619972201474382256e-01 1.371402922169583649e-01
