0.000000000000000000e+00 4.636363636363637075e-02 4.636363636363637075e-02
5.000000000000000000e+00 9.878390975206612357e-01 9.238720099173554079e-01
1.000000000000000000e+01 9.886828595041320389e-01 9.358254710743801885e-01
1.500000000000000000e+01 9.941978214876032727e-01 9.381539140495867013e-01
2.000000000000000000e+01 9.924868099173552727e-01 9.398064628099174200e-01
2.500000000000000000e+01 9.912049024793387897e-01 9.445504099173552826e-01
3.000000000000000000e+01 9.936350016528926465e-01 9.466909520661157540e-01
3.500000000000000000e+01 9.938867107438017490e-01 9.467374545454545487e-01
4.000000000000000000e+01 9.932931636363637740e-01 9.495952099173553540e-01
4.500000000000000000e+01 9.927415570247933863e-01 9.496400528925619255e-01
5.000000000000000000e+01 9.919634743801652998e-01 9.521503471074380665e-01
5.500000000000000000e+01 9.932893090909088452e-01 9.535601355371902121e-01
6.000000000000000000e+01 9.963054578512396953e-01 9.535268826446280377e-01
6.500000000000000000e+01 9.958536528925620024e-01 9.553541983471074417e-01
7.000000000000000000e+01 9.948707239669420943e-01 9.563981223140494148e-01
7.500000000000000000e+01 9.962492991735537595e-01 9.585947801652892064e-01
8.000000000000000000e+01 9.952390710743801439e-01 9.567671338842973494e-01
8.500000000000000000e+01 9.959209123966943356e-01 9.610752132231403788e-01
9.000000000000000000e+01 9.952846016528926754e-01 9.611736396694213758e-01
9.500000000000000000e+01 9.963611900826446766e-01 9.595992066115701657e-01
1.000000000000000000e+02 9.965424066115702306e-01 9.620994181818181001e-01
1.050000000000000000e+02 9.969667140495868107e-01 9.643468859504131796e-01
1.100000000000000000e+02 9.977220297520661418e-01 9.640425685950413381e-01
1.150000000000000000e+02 9.962404231404959898e-01 9.642414743801653865e-01
1.200000000000000000e+02 9.968164132231404073e-01 9.653682280991736642e-01
1.250000000000000000e+02 9.973137520661158328e-01 9.658940661157024987e-01
1.300000000000000000e+02 9.965075041322313254e-01 9.682609619834712245e-01
1.350000000000000000e+02 9.976418578512398216e-01 9.666616991735536013e-01
1.400000000000000000e+02 9.977561157024791294e-01 9.659491074380165410e-01
1.450000000000000000e+02 9.979389057851240086e-01 9.686227504132229882e-01
1.500000000000000000e+02 9.975049190082643236e-01 9.698480000000000434e-01
1.550000000000000000e+02 9.974182413223141586e-01 9.681401090909089735e-01
1.600000000000000000e+02 9.976406677685949465e-01 9.699410115702480351e-01
1.650000000000000000e+02 9.975827537190082861e-01 9.712094082644628923e-01
1.700000000000000000e+02 9.963108859504130610e-01 9.712761289256197639e-01
1.750000000000000000e+02 9.985275404958677825e-01 9.735403834710742998e-01
1.800000000000000000e+02 9.972149190082644221e-01 9.712865322314050420e-01
1.850000000000000000e+02 9.998789256198346020e-01 9.720744661157023625e-01
1.900000000000000000e+02 9.983387900826447003e-01 9.745141322314049281e-01
1.950000000000000000e+02 9.992023404958679800e-01 9.751055471074380199e-01
2.000000000000000000e+02 9.984495768595040843e-01 9.725380396694213170e-01
2.050000000000000000e+02 9.992959900826446917e-01 9.756800495867767875e-01
2.100000000000000000e+02 9.981518578512396100e-01 9.770187966942147639e-01
2.150000000000000000e+02 9.976898578512397586e-01 9.754951272727272471e-01
2.200000000000000000e+02 9.999447239669422283e-01 9.750621586776858640e-01
2.250000000000000000e+02 9.994437388429752156e-01 9.789059107438017326e-01
2.300000000000000000e+02 9.984503966942147590e-01 9.777217057851238513e-01
2.350000000000000000e+02 9.973197024793387655e-01 9.797188396694214152e-01
2.400000000000000000e+02 9.986993322314049459e-01 9.771690776859504046e-01
2.450000000000000000e+02 9.974504495867769771e-01 9.769507107438016869e-01
2.500000000000000000e+02 9.977451603305785843e-01 9.803490214876033892e-01
2.550000000000000000e+02 9.978500396694215402e-01 9.792722247933884905e-01
2.600000000000000000e+02 9.993539537190081479e-01 9.778584892561983377e-01
2.650000000000000000e+02 9.977276264462811017e-01 9.784150578512396113e-01
2.700000000000000000e+02 9.993455041322315546e-01 9.792733586776858346e-01
2.750000000000000000e+02 9.990926314049586310e-01 9.810673719008263793e-01
2.800000000000000000e+02 9.983632363636362195e-01 9.800032793388429031e-01
2.850000000000000000e+02 9.985968066115702424e-01 9.795999107438018161e-01
2.900000000000000000e+02 9.992201223140494415e-01 9.821817619834710689e-01
2.950000000000000000e+02 9.992774942148761053e-01 9.803478413223141175e-01
3.000000000000000000e+02 9.979774082644630173e-01 9.805811867768594592e-01
3.050000000000000000e+02 9.991533983471073688e-01 9.840177057851239306e-01
3.100000000000000000e+02 9.986203933884295614e-01 9.831592165289254615e-01
3.150000000000000000e+02 1.000609854545454480e+00 9.838569057851239696e-01
3.200000000000000000e+02 9.990571404958676904e-01 9.844830314049588527e-01
3.250000000000000000e+02 9.993070446280991614e-01 9.846478876033059047e-01
3.300000000000000000e+02 9.966116793388429818e-01 9.848270578512396956e-01
3.350000000000000000e+02 9.986294082644627812e-01 9.854846082644627137e-01
3.400000000000000000e+02 9.993878578512396249e-01 9.853161289256199273e-01
3.450000000000000000e+02 1.000442849586776983e+00 9.846200495867767355e-01
3.500000000000000000e+02 1.000396145454545582e+00 9.851614280991736194e-01
3.550000000000000000e+02 9.985247999999999902e-01 9.858657487603306180e-01
3.600000000000000000e+02 9.987642578512396785e-01 9.857278016528925324e-01
3.650000000000000000e+02 9.977392330578511714e-01 9.854488132231405961e-01
3.700000000000000000e+02 9.972084363636364301e-01 9.858870214876033211e-01
3.750000000000000000e+02 1.000241302479338845e+00 9.885967636363636180e-01
3.800000000000000000e+02 1.002309728925619758e+00 9.881531107438016326e-01
3.850000000000000000e+02 1.000188631404958617e+00 9.881659107438014455e-01
3.900000000000000000e+02 9.986446314049587381e-01 9.882370181818181942e-01
3.950000000000000000e+02 9.994837719008264898e-01 9.870060561983470260e-01
4.000000000000000000e+02 9.987245752066116200e-01 9.871636528925620269e-01
4.050000000000000000e+02 9.993304661157026425e-01 9.893150710743799925e-01
4.100000000000000000e+02 9.997140264462809345e-01 9.906309157024791867e-01
4.150000000000000000e+02 9.986857685950412122e-01 9.881373024793388415e-01
4.200000000000000000e+02 9.988034975206609989e-01 9.884317487603306862e-01
4.250000000000000000e+02 1.000219428099173635e+00 9.910086512396694136e-01
4.300000000000000000e+02 9.981642247933886214e-01 9.901770545454546824e-01
4.350000000000000000e+02 9.998239735537189921e-01 9.882692297520661029e-01
4.400000000000000000e+02 1.000070208264463023e+00 9.907065950413223021e-01
4.450000000000000000e+02 9.983805090909090296e-01 9.898217983471073733e-01
4.500000000000000000e+02 9.975169818181817138e-01 9.903820561983470716e-01
4.550000000000000000e+02 9.995910909090908181e-01 9.890966512396694998e-01
4.600000000000000000e+02 9.989881057851238699e-01 9.902477123966942907e-01
4.650000000000000000e+02 1.000166224793388681e+00 9.914659867768594870e-01
4.700000000000000000e+02 1.001643057851239638e+00 9.910550876033056289e-01
4.750000000000000000e+02 1.000565378512396686e+00 9.904333123966940766e-01
4.800000000000000000e+02 9.974823305785122107e-01 9.924809553719006194e-01
4.850000000000000000e+02 9.998000793388429619e-01 9.925171570247932618e-01
4.900000000000000000e+02 9.999034545454543732e-01 9.914268066115703437e-01
4.950000000000000000e+02 9.978201388429750462e-01 9.926031999999999078e-01
5.000000000000000000e+02 9.991327239669420823e-01 9.921533586776860592e-01
5.050000000000000000e+02 1.001043008264462797e+00 9.942900561983470942e-01
5.100000000000000000e+02 1.000805847933884385e+00 9.939835768595040033e-01
5.150000000000000000e+02 9.995943801652892313e-01 9.933363768595041554e-01
5.200000000000000000e+02 1.000053246280991681e+00 9.936656991735537403e-01
5.250000000000000000e+02 9.980909123966942298e-01 9.936345223140495841e-01
5.300000000000000000e+02 9.996512330578513073e-01 9.931463140495868647e-01
5.350000000000000000e+02 9.999212958677684560e-01 9.932527206611571069e-01
5.400000000000000000e+02 1.000323590082644598e+00 9.942600826446282847e-01
5.450000000000000000e+02 9.986160330578514044e-01 9.929114314049586332e-01
5.500000000000000000e+02 9.979510479338842277e-01 9.940970578512395850e-01
5.550000000000000000e+02 1.001112912396694199e+00 9.930044132231404808e-01
5.600000000000000000e+02 9.981756429752065563e-01 9.940275272727271405e-01
5.650000000000000000e+02 9.986805652892563057e-01 9.938305785123967562e-01
5.700000000000000000e+02 1.000344555371900812e+00 9.930697289256198435e-01
5.750000000000000000e+02 1.001570489256198293e+00 9.940494710743801310e-01
5.800000000000000000e+02 1.000288393388429453e+00 9.936240099173552220e-01
5.850000000000000000e+02 1.000528595041322300e+00 9.943945685950413838e-01
5.900000000000000000e+02 9.997912925619836244e-01 9.943252297520659422e-01
5.950000000000000000e+02 9.995106842975205463e-01 9.938322016528925440e-01
6.000000000000000000e+02 1.000568945454545444e+00 9.940825619834710025e-01
6.050000000000000000e+02 1.000003838016529034e+00 9.948801190082644519e-01
6.100000000000000000e+02 1.000525454545454718e+00 9.923126049586776798e-01
6.150000000000000000e+02 9.996321884297520999e-01 9.951708826446280520e-01
6.200000000000000000e+02 9.993154743801653250e-01 9.933095636363635794e-01
6.250000000000000000e+02 9.991312826446281381e-01 9.974386049586776437e-01
6.300000000000000000e+02 1.000741484297520634e+00 9.934366512396695104e-01
6.350000000000000000e+02 9.986583438016530812e-01 9.956029553719009106e-01
6.400000000000000000e+02 9.986449256198346447e-01 9.960567008264462618e-01
6.450000000000000000e+02 9.991693355371902285e-01 9.963108561983471390e-01
6.500000000000000000e+02 1.000443821487603469e+00 9.942542247933884303e-01
6.550000000000000000e+02 9.994827471074382297e-01 9.955540132231405215e-01
6.600000000000000000e+02 1.000297871074379952e+00 9.923632892561983221e-01
6.650000000000000000e+02 9.995301157024792937e-01 9.966200826446280914e-01
6.700000000000000000e+02 9.985055999999998821e-01 9.942985190082644920e-01
6.750000000000000000e+02 1.000843328925620002e+00 9.927853917355371483e-01
6.800000000000000000e+02 1.001365203305784934e+00 9.957134479338842770e-01
6.850000000000000000e+02 1.000599712396694319e+00 9.958884033057850971e-01
6.900000000000000000e+02 9.983377322314049840e-01 9.938215438016528847e-01
6.950000000000000000e+02 1.001457368595041419e+00 9.943266512396695678e-01
7.000000000000000000e+02 9.997977388429752921e-01 9.956833586776859812e-01
7.050000000000000000e+02 9.992412264462808835e-01 9.946790049586777815e-01
7.100000000000000000e+02 9.988146776859505582e-01 9.952227008264461494e-01
7.150000000000000000e+02 1.000288089256198276e+00 9.967225685950411584e-01
7.200000000000000000e+02 9.988733454545455359e-01 9.959477884297520678e-01
7.250000000000000000e+02 9.999856892561984623e-01 9.956229487603305284e-01
7.300000000000000000e+02 9.984674942148762389e-01 9.947658347107438681e-01
7.350000000000000000e+02 9.998913752066116434e-01 9.948340561983470831e-01
7.400000000000000000e+02 1.000652267768594950e+00 9.957155438016528359e-01
7.450000000000000000e+02 1.001905457851239856e+00 9.940297818181818013e-01
7.500000000000000000e+02 1.000653993388429752e+00 9.951459867768595036e-01
7.550000000000000000e+02 1.000186561983471112e+00 9.950416165289256432e-01
7.600000000000000000e+02 1.000952099173553655e+00 9.973885190082644181e-01
7.650000000000000000e+02 9.994221652892563146e-01 9.949448727272727222e-01
7.700000000000000000e+02 9.999066247933885432e-01 9.957601619834710593e-01
7.750000000000000000e+02 1.001481305785123954e+00 9.960829487603305443e-01
7.800000000000000000e+02 1.001413487603305841e+00 9.970742809917355620e-01
7.850000000000000000e+02 9.993090776859503421e-01 9.940705157024793959e-01
7.900000000000000000e+02 1.001498019834710762e+00 9.952077223140495255e-01
7.950000000000000000e+02 1.000227573553719163e+00 9.967880892561982176e-01
8.000000000000000000e+02 1.001238687603305921e+00 9.982162776859503373e-01
8.050000000000000000e+02 1.001139884297520544e+00 9.960464198347107612e-01
8.100000000000000000e+02 9.991357917355372376e-01 9.959568991735539001e-01
8.150000000000000000e+02 9.993927537190081534e-01 9.958585190082642757e-01
8.200000000000000000e+02 9.987928694214875946e-01 9.962513388429752315e-01
8.250000000000000000e+02 1.001694052892561970e+00 9.969076297520660379e-01
8.300000000000000000e+02 9.997201223140497195e-01 9.948941752066117195e-01
8.350000000000000000e+02 1.000519960330578551e+00 9.975923404958677576e-01
8.400000000000000000e+02 9.985672429752068258e-01 9.958952859504132116e-01
8.450000000000000000e+02 9.995665586776858458e-01 9.968057421487603875e-01
8.500000000000000000e+02 9.985976595041321513e-01 9.941098611570247101e-01
8.550000000000000000e+02 1.000454119008264531e+00 9.953509355371901179e-01
8.600000000000000000e+02 1.000581137190082792e+00 9.971591537190083177e-01
8.650000000000000000e+02 1.000037391735536962e+00 9.974183669421486931e-01
8.700000000000000000e+02 9.996105123966942951e-01 9.972271504132230735e-01
8.750000000000000000e+02 1.000379302479338595e+00 9.964161851239667911e-01
8.800000000000000000e+02 9.998111834710743384e-01 9.960218809917356086e-01
8.850000000000000000e+02 1.000074512396694093e+00 9.959854578512397083e-01
8.900000000000000000e+02 1.000207897520661415e+00 9.970767933884296941e-01
8.950000000000000000e+02 1.001272806611570143e+00 9.971402975206611341e-01
9.000000000000000000e+02 1.000490790082644521e+00 9.964184462809917431e-01
9.050000000000000000e+02 9.987646611570248911e-01 9.973535438016527532e-01
9.100000000000000000e+02 9.997497851239668387e-01 9.984890082644628517e-01
9.150000000000000000e+02 1.000160023140495902e+00 9.950939107438016018e-01
9.200000000000000000e+02 1.000684859504132218e+00 9.967075933884297356e-01
9.250000000000000000e+02 9.995811867768594761e-01 9.963679768595040676e-01
9.300000000000000000e+02 1.001478145454545388e+00 9.947325818181818047e-01
9.350000000000000000e+02 1.000848816528925544e+00 9.961501983471074961e-01
9.400000000000000000e+02 1.000123424793388560e+00 9.960127636363637071e-01
9.450000000000000000e+02 1.000177315702479364e+00 9.962171702479338808e-01
9.500000000000000000e+02 9.991599404958678710e-01 9.960347404958677098e-01
9.550000000000000000e+02 1.002144915702479322e+00 9.969215140495867322e-01
9.600000000000000000e+02 9.996363603305784551e-01 9.988305223140494515e-01
9.650000000000000000e+02 1.001294588429751942e+00 9.966944495867767762e-01
9.700000000000000000e+02 1.000162677685950241e+00 9.968417057851240992e-01
9.750000000000000000e+02 1.000420429752066021e+00 9.967880099173556108e-01
9.800000000000000000e+02 1.000854489256198354e+00 9.981765818181816963e-01
9.850000000000000000e+02 1.000096138842974991e+00 9.959673851239669862e-01
9.900000000000000000e+02 1.000267523966942296e+00 9.955510876033057954e-01
9.950000000000000000e+02 1.000303871074379902e+00 9.976670611570248592e-01
