0.000000000000000000e+00 4.636363636363637075e-02 4.636363636363637075e-02
5.000000000000000000e+00 9.913560958677687385e-01 9.238720099173554079e-01
1.000000000000000000e+01 9.935257157024792729e-01 9.358254710743801885e-01
1.500000000000000000e+01 9.942069752066116095e-01 9.381539140495867013e-01
2.000000000000000000e+01 9.944042247933884138e-01 9.398064628099174200e-01
2.500000000000000000e+01 9.963544495867766582e-01 9.445504099173552826e-01
3.000000000000000000e+01 9.946161024793387373e-01 9.466909520661157540e-01
3.500000000000000000e+01 9.952704628099173778e-01 9.467374545454545487e-01
4.000000000000000000e+01 9.951070314049588195e-01 9.495952099173553540e-01
4.500000000000000000e+01 9.959444330578511861e-01 9.496400528925619255e-01
5.000000000000000000e+01 9.966846049586777223e-01 9.521503471074380665e-01
5.500000000000000000e+01 9.946055966942148885e-01 9.535601355371902121e-01
6.000000000000000000e+01 9.946083669421488249e-01 9.535268826446280377e-01
6.500000000000000000e+01 9.976754280991734225e-01 9.553541983471074417e-01
7.000000000000000000e+01 9.944878545454545193e-01 9.563981223140494148e-01
7.500000000000000000e+01 9.950969586776861053e-01 9.585947801652892064e-01
8.000000000000000000e+01 9.959983041322313380e-01 9.567671338842973494e-01
8.500000000000000000e+01 9.977490413223140120e-01 9.610752132231403788e-01
9.000000000000000000e+01 9.973278776859503258e-01 9.611736396694213758e-01
9.500000000000000000e+01 9.956446545454546992e-01 9.595992066115701657e-01
1.000000000000000000e+02 9.969052033057851370e-01 9.620994181818181001e-01
1.050000000000000000e+02 9.968577586776860011e-01 9.643468859504131796e-01
1.100000000000000000e+02 9.968774611570248023e-01 9.640425685950413381e-01
1.150000000000000000e+02 9.964630776859504380e-01 9.642414743801653865e-01
1.200000000000000000e+02 9.961857322314047192e-01 9.653682280991736642e-01
1.250000000000000000e+02 9.956663669421486063e-01 9.658940661157024987e-01
1.300000000000000000e+02 9.967453685950411479e-01 9.682609619834712245e-01
1.350000000000000000e+02 9.950527570247931219e-01 9.666616991735536013e-01
1.400000000000000000e+02 9.959862115702480256e-01 9.659491074380165410e-01
1.450000000000000000e+02 9.973156628099173471e-01 9.686227504132229882e-01
1.500000000000000000e+02 9.976371570247934972e-01 9.698480000000000434e-01
1.550000000000000000e+02 9.971393983471074085e-01 9.681401090909089735e-01
1.600000000000000000e+02 9.972840462809917650e-01 9.699410115702480351e-01
1.650000000000000000e+02 9.978057520661156587e-01 9.712094082644628923e-01
1.700000000000000000e+02 9.980680661157025346e-01 9.712761289256197639e-01
1.750000000000000000e+02 9.976923900826445424e-01 9.735403834710742998e-01
1.800000000000000000e+02 9.983735371900828159e-01 9.712865322314050420e-01
1.850000000000000000e+02 9.991090876033057455e-01 9.720744661157023625e-01
1.900000000000000000e+02 9.974020297520660439e-01 9.745141322314049281e-01
1.950000000000000000e+02 9.969836595041323690e-01 9.751055471074380199e-01
2.000000000000000000e+02 9.993986942148760377e-01 9.725380396694213170e-01
2.050000000000000000e+02 9.995600033057850942e-01 9.756800495867767875e-01
2.100000000000000000e+02 9.984642644628101138e-01 9.770187966942147639e-01
2.150000000000000000e+02 9.980637520661156392e-01 9.754951272727272471e-01
2.200000000000000000e+02 9.984416859504131603e-01 9.750621586776858640e-01
2.250000000000000000e+02 9.973636826446281578e-01 9.789059107438017326e-01
2.300000000000000000e+02 9.972727338842976019e-01 9.777217057851238513e-01
2.350000000000000000e+02 9.983263966942148571e-01 9.797188396694214152e-01
2.400000000000000000e+02 9.992504429752064876e-01 9.771690776859504046e-01
2.450000000000000000e+02 9.978787603305784293e-01 9.769507107438016869e-01
2.500000000000000000e+02 9.994646677685949943e-01 9.803490214876033892e-01
2.550000000000000000e+02 9.982344925619834886e-01 9.792722247933884905e-01
2.600000000000000000e+02 9.981286016528925220e-01 9.778584892561983377e-01
2.650000000000000000e+02 9.972809289256197030e-01 9.784150578512396113e-01
2.700000000000000000e+02 9.982824958677685157e-01 9.792733586776858346e-01
2.750000000000000000e+02 9.971158975206610986e-01 9.810673719008263793e-01
2.800000000000000000e+02 9.982274413223141130e-01 9.800032793388429031e-01
2.850000000000000000e+02 9.979042842975205385e-01 9.795999107438018161e-01
2.900000000000000000e+02 9.992651999999999646e-01 9.821817619834710689e-01
2.950000000000000000e+02 9.976136297520661333e-01 9.803478413223141175e-01
3.000000000000000000e+02 9.984383140495868281e-01 9.805811867768594592e-01
3.050000000000000000e+02 9.987979735537191317e-01 9.840177057851239306e-01
3.100000000000000000e+02 9.993469454545454989e-01 9.831592165289254615e-01
3.150000000000000000e+02 9.993085157024793608e-01 9.838569057851239696e-01
3.200000000000000000e+02 9.989875999999998646e-01 9.844830314049588527e-01
3.250000000000000000e+02 9.975340099173551911e-01 9.846478876033059047e-01
3.300000000000000000e+02 9.986499966942148365e-01 9.848270578512396956e-01
3.350000000000000000e+02 9.966423272727272797e-01 9.854846082644627137e-01
3.400000000000000000e+02 9.971787504132232360e-01 9.853161289256199273e-01
3.450000000000000000e+02 9.991891338842974202e-01 9.846200495867767355e-01
3.500000000000000000e+02 9.999669818181817771e-01 9.851614280991736194e-01
3.550000000000000000e+02 9.997340595041320777e-01 9.858657487603306180e-01
3.600000000000000000e+02 9.989653685950413697e-01 9.857278016528925324e-01
3.650000000000000000e+02 9.986720628099174935e-01 9.854488132231405961e-01
3.700000000000000000e+02 9.989079933884298379e-01 9.858870214876033211e-01
3.750000000000000000e+02 9.980033123966940423e-01 9.885967636363636180e-01
3.800000000000000000e+02 9.989043074380165033e-01 9.881531107438016326e-01
3.850000000000000000e+02 1.000215120661156920e+00 9.881659107438014455e-01
3.900000000000000000e+02 9.998237487603305329e-01 9.882370181818181942e-01
3.950000000000000000e+02 9.999692826446281435e-01 9.870060561983470260e-01
4.000000000000000000e+02 9.998806743801653685e-01 9.871636528925620269e-01
4.050000000000000000e+02 1.000301431404958752e+00 9.893150710743799925e-01
4.100000000000000000e+02 1.000075685950413185e+00 9.906309157024791867e-01
4.150000000000000000e+02 9.977958446280992266e-01 9.881373024793388415e-01
4.200000000000000000e+02 9.984057586776859949e-01 9.884317487603306862e-01
4.250000000000000000e+02 9.985183438016529411e-01 9.910086512396694136e-01
4.300000000000000000e+02 9.997763173553717575e-01 9.901770545454546824e-01
4.350000000000000000e+02 1.002271447933884119e+00 9.882692297520661029e-01
4.400000000000000000e+02 1.000485669421487644e+00 9.907065950413223021e-01
4.450000000000000000e+02 9.981681057851240491e-01 9.898217983471073733e-01
4.500000000000000000e+02 9.986563801652893479e-01 9.903820561983470716e-01
4.550000000000000000e+02 9.991653917355372005e-01 9.890966512396694998e-01
4.600000000000000000e+02 9.985676958677686121e-01 9.902477123966942907e-01
4.650000000000000000e+02 9.994766809917356998e-01 9.914659867768594870e-01
4.700000000000000000e+02 1.000587586776859661e+00 9.910550876033056289e-01
4.750000000000000000e+02 9.985771041322314412e-01 9.904333123966940766e-01
4.800000000000000000e+02 1.000100476033057628e+00 9.924809553719006194e-01
4.850000000000000000e+02 9.994696793388427869e-01 9.925171570247932618e-01
4.900000000000000000e+02 9.996585785123967005e-01 9.914268066115703437e-01
4.950000000000000000e+02 9.996028363636362268e-01 9.926031999999999078e-01
5.000000000000000000e+02 1.000067031404958673e+00 9.921533586776860592e-01
5.050000000000000000e+02 1.000301626446281178e+00 9.942900561983470942e-01
5.100000000000000000e+02 1.000849143801652907e+00 9.939835768595040033e-01
5.150000000000000000e+02 1.000222323966942106e+00 9.933363768595041554e-01
5.200000000000000000e+02 9.981849157024793584e-01 9.936656991735537403e-01
5.250000000000000000e+02 9.983745190082643495e-01 9.936345223140495841e-01
5.300000000000000000e+02 9.989468363636362369e-01 9.931463140495868647e-01
5.350000000000000000e+02 1.000561259504132217e+00 9.932527206611571069e-01
5.400000000000000000e+02 1.000384509090909146e+00 9.942600826446282847e-01
5.450000000000000000e+02 1.000773533884297573e+00 9.929114314049586332e-01
5.500000000000000000e+02 9.983322942148760148e-01 9.940970578512395850e-01
5.550000000000000000e+02 9.994316925619834979e-01 9.930044132231404808e-01
5.600000000000000000e+02 9.982310247933885439e-01 9.940275272727271405e-01
5.650000000000000000e+02 9.998144099173554844e-01 9.938305785123967562e-01
5.700000000000000000e+02 9.982525256198346852e-01 9.930697289256198435e-01
5.750000000000000000e+02 1.001517395041322311e+00 9.940494710743801310e-01
5.800000000000000000e+02 9.992131272727270419e-01 9.936240099173552220e-01
5.850000000000000000e+02 1.000922383471074317e+00 9.943945685950413838e-01
5.900000000000000000e+02 1.000141305785124057e+00 9.943252297520659422e-01
5.950000000000000000e+02 9.974887603305786499e-01 9.938322016528925440e-01
6.000000000000000000e+02 9.984139173553717717e-01 9.940825619834710025e-01
6.050000000000000000e+02 9.987941322314048964e-01 9.948801190082644519e-01
6.100000000000000000e+02 9.989534644628099702e-01 9.923126049586776798e-01
6.150000000000000000e+02 1.000396714049586633e+00 9.951708826446280520e-01
6.200000000000000000e+02 9.985579438016529696e-01 9.933095636363635794e-01
6.250000000000000000e+02 9.997020760330579403e-01 9.974386049586776437e-01
6.300000000000000000e+02 9.997520495867767698e-01 9.934366512396695104e-01
6.350000000000000000e+02 9.987970975206609259e-01 9.956029553719009106e-01
6.400000000000000000e+02 9.992194743801651180e-01 9.960567008264462618e-01
6.450000000000000000e+02 9.980224198347109610e-01 9.963108561983471390e-01
6.500000000000000000e+02 9.989730677685951798e-01 9.942542247933884303e-01
6.550000000000000000e+02 9.998886247933885807e-01 9.955540132231405215e-01
6.600000000000000000e+02 1.000958267768595089e+00 9.923632892561983221e-01
6.650000000000000000e+02 9.989948495867768674e-01 9.966200826446280914e-01
6.700000000000000000e+02 9.993675966942149325e-01 9.942985190082644920e-01
6.750000000000000000e+02 1.000262740495867941e+00 9.927853917355371483e-01
6.800000000000000000e+02 9.979825586776860380e-01 9.957134479338842770e-01
6.850000000000000000e+02 9.998759966942145638e-01 9.958884033057850971e-01
6.900000000000000000e+02 9.989721752066117455e-01 9.938215438016528847e-01
6.950000000000000000e+02 1.000147722314049581e+00 9.943266512396695678e-01
7.000000000000000000e+02 1.000230122314049730e+00 9.956833586776859812e-01
7.050000000000000000e+02 9.978888099173554016e-01 9.946790049586777815e-01
7.100000000000000000e+02 9.976103933884296060e-01 9.952227008264461494e-01
7.150000000000000000e+02 1.000220965289256192e+00 9.967225685950411584e-01
7.200000000000000000e+02 9.989526677685951483e-01 9.959477884297520678e-01
7.250000000000000000e+02 1.000225127272727166e+00 9.956229487603305284e-01
7.300000000000000000e+02 9.974094347107438363e-01 9.947658347107438681e-01
7.350000000000000000e+02 9.988103008264463956e-01 9.948340561983470831e-01
7.400000000000000000e+02 9.994604462809917322e-01 9.957155438016528359e-01
7.450000000000000000e+02 1.000603057851239708e+00 9.940297818181818013e-01
7.500000000000000000e+02 1.000097920661157103e+00 9.951459867768595036e-01
7.550000000000000000e+02 1.000372634710744002e+00 9.950416165289256432e-01
7.600000000000000000e+02 9.996196892561982628e-01 9.973885190082644181e-01
7.650000000000000000e+02 1.000724846280991454e+00 9.949448727272727222e-01
7.700000000000000000e+02 1.000243904132231298e+00 9.957601619834710593e-01
7.750000000000000000e+02 9.993596231404957564e-01 9.960829487603305443e-01
7.800000000000000000e+02 9.987167966942148700e-01 9.970742809917355620e-01
7.850000000000000000e+02 1.001213514049586584e+00 9.940705157024793959e-01
7.900000000000000000e+02 1.000341328925619777e+00 9.952077223140495255e-01
7.950000000000000000e+02 9.996499305785123690e-01 9.967880892561982176e-01
8.000000000000000000e+02 9.999247008264463554e-01 9.982162776859503373e-01
8.050000000000000000e+02 1.001031947107437814e+00 9.960464198347107612e-01
8.100000000000000000e+02 1.000562667768595038e+00 9.959568991735539001e-01
8.150000000000000000e+02 1.000980323966941921e+00 9.958585190082642757e-01
8.200000000000000000e+02 9.993434413223140078e-01 9.962513388429752315e-01
8.250000000000000000e+02 1.000592575206611379e+00 9.969076297520660379e-01
8.300000000000000000e+02 9.991812033057850817e-01 9.948941752066117195e-01
8.350000000000000000e+02 9.996250347107435985e-01 9.975923404958677576e-01
8.400000000000000000e+02 9.986842314049585445e-01 9.958952859504132116e-01
8.450000000000000000e+02 9.996255206611570632e-01 9.968057421487603875e-01
8.500000000000000000e+02 1.000453738842975060e+00 9.941098611570247101e-01
8.550000000000000000e+02 9.988422148760329744e-01 9.953509355371901179e-01
8.600000000000000000e+02 1.001278995041322339e+00 9.971591537190083177e-01
8.650000000000000000e+02 9.997244132231406510e-01 9.974183669421486931e-01
8.700000000000000000e+02 1.001344750413223128e+00 9.972271504132230735e-01
8.750000000000000000e+02 9.978253454545453760e-01 9.964161851239667911e-01
8.800000000000000000e+02 1.001616423140495815e+00 9.960218809917356086e-01
8.850000000000000000e+02 1.000735732231404995e+00 9.959854578512397083e-01
8.900000000000000000e+02 9.984505917355372961e-01 9.970767933884296941e-01
8.950000000000000000e+02 1.001043659504132322e+00 9.971402975206611341e-01
9.000000000000000000e+02 9.996430743801653085e-01 9.964184462809917431e-01
9.050000000000000000e+02 9.990113388429751051e-01 9.973535438016527532e-01
9.100000000000000000e+02 1.000530948760330663e+00 9.984890082644628517e-01
9.150000000000000000e+02 1.000394284297520642e+00 9.950939107438016018e-01
9.200000000000000000e+02 1.000179249586776731e+00 9.967075933884297356e-01
9.250000000000000000e+02 9.988316760330577804e-01 9.963679768595040676e-01
9.300000000000000000e+02 9.997624429752066666e-01 9.947325818181818047e-01
9.350000000000000000e+02 1.000649395041322220e+00 9.961501983471074961e-01
9.400000000000000000e+02 9.988533157024791498e-01 9.960127636363637071e-01
9.450000000000000000e+02 1.001036571900826289e+00 9.962171702479338808e-01
9.500000000000000000e+02 1.000542647933884144e+00 9.960347404958677098e-01
9.550000000000000000e+02 1.002114657851239654e+00 9.969215140495867322e-01
9.600000000000000000e+02 9.991523933884298714e-01 9.988305223140494515e-01
9.650000000000000000e+02 9.990415933884297939e-01 9.966944495867767762e-01
9.700000000000000000e+02 9.995501190082644039e-01 9.968417057851240992e-01
9.750000000000000000e+02 9.999814776859503596e-01 9.967880099173556108e-01
9.800000000000000000e+02 1.001255262809917168e+00 9.981765818181816963e-01
9.850000000000000000e+02 1.000083867768595036e+00 9.959673851239669862e-01
9.900000000000000000e+02 1.000488852892561953e+00 9.955510876033057954e-01
9.950000000000000000e+02 9.984464066115702474e-01 9.976670611570248592e-01
