0.000000000000000000e+00 4.636363636363637075e-02 4.636363636363637075e-02
5.000000000000000000e+00 9.915112925619835593e-01 9.238720099173554079e-01
1.000000000000000000e+01 9.921351900826446135e-01 9.358254710743801885e-01
1.500000000000000000e+01 9.907833256198346206e-01 9.381539140495867013e-01
2.000000000000000000e+01 9.925603768595042675e-01 9.398064628099174200e-01
2.500000000000000000e+01 9.935969289256199044e-01 9.445504099173552826e-01
3.000000000000000000e+01 9.952838512396693371e-01 9.466909520661157540e-01
3.500000000000000000e+01 9.935608495867768175e-01 9.467374545454545487e-01
4.000000000000000000e+01 9.939706413223140524e-01 9.495952099173553540e-01
4.500000000000000000e+01 9.941558380165288478e-01 9.496400528925619255e-01
5.000000000000000000e+01 9.939625752066115760e-01 9.521503471074380665e-01
5.500000000000000000e+01 9.947947933884296878e-01 9.535601355371902121e-01
6.000000000000000000e+01 9.939795900826446928e-01 9.535268826446280377e-01
6.500000000000000000e+01 9.953168694214877821e-01 9.553541983471074417e-01
7.000000000000000000e+01 9.971481520661157338e-01 9.563981223140494148e-01
7.500000000000000000e+01 9.959701553719007006e-01 9.585947801652892064e-01
8.000000000000000000e+01 9.961629024793389187e-01 9.567671338842973494e-01
8.500000000000000000e+01 9.961142280991734932e-01 9.610752132231403788e-01
9.000000000000000000e+01 9.972399867768594328e-01 9.611736396694213758e-01
9.500000000000000000e+01 9.931095867768593433e-01 9.595992066115701657e-01
1.000000000000000000e+02 9.963174280991735632e-01 9.620994181818181001e-01
1.050000000000000000e+02 9.968190710743799476e-01 9.643468859504131796e-01
1.100000000000000000e+02 9.971814942148761185e-01 9.640425685950413381e-01
1.150000000000000000e+02 9.974111834710743807e-01 9.642414743801653865e-01
1.200000000000000000e+02 9.986646380165288273e-01 9.653682280991736642e-01
1.250000000000000000e+02 9.979758314049587131e-01 9.658940661157024987e-01
1.300000000000000000e+02 9.975956066115700960e-01 9.682609619834712245e-01
1.350000000000000000e+02 9.962957157024792121e-01 9.666616991735536013e-01
1.400000000000000000e+02 9.982673223140496876e-01 9.659491074380165410e-01
1.450000000000000000e+02 9.978193157024790594e-01 9.686227504132229882e-01
1.500000000000000000e+02 9.984850314049585895e-01 9.698480000000000434e-01
1.550000000000000000e+02 9.972961818181816929e-01 9.681401090909089735e-01
1.600000000000000000e+02 9.982042975206610880e-01 9.699410115702480351e-01
1.650000000000000000e+02 9.979772694214876783e-01 9.712094082644628923e-01
1.700000000000000000e+02 9.959527438016527734e-01 9.712761289256197639e-01
1.750000000000000000e+02 9.965403570247932663e-01 9.735403834710742998e-01
1.800000000000000000e+02 9.966275371900825686e-01 9.712865322314050420e-01
1.850000000000000000e+02 9.994513057851239779e-01 9.720744661157023625e-01
1.900000000000000000e+02 9.984806082644628322e-01 9.745141322314049281e-01
1.950000000000000000e+02 9.961043570247932744e-01 9.751055471074380199e-01
2.000000000000000000e+02 9.996115471074379366e-01 9.725380396694213170e-01
2.050000000000000000e+02 9.983706545454544834e-01 9.756800495867767875e-01
2.100000000000000000e+02 9.986885057851239145e-01 9.770187966942147639e-01
2.150000000000000000e+02 9.979798082644629753e-01 9.754951272727272471e-01
2.200000000000000000e+02 9.978468826446281748e-01 9.750621586776858640e-01
2.250000000000000000e+02 1.000890416528925631e+00 9.789059107438017326e-01
2.300000000000000000e+02 9.988317520661155191e-01 9.777217057851238513e-01
2.350000000000000000e+02 9.963854975206609677e-01 9.797188396694214152e-01
2.400000000000000000e+02 9.982620231404959465e-01 9.771690776859504046e-01
2.450000000000000000e+02 9.975418413223140490e-01 9.769507107438016869e-01
2.500000000000000000e+02 9.977514314049586996e-01 9.803490214876033892e-01
2.550000000000000000e+02 9.979450545454543464e-01 9.792722247933884905e-01
2.600000000000000000e+02 9.975216231404960832e-01 9.778584892561983377e-01
2.650000000000000000e+02 9.974853223140496272e-01 9.784150578512396113e-01
2.700000000000000000e+02 1.000445659504132445e+00 9.792733586776858346e-01
2.750000000000000000e+02 9.975194446280990501e-01 9.810673719008263793e-01
2.800000000000000000e+02 9.978117157024792849e-01 9.800032793388429031e-01
2.850000000000000000e+02 9.990541983471075138e-01 9.795999107438018161e-01
2.900000000000000000e+02 9.976048462809916639e-01 9.821817619834710689e-01
2.950000000000000000e+02 9.990201917355372441e-01 9.803478413223141175e-01
3.000000000000000000e+02 9.965330776859506745e-01 9.805811867768594592e-01
3.050000000000000000e+02 9.983730677685949129e-01 9.840177057851239306e-01
3.100000000000000000e+02 9.987804991735537152e-01 9.831592165289254615e-01
3.150000000000000000e+02 9.997366776859504256e-01 9.838569057851239696e-01
3.200000000000000000e+02 9.984026247933883713e-01 9.844830314049588527e-01
3.250000000000000000e+02 1.000367880991735570e+00 9.846478876033059047e-01
3.300000000000000000e+02 9.974070314049587882e-01 9.848270578512396956e-01
3.350000000000000000e+02 9.973232099173552356e-01 9.854846082644627137e-01
3.400000000000000000e+02 9.965199933884297812e-01 9.853161289256199273e-01
3.450000000000000000e+02 9.997260231404958564e-01 9.846200495867767355e-01
3.500000000000000000e+02 9.957127041322314520e-01 9.851614280991736194e-01
3.550000000000000000e+02 9.974319801652893336e-01 9.858657487603306180e-01
3.600000000000000000e+02 9.985208066115702774e-01 9.857278016528925324e-01
3.650000000000000000e+02 9.979989090909091587e-01 9.854488132231405961e-01
3.700000000000000000e+02 1.000251656198347217e+00 9.858870214876033211e-01
3.750000000000000000e+02 9.988463107438017019e-01 9.885967636363636180e-01
3.800000000000000000e+02 9.991746512396693092e-01 9.881531107438016326e-01
3.850000000000000000e+02 9.977481322314047940e-01 9.881659107438014455e-01
3.900000000000000000e+02 9.965151801652891717e-01 9.882370181818181942e-01
3.950000000000000000e+02 9.976791735537190453e-01 9.870060561983470260e-01
4.000000000000000000e+02 9.984283867768594112e-01 9.871636528925620269e-01
4.050000000000000000e+02 1.000112687603305961e+00 9.893150710743799925e-01
4.100000000000000000e+02 9.982926148760331575e-01 9.906309157024791867e-01
4.150000000000000000e+02 9.976482644628099639e-01 9.881373024793388415e-01
4.200000000000000000e+02 9.977182942148760114e-01 9.884317487603306862e-01
4.250000000000000000e+02 9.977200396694214657e-01 9.910086512396694136e-01
4.300000000000000000e+02 9.983475966942148006e-01 9.901770545454546824e-01
4.350000000000000000e+02 9.998151404958678379e-01 9.882692297520661029e-01
4.400000000000000000e+02 9.999328694214876245e-01 9.907065950413223021e-01
4.450000000000000000e+02 9.993578512396694702e-01 9.898217983471073733e-01
4.500000000000000000e+02 9.977015272727273176e-01 9.903820561983470716e-01
4.550000000000000000e+02 9.996481884297520049e-01 9.890966512396694998e-01
4.600000000000000000e+02 1.000468330578512477e+00 9.902477123966942907e-01
4.650000000000000000e+02 1.000041147107438189e+00 9.914659867768594870e-01
4.700000000000000000e+02 9.988015669421488330e-01 9.910550876033056289e-01
4.750000000000000000e+02 9.998650214876032560e-01 9.904333123966940766e-01
4.800000000000000000e+02 1.000625044628099314e+00 9.924809553719006194e-01
4.850000000000000000e+02 9.983292330578512619e-01 9.925171570247932618e-01
4.900000000000000000e+02 9.992693553719007582e-01 9.914268066115703437e-01
4.950000000000000000e+02 9.995002743801653100e-01 9.926031999999999078e-01
5.000000000000000000e+02 9.990833586776860509e-01 9.921533586776860592e-01
5.050000000000000000e+02 9.985227239669420829e-01 9.942900561983470942e-01
5.100000000000000000e+02 9.991639735537189981e-01 9.939835768595040033e-01
5.150000000000000000e+02 9.995316528925618504e-01 9.933363768595041554e-01
5.200000000000000000e+02 1.001089375206611454e+00 9.936656991735537403e-01
5.250000000000000000e+02 9.993966479338842746e-01 9.936345223140495841e-01
5.300000000000000000e+02 9.988207834710742805e-01 9.931463140495868647e-01
5.350000000000000000e+02 9.993761157024794173e-01 9.932527206611571069e-01
5.400000000000000000e+02 1.001046105785123874e+00 9.942600826446282847e-01
5.450000000000000000e+02 1.000838885950413149e+00 9.929114314049586332e-01
5.500000000000000000e+02 9.998037818181817471e-01 9.940970578512395850e-01
5.550000000000000000e+02 9.985609950413223412e-01 9.930044132231404808e-01
5.600000000000000000e+02 1.000035464462809998e+00 9.940275272727271405e-01
5.650000000000000000e+02 9.995063471074381312e-01 9.938305785123967562e-01
5.700000000000000000e+02 1.000800876033058007e+00 9.930697289256198435e-01
5.750000000000000000e+02 9.979617388429750102e-01 9.940494710743801310e-01
5.800000000000000000e+02 1.000261246280991889e+00 9.936240099173552220e-01
5.850000000000000000e+02 9.999720760330579328e-01 9.943945685950413838e-01
5.900000000000000000e+02 9.985391966942149811e-01 9.943252297520659422e-01
5.950000000000000000e+02 9.985228297520659657e-01 9.938322016528925440e-01
6.000000000000000000e+02 1.000301034710743942e+00 9.940825619834710025e-01
6.050000000000000000e+02 9.997367338842977347e-01 9.948801190082644519e-01
6.100000000000000000e+02 9.997155570247933110e-01 9.923126049586776798e-01
6.150000000000000000e+02 9.988975570247934366e-01 9.951708826446280520e-01
6.200000000000000000e+02 9.994542016528926709e-01 9.933095636363635794e-01
6.250000000000000000e+02 9.993455471074380592e-01 9.974386049586776437e-01
6.300000000000000000e+02 1.000289937190082412e+00 9.934366512396695104e-01
6.350000000000000000e+02 9.991636892561983618e-01 9.956029553719009106e-01
6.400000000000000000e+02 9.993260528925619335e-01 9.960567008264462618e-01
6.450000000000000000e+02 9.995017685950413622e-01 9.963108561983471390e-01
6.500000000000000000e+02 9.994408462809916127e-01 9.942542247933884303e-01
6.550000000000000000e+02 9.996288760330578338e-01 9.955540132231405215e-01
6.600000000000000000e+02 1.000770961983471263e+00 9.923632892561983221e-01
6.650000000000000000e+02 9.976420628099174071e-01 9.966200826446280914e-01
6.700000000000000000e+02 9.998434115702478087e-01 9.942985190082644920e-01
6.750000000000000000e+02 9.995340528925618084e-01 9.927853917355371483e-01
6.800000000000000000e+02 9.982208595041323074e-01 9.957134479338842770e-01
6.850000000000000000e+02 9.990710115702480243e-01 9.958884033057850971e-01
6.900000000000000000e+02 9.989130280991735944e-01 9.938215438016528847e-01
6.950000000000000000e+02 9.991798115702478222e-01 9.943266512396695678e-01
7.000000000000000000e+02 1.000051633057851275e+00 9.956833586776859812e-01
7.050000000000000000e+02 1.000575788429751700e+00 9.946790049586777815e-01
7.100000000000000000e+02 1.000055342148760129e+00 9.952227008264461494e-01
7.150000000000000000e+02 1.002296565289256147e+00 9.967225685950411584e-01
7.200000000000000000e+02 1.001589738842975086e+00 9.959477884297520678e-01
7.250000000000000000e+02 9.988960760330579669e-01 9.956229487603305284e-01
7.300000000000000000e+02 9.984786214876033572e-01 9.947658347107438681e-01
7.350000000000000000e+02 1.000627590082644680e+00 9.948340561983470831e-01
7.400000000000000000e+02 9.994180363636363529e-01 9.957155438016528359e-01
7.450000000000000000e+02 1.000307352066115874e+00 9.940297818181818013e-01
7.500000000000000000e+02 1.000944978512396721e+00 9.951459867768595036e-01
7.550000000000000000e+02 9.991393355371901430e-01 9.950416165289256432e-01
7.600000000000000000e+02 9.990221884297518784e-01 9.973885190082644181e-01
7.650000000000000000e+02 1.000209176859504057e+00 9.949448727272727222e-01
7.700000000000000000e+02 1.000994991735537187e+00 9.957601619834710593e-01
7.750000000000000000e+02 9.994316495867767713e-01 9.960829487603305443e-01
7.800000000000000000e+02 9.985934479338844927e-01 9.970742809917355620e-01
7.850000000000000000e+02 1.001110310743801746e+00 9.940705157024793959e-01
7.900000000000000000e+02 1.000794347107438087e+00 9.952077223140495255e-01
7.950000000000000000e+02 9.987747669421487284e-01 9.967880892561982176e-01
8.000000000000000000e+02 1.000760079338842923e+00 9.982162776859503373e-01
8.050000000000000000e+02 1.000117061157024700e+00 9.960464198347107612e-01
8.100000000000000000e+02 1.000331319008264330e+00 9.959568991735539001e-01
8.150000000000000000e+02 9.983626446280989830e-01 9.958585190082642757e-01
8.200000000000000000e+02 9.996135933884298108e-01 9.962513388429752315e-01
8.250000000000000000e+02 9.989051206611569977e-01 9.969076297520660379e-01
8.300000000000000000e+02 9.992962611570247455e-01 9.948941752066117195e-01
8.350000000000000000e+02 1.000098165289256213e+00 9.975923404958677576e-01
8.400000000000000000e+02 1.000581398347107465e+00 9.958952859504132116e-01
8.450000000000000000e+02 9.980966016528926010e-01 9.968057421487603875e-01
8.500000000000000000e+02 9.990424363636364324e-01 9.941098611570247101e-01
8.550000000000000000e+02 9.991027537190083629e-01 9.953509355371901179e-01
8.600000000000000000e+02 9.995513157024793482e-01 9.971591537190083177e-01
8.650000000000000000e+02 1.001805061157024834e+00 9.974183669421486931e-01
8.700000000000000000e+02 9.998117024793385932e-01 9.972271504132230735e-01
8.750000000000000000e+02 9.999375404958676938e-01 9.964161851239667911e-01
8.800000000000000000e+02 9.989107933884298074e-01 9.960218809917356086e-01
8.850000000000000000e+02 1.000677219834710696e+00 9.959854578512397083e-01
8.900000000000000000e+02 1.000957798347107630e+00 9.970767933884296941e-01
8.950000000000000000e+02 9.991933619834709734e-01 9.971402975206611341e-01
9.000000000000000000e+02 1.000979507438016558e+00 9.964184462809917431e-01
9.050000000000000000e+02 9.983151504132230514e-01 9.973535438016527532e-01
9.100000000000000000e+02 9.994825057851238759e-01 9.984890082644628517e-01
9.150000000000000000e+02 9.992658710743800299e-01 9.950939107438016018e-01
9.200000000000000000e+02 9.999979371900826752e-01 9.967075933884297356e-01
9.250000000000000000e+02 9.992073223140494065e-01 9.963679768595040676e-01
9.300000000000000000e+02 9.994156694214876291e-01 9.947325818181818047e-01
9.350000000000000000e+02 1.001984988429752033e+00 9.961501983471074961e-01
9.400000000000000000e+02 9.990718611570248431e-01 9.960127636363637071e-01
9.450000000000000000e+02 1.001462813223140458e+00 9.962171702479338808e-01
9.500000000000000000e+02 9.994625487603304714e-01 9.960347404958677098e-01
9.550000000000000000e+02 1.000670003305784928e+00 9.969215140495867322e-01
9.600000000000000000e+02 1.000101973553719104e+00 9.988305223140494515e-01
9.650000000000000000e+02 1.000182261157025021e+00 9.966944495867767762e-01
9.700000000000000000e+02 9.998464363636363483e-01 9.968417057851240992e-01
9.750000000000000000e+02 9.981236198347108735e-01 9.967880099173556108e-01
9.800000000000000000e+02 9.992622314049587340e-01 9.981765818181816963e-01
9.850000000000000000e+02 1.000121302479338725e+00 9.959673851239669862e-01
9.900000000000000000e+02 9.990159900826445227e-01 9.955510876033057954e-01
9.950000000000000000e+02 1.001630257851239714e+00 9.976670611570248592e-01
