0.000000000000000000e+00 4.636363636363637075e-02 4.636363636363637075e-02
5.000000000000000000e+00 9.768528628099174549e-01 9.238720099173554079e-01
1.000000000000000000e+01 9.835344099173554122e-01 9.358254710743801885e-01
1.500000000000000000e+01 9.842551801652892340e-01 9.381539140495867013e-01
2.000000000000000000e+01 9.845797223140495547e-01 9.398064628099174200e-01
2.500000000000000000e+01 9.844630512396694844e-01 9.445504099173552826e-01
3.000000000000000000e+01 9.870064000000000615e-01 9.466909520661157540e-01
3.500000000000000000e+01 9.916878975206611102e-01 9.467374545454545487e-01
4.000000000000000000e+01 9.889067801652892120e-01 9.495952099173553540e-01
4.500000000000000000e+01 9.889435272727273851e-01 9.496400528925619255e-01
5.000000000000000000e+01 9.890752991735537458e-01 9.521503471074380665e-01
5.500000000000000000e+01 9.913995041322314350e-01 9.535601355371902121e-01
6.000000000000000000e+01 9.914504132231405364e-01 9.535268826446280377e-01
6.500000000000000000e+01 9.927045685950413034e-01 9.553541983471074417e-01
7.000000000000000000e+01 9.908391504132229022e-01 9.563981223140494148e-01
7.500000000000000000e+01 9.919430578512395957e-01 9.585947801652892064e-01
8.000000000000000000e+01 9.937560066115702639e-01 9.567671338842973494e-01
8.500000000000000000e+01 9.926726247933883585e-01 9.610752132231403788e-01
9.000000000000000000e+01 9.904174016528927149e-01 9.611736396694213758e-01
9.500000000000000000e+01 9.935599438016528007e-01 9.595992066115701657e-01
1.000000000000000000e+02 9.929759140495868497e-01 9.620994181818181001e-01
1.050000000000000000e+02 9.939615041322313882e-01 9.643468859504131796e-01
1.100000000000000000e+02 9.922673157024790580e-01 9.640425685950413381e-01
1.150000000000000000e+02 9.948246049586776385e-01 9.642414743801653865e-01
1.200000000000000000e+02 9.929937057851241367e-01 9.653682280991736642e-01
1.250000000000000000e+02 9.911778115702478686e-01 9.658940661157024987e-01
1.300000000000000000e+02 9.937702942148760599e-01 9.682609619834712245e-01
1.350000000000000000e+02 9.955182181818180709e-01 9.666616991735536013e-01
1.400000000000000000e+02 9.946079008264462340e-01 9.659491074380165410e-01
1.450000000000000000e+02 9.932676661157024967e-01 9.686227504132229882e-01
1.500000000000000000e+02 9.958132033057852661e-01 9.698480000000000434e-01
1.550000000000000000e+02 9.959072628099174818e-01 9.681401090909089735e-01
1.600000000000000000e+02 9.954090512396694956e-01 9.699410115702480351e-01
1.650000000000000000e+02 9.936159669421487095e-01 9.712094082644628923e-01
1.700000000000000000e+02 9.936973685950413193e-01 9.712761289256197639e-01
1.750000000000000000e+02 9.970404231404959017e-01 9.735403834710742998e-01
1.800000000000000000e+02 9.958380396694215264e-01 9.712865322314050420e-01
1.850000000000000000e+02 9.960396330578513702e-01 9.720744661157023625e-01
1.900000000000000000e+02 9.959475603305785185e-01 9.745141322314049281e-01
1.950000000000000000e+02 9.963907636363635856e-01 9.751055471074380199e-01
2.000000000000000000e+02 9.949776330578512518e-01 9.725380396694213170e-01
2.050000000000000000e+02 9.957276132231405175e-01 9.756800495867767875e-01
2.100000000000000000e+02 9.961122611570247809e-01 9.770187966942147639e-01
2.150000000000000000e+02 9.948170247933884047e-01 9.754951272727272471e-01
2.200000000000000000e+02 9.953588066115702793e-01 9.750621586776858640e-01
2.250000000000000000e+02 9.939844495867766749e-01 9.789059107438017326e-01
2.300000000000000000e+02 9.961894677685950716e-01 9.777217057851238513e-01
2.350000000000000000e+02 9.976138776859503343e-01 9.797188396694214152e-01
2.400000000000000000e+02 9.955421256198346835e-01 9.771690776859504046e-01
2.450000000000000000e+02 9.952173553719008137e-01 9.769507107438016869e-01
2.500000000000000000e+02 9.963633652892559533e-01 9.803490214876033892e-01
2.550000000000000000e+02 9.962183834710744978e-01 9.792722247933884905e-01
2.600000000000000000e+02 9.972626380165289239e-01 9.778584892561983377e-01
2.650000000000000000e+02 9.959424727272725431e-01 9.784150578512396113e-01
2.700000000000000000e+02 9.965375107438017022e-01 9.792733586776858346e-01
2.750000000000000000e+02 9.965818446280991783e-01 9.810673719008263793e-01
2.800000000000000000e+02 9.955998479338843410e-01 9.800032793388429031e-01
2.850000000000000000e+02 9.957526578512394533e-01 9.795999107438018161e-01
2.900000000000000000e+02 9.945275834710745055e-01 9.821817619834710689e-01
2.950000000000000000e+02 9.989679801652892044e-01 9.803478413223141175e-01
3.000000000000000000e+02 9.966705024793386380e-01 9.805811867768594592e-01
3.050000000000000000e+02 9.980386181818181601e-01 9.840177057851239306e-01
3.100000000000000000e+02 9.984406380165289363e-01 9.831592165289254615e-01
3.150000000000000000e+02 9.990935008264465456e-01 9.838569057851239696e-01
3.200000000000000000e+02 9.963559438016528214e-01 9.844830314049588527e-01
3.250000000000000000e+02 9.957287272727273209e-01 9.846478876033059047e-01
3.300000000000000000e+02 9.981493652892561297e-01 9.848270578512396956e-01
3.350000000000000000e+02 9.979247900826445639e-01 9.854846082644627137e-01
3.400000000000000000e+02 9.966972000000000609e-01 9.853161289256199273e-01
3.450000000000000000e+02 9.983551107438014549e-01 9.846200495867767355e-01
3.500000000000000000e+02 9.981538446280990851e-01 9.851614280991736194e-01
3.550000000000000000e+02 9.977175438016528952e-01 9.858657487603306180e-01
3.600000000000000000e+02 9.985653355371901796e-01 9.857278016528925324e-01
3.650000000000000000e+02 9.963859669421488707e-01 9.854488132231405961e-01
3.700000000000000000e+02 9.966889553719008310e-01 9.858870214876033211e-01
3.750000000000000000e+02 9.964434148760329402e-01 9.885967636363636180e-01
3.800000000000000000e+02 9.999180495867767693e-01 9.881531107438016326e-01
3.850000000000000000e+02 9.960908595041322311e-01 9.881659107438014455e-01
3.900000000000000000e+02 9.977130347107436847e-01 9.882370181818181942e-01
3.950000000000000000e+02 9.951193454545455008e-01 9.870060561983470260e-01
4.000000000000000000e+02 9.950616595041321677e-01 9.871636528925620269e-01
4.050000000000000000e+02 9.968669454545455721e-01 9.893150710743799925e-01
4.100000000000000000e+02 9.977086909090907563e-01 9.906309157024791867e-01
4.150000000000000000e+02 9.969983338842973719e-01 9.881373024793388415e-01
4.200000000000000000e+02 9.975115702479339097e-01 9.884317487603306862e-01
4.250000000000000000e+02 9.974042611570247407e-01 9.910086512396694136e-01
4.300000000000000000e+02 9.978478644628099303e-01 9.901770545454546824e-01
4.350000000000000000e+02 9.976394611570247317e-01 9.882692297520661029e-01
4.400000000000000000e+02 9.982396826446281457e-01 9.907065950413223021e-01
4.450000000000000000e+02 9.977772099173553011e-01 9.898217983471073733e-01
4.500000000000000000e+02 9.977638776859503178e-01 9.903820561983470716e-01
4.550000000000000000e+02 9.986307471074379327e-01 9.890966512396694998e-01
4.600000000000000000e+02 9.982957157024792139e-01 9.902477123966942907e-01
4.650000000000000000e+02 9.984884561983470297e-01 9.914659867768594870e-01
4.700000000000000000e+02 9.986224925619833215e-01 9.910550876033056289e-01
4.750000000000000000e+02 9.965140033057851010e-01 9.904333123966940766e-01
4.800000000000000000e+02 1.000143699173553724e+00 9.924809553719006194e-01
4.850000000000000000e+02 9.979296991735535638e-01 9.925171570247932618e-01
4.900000000000000000e+02 9.982587570247934972e-01 9.914268066115703437e-01
4.950000000000000000e+02 9.961179900826445666e-01 9.926031999999999078e-01
5.000000000000000000e+02 9.961003636363636726e-01 9.921533586776860592e-01
5.050000000000000000e+02 9.993427140495867445e-01 9.942900561983470942e-01
5.100000000000000000e+02 9.993110644628098171e-01 9.939835768595040033e-01
5.150000000000000000e+02 9.982577553719007568e-01 9.933363768595041554e-01
5.200000000000000000e+02 9.970599074380166460e-01 9.936656991735537403e-01
5.250000000000000000e+02 9.963167504132230956e-01 9.936345223140495841e-01
5.300000000000000000e+02 9.994158314049587100e-01 9.931463140495868647e-01
5.350000000000000000e+02 9.962994314049588018e-01 9.932527206611571069e-01
5.400000000000000000e+02 1.000984938842975236e+00 9.942600826446282847e-01
5.450000000000000000e+02 9.983166214876033617e-01 9.929114314049586332e-01
5.500000000000000000e+02 9.976728991735536178e-01 9.940970578512395850e-01
5.550000000000000000e+02 9.995184330578512633e-01 9.930044132231404808e-01
5.600000000000000000e+02 1.000439874380165239e+00 9.940275272727271405e-01
5.650000000000000000e+02 9.980102677685952495e-01 9.938305785123967562e-01
5.700000000000000000e+02 9.984536429752065567e-01 9.930697289256198435e-01
5.750000000000000000e+02 1.000401001652892585e+00 9.940494710743801310e-01
5.800000000000000000e+02 9.993732297520659946e-01 9.936240099173552220e-01
5.850000000000000000e+02 9.992217983471073373e-01 9.943945685950413838e-01
5.900000000000000000e+02 9.999487107438016498e-01 9.943252297520659422e-01
5.950000000000000000e+02 9.997281950413222651e-01 9.938322016528925440e-01
6.000000000000000000e+02 1.000497821487603245e+00 9.940825619834710025e-01
6.050000000000000000e+02 1.000282396694215148e+00 9.948801190082644519e-01
6.100000000000000000e+02 9.999987338842977191e-01 9.923126049586776798e-01
6.150000000000000000e+02 9.996265487603306354e-01 9.951708826446280520e-01
6.200000000000000000e+02 1.001136809917355208e+00 9.933095636363635794e-01
6.250000000000000000e+02 9.967280462809917640e-01 9.974386049586776437e-01
6.300000000000000000e+02 9.990308628099173749e-01 9.934366512396695104e-01
6.350000000000000000e+02 9.999145619834710619e-01 9.956029553719009106e-01
6.400000000000000000e+02 9.978496628099173815e-01 9.960567008264462618e-01
6.450000000000000000e+02 1.000285061157024646e+00 9.963108561983471390e-01
6.500000000000000000e+02 9.988969355371899450e-01 9.942542247933884303e-01
6.550000000000000000e+02 1.000103897520661089e+00 9.955540132231405215e-01
6.600000000000000000e+02 9.981903735537190903e-01 9.923632892561983221e-01
6.650000000000000000e+02 9.985457619834710030e-01 9.966200826446280914e-01
6.700000000000000000e+02 1.000360052892561802e+00 9.942985190082644920e-01
6.750000000000000000e+02 9.995807140495868159e-01 9.927853917355371483e-01
6.800000000000000000e+02 9.993640000000001411e-01 9.957134479338842770e-01
6.850000000000000000e+02 9.968202942148760570e-01 9.958884033057850971e-01
6.900000000000000000e+02 9.996504330578511732e-01 9.938215438016528847e-01
6.950000000000000000e+02 9.982980462809916133e-01 9.943266512396695678e-01
7.000000000000000000e+02 9.999419272727271268e-01 9.956833586776859812e-01
7.050000000000000000e+02 9.990757123966942377e-01 9.946790049586777815e-01
7.100000000000000000e+02 9.994257785123965565e-01 9.952227008264461494e-01
7.150000000000000000e+02 9.999694115702479902e-01 9.967225685950411584e-01
7.200000000000000000e+02 9.986193388429752682e-01 9.959477884297520678e-01
7.250000000000000000e+02 9.996244826446278875e-01 9.956229487603305284e-01
7.300000000000000000e+02 1.000937199999999860e+00 9.947658347107438681e-01
7.350000000000000000e+02 9.996857520661157626e-01 9.948340561983470831e-01
7.400000000000000000e+02 1.000699137190082855e+00 9.957155438016528359e-01
7.450000000000000000e+02 9.992966677685950483e-01 9.940297818181818013e-01
7.500000000000000000e+02 9.991846314049587230e-01 9.951459867768595036e-01
7.550000000000000000e+02 1.000576647933884233e+00 9.950416165289256432e-01
7.600000000000000000e+02 9.996414479338842085e-01 9.973885190082644181e-01
7.650000000000000000e+02 9.994745884297520089e-01 9.949448727272727222e-01
7.700000000000000000e+02 9.993829752066115679e-01 9.957601619834710593e-01
7.750000000000000000e+02 1.000469639669421484e+00 9.960829487603305443e-01
7.800000000000000000e+02 1.000359609917355286e+00 9.970742809917355620e-01
7.850000000000000000e+02 9.993651636363635182e-01 9.940705157024793959e-01
7.900000000000000000e+02 9.982534677685951374e-01 9.952077223140495255e-01
7.950000000000000000e+02 9.992443272727273840e-01 9.967880892561982176e-01
8.000000000000000000e+02 1.002033712396694254e+00 9.982162776859503373e-01
8.050000000000000000e+02 9.997620033057851296e-01 9.960464198347107612e-01
8.100000000000000000e+02 9.984557685950413708e-01 9.959568991735539001e-01
8.150000000000000000e+02 1.000456208264462798e+00 9.958585190082642757e-01
8.200000000000000000e+02 1.001691259504132292e+00 9.962513388429752315e-01
8.250000000000000000e+02 9.995305090909092360e-01 9.969076297520660379e-01
8.300000000000000000e+02 9.992307305785124161e-01 9.948941752066117195e-01
8.350000000000000000e+02 9.975346677685950070e-01 9.975923404958677576e-01
8.400000000000000000e+02 9.998551239669423163e-01 9.958952859504132116e-01
8.450000000000000000e+02 9.990580363636365480e-01 9.968057421487603875e-01
8.500000000000000000e+02 9.997314314049587924e-01 9.941098611570247101e-01
8.550000000000000000e+02 9.995747834710746460e-01 9.953509355371901179e-01
8.600000000000000000e+02 1.001399676033057906e+00 9.971591537190083177e-01
8.650000000000000000e+02 9.998541256198347771e-01 9.974183669421486931e-01
8.700000000000000000e+02 1.000218842975206801e+00 9.972271504132230735e-01
8.750000000000000000e+02 9.997792066115703813e-01 9.964161851239667911e-01
8.800000000000000000e+02 1.000734743801652948e+00 9.960218809917356086e-01
8.850000000000000000e+02 9.995984925619835204e-01 9.959854578512397083e-01
8.900000000000000000e+02 9.974721685950411754e-01 9.970767933884296941e-01
8.950000000000000000e+02 9.997631338842974946e-01 9.971402975206611341e-01
9.000000000000000000e+02 1.000596723966942214e+00 9.964184462809917431e-01
9.050000000000000000e+02 9.998131702479339245e-01 9.973535438016527532e-01
9.100000000000000000e+02 1.000010148760330564e+00 9.984890082644628517e-01
9.150000000000000000e+02 1.000710485950413231e+00 9.950939107438016018e-01
9.200000000000000000e+02 9.998041123966942001e-01 9.967075933884297356e-01
9.250000000000000000e+02 1.000233993388429665e+00 9.963679768595040676e-01
9.300000000000000000e+02 9.988465157024792873e-01 9.947325818181818047e-01
9.350000000000000000e+02 9.999373950413221745e-01 9.961501983471074961e-01
9.400000000000000000e+02 9.999640661157025434e-01 9.960127636363637071e-01
9.450000000000000000e+02 9.996342578512396049e-01 9.962171702479338808e-01
9.500000000000000000e+02 9.999228033057849796e-01 9.960347404958677098e-01
9.550000000000000000e+02 9.998279735537192181e-01 9.969215140495867322e-01
9.600000000000000000e+02 9.980805652892561497e-01 9.988305223140494515e-01
9.650000000000000000e+02 9.997643239669422588e-01 9.966944495867767762e-01
9.700000000000000000e+02 9.990228727272729703e-01 9.968417057851240992e-01
9.750000000000000000e+02 1.001357348760330446e+00 9.967880099173556108e-01
9.800000000000000000e+02 9.994714942148761327e-01 9.981765818181816963e-01
9.850000000000000000e+02 1.000551348760330583e+00 9.959673851239669862e-01
9.900000000000000000e+02 9.995555338842974091e-01 9.955510876033057954e-01
9.950000000000000000e+02 9.992141057851238184e-01 9.976670611570248592e-01
