0.000000000000000000e+00 4.636363636363637075e-02 4.636363636363637075e-02
5.000000000000000000e+00 9.937946975206612965e-01 9.238720099173554079e-01
1.000000000000000000e+01 9.956888859504132716e-01 9.358254710743801885e-01
1.500000000000000000e+01 9.937510247933882823e-01 9.381539140495867013e-01
2.000000000000000000e+01 9.949169322314050934e-01 9.398064628099174200e-01
2.500000000000000000e+01 9.955929619834709143e-01 9.445504099173552826e-01
3.000000000000000000e+01 9.969933289256200926e-01 9.466909520661157540e-01
3.500000000000000000e+01 9.963320958677683858e-01 9.467374545454545487e-01
4.000000000000000000e+01 9.971398975206611226e-01 9.495952099173553540e-01
4.500000000000000000e+01 9.956550247933885212e-01 9.496400528925619255e-01
5.000000000000000000e+01 9.974711603305786989e-01 9.521503471074380665e-01
5.500000000000000000e+01 9.982484628099174140e-01 9.535601355371902121e-01
6.000000000000000000e+01 9.977920628099173905e-01 9.535268826446280377e-01
6.500000000000000000e+01 9.951013619834710999e-01 9.553541983471074417e-01
7.000000000000000000e+01 9.968918413223141206e-01 9.563981223140494148e-01
7.500000000000000000e+01 9.967160793388429862e-01 9.585947801652892064e-01
8.000000000000000000e+01 9.983971173553719547e-01 9.567671338842973494e-01
8.500000000000000000e+01 9.987507041322315482e-01 9.610752132231403788e-01
9.000000000000000000e+01 9.978030314049586291e-01 9.611736396694213758e-01
9.500000000000000000e+01 9.973550115702478625e-01 9.595992066115701657e-01
1.000000000000000000e+02 9.977381388429751308e-01 9.620994181818181001e-01
1.050000000000000000e+02 9.985683966942149326e-01 9.643468859504131796e-01
1.100000000000000000e+02 9.985371404958677255e-01 9.640425685950413381e-01
1.150000000000000000e+02 9.979109818181820524e-01 9.642414743801653865e-01
1.200000000000000000e+02 9.995991305785125736e-01 9.653682280991736642e-01
1.250000000000000000e+02 9.976749157024794590e-01 9.658940661157024987e-01
1.300000000000000000e+02 9.992481950413223402e-01 9.682609619834712245e-01
1.350000000000000000e+02 9.975524066115701860e-01 9.666616991735536013e-01
1.400000000000000000e+02 9.962566644628096935e-01 9.659491074380165410e-01
1.450000000000000000e+02 9.990161123966941892e-01 9.686227504132229882e-01
1.500000000000000000e+02 9.986052066115702619e-01 9.698480000000000434e-01
1.550000000000000000e+02 9.990148925619835030e-01 9.681401090909089735e-01
1.600000000000000000e+02 9.985852892561982719e-01 9.699410115702480351e-01
1.650000000000000000e+02 9.981260429752065733e-01 9.712094082644628923e-01
1.700000000000000000e+02 9.985275008264462571e-01 9.712761289256197639e-01
1.750000000000000000e+02 9.993935900826447227e-01 9.735403834710742998e-01
1.800000000000000000e+02 9.988383404958678380e-01 9.712865322314050420e-01
1.850000000000000000e+02 9.986973983471074678e-01 9.720744661157023625e-01
1.900000000000000000e+02 9.995564826446281526e-01 9.745141322314049281e-01
1.950000000000000000e+02 1.000499477685950378e+00 9.751055471074380199e-01
2.000000000000000000e+02 9.973244099173556032e-01 9.725380396694213170e-01
2.050000000000000000e+02 9.982332826446279617e-01 9.756800495867767875e-01
2.100000000000000000e+02 9.991486776859505037e-01 9.770187966942147639e-01
2.150000000000000000e+02 9.996954280991735553e-01 9.754951272727272471e-01
2.200000000000000000e+02 1.000044915702479553e+00 9.750621586776858640e-01
2.250000000000000000e+02 9.978028198347107525e-01 9.789059107438017326e-01
2.300000000000000000e+02 9.987368561983469561e-01 9.777217057851238513e-01
2.350000000000000000e+02 1.000845791735537116e+00 9.797188396694214152e-01
2.400000000000000000e+02 9.978010512396695564e-01 9.771690776859504046e-01
2.450000000000000000e+02 9.969507702479338818e-01 9.769507107438016869e-01
2.500000000000000000e+02 9.985319338842973957e-01 9.803490214876033892e-01
2.550000000000000000e+02 9.978061851239669044e-01 9.792722247933884905e-01
2.600000000000000000e+02 1.000914512396694267e+00 9.778584892561983377e-01
2.650000000000000000e+02 9.981881719008264264e-01 9.784150578512396113e-01
2.700000000000000000e+02 9.985430049586776491e-01 9.792733586776858346e-01
2.750000000000000000e+02 9.969080694214877969e-01 9.810673719008263793e-01
2.800000000000000000e+02 9.985852991735537643e-01 9.800032793388429031e-01
2.850000000000000000e+02 9.964108826446281819e-01 9.795999107438018161e-01
2.900000000000000000e+02 9.977999438016528222e-01 9.821817619834710689e-01
2.950000000000000000e+02 9.993331107438014893e-01 9.803478413223141175e-01
3.000000000000000000e+02 9.985592165289254307e-01 9.805811867768594592e-01
3.050000000000000000e+02 9.999076264462809505e-01 9.840177057851239306e-01
3.100000000000000000e+02 9.988146545454545944e-01 9.831592165289254615e-01
3.150000000000000000e+02 9.982193190082643275e-01 9.838569057851239696e-01
3.200000000000000000e+02 9.989076991735537092e-01 9.844830314049588527e-01
3.250000000000000000e+02 9.973594842975206376e-01 9.846478876033059047e-01
3.300000000000000000e+02 9.984317520661157852e-01 9.848270578512396956e-01
3.350000000000000000e+02 9.997850016528927464e-01 9.854846082644627137e-01
3.400000000000000000e+02 9.985771867768595822e-01 9.853161289256199273e-01
3.450000000000000000e+02 9.993701322314049174e-01 9.846200495867767355e-01
3.500000000000000000e+02 9.987641190082644504e-01 9.851614280991736194e-01
3.550000000000000000e+02 9.998087570247934375e-01 9.858657487603306180e-01
3.600000000000000000e+02 1.000779464462809853e+00 9.857278016528925324e-01
3.650000000000000000e+02 9.998126347107438860e-01 9.854488132231405961e-01
3.700000000000000000e+02 9.995407206611568451e-01 9.858870214876033211e-01
3.750000000000000000e+02 9.994206776859504426e-01 9.885967636363636180e-01
3.800000000000000000e+02 9.986968396694215766e-01 9.881531107438016326e-01
3.850000000000000000e+02 9.995434710743801299e-01 9.881659107438014455e-01
3.900000000000000000e+02 9.997918380165288221e-01 9.882370181818181942e-01
3.950000000000000000e+02 9.997000793388430839e-01 9.870060561983470260e-01
4.000000000000000000e+02 1.000284485950413194e+00 9.871636528925620269e-01
4.050000000000000000e+02 9.985707900826445993e-01 9.893150710743799925e-01
4.100000000000000000e+02 9.983004396694215021e-01 9.906309157024791867e-01
4.150000000000000000e+02 9.981072727272725098e-01 9.881373024793388415e-01
4.200000000000000000e+02 9.988132760330579174e-01 9.884317487603306862e-01
4.250000000000000000e+02 1.000586376859504245e+00 9.910086512396694136e-01
4.300000000000000000e+02 9.994043900826445892e-01 9.901770545454546824e-01
4.350000000000000000e+02 9.989637057851238344e-01 9.882692297520661029e-01
4.400000000000000000e+02 9.994084396694213890e-01 9.907065950413223021e-01
4.450000000000000000e+02 1.000564479338842849e+00 9.898217983471073733e-01
4.500000000000000000e+02 9.987087338842973727e-01 9.903820561983470716e-01
4.550000000000000000e+02 1.000805818181818241e+00 9.890966512396694998e-01
4.600000000000000000e+02 9.980633586776859190e-01 9.902477123966942907e-01
4.650000000000000000e+02 1.000033533884297388e+00 9.914659867768594870e-01
4.700000000000000000e+02 9.987124859504131758e-01 9.910550876033056289e-01
4.750000000000000000e+02 9.999391834710742444e-01 9.904333123966940766e-01
4.800000000000000000e+02 9.994637223140495630e-01 9.924809553719006194e-01
4.850000000000000000e+02 1.000900647933884446e+00 9.925171570247932618e-01
4.900000000000000000e+02 9.989767768595040343e-01 9.914268066115703437e-01
4.950000000000000000e+02 9.988125289256200023e-01 9.926031999999999078e-01
5.000000000000000000e+02 9.997946280991735213e-01 9.921533586776860592e-01
5.050000000000000000e+02 1.001166581818181855e+00 9.942900561983470942e-01
5.100000000000000000e+02 9.988369851239667918e-01 9.939835768595040033e-01
5.150000000000000000e+02 1.000457752066115535e+00 9.933363768595041554e-01
5.200000000000000000e+02 1.000277976859504037e+00 9.936656991735537403e-01
5.250000000000000000e+02 9.995745719008264363e-01 9.936345223140495841e-01
5.300000000000000000e+02 9.993608429752065536e-01 9.931463140495868647e-01
5.350000000000000000e+02 1.000336919008264491e+00 9.932527206611571069e-01
5.400000000000000000e+02 9.975449190082643636e-01 9.942600826446282847e-01
5.450000000000000000e+02 9.991122082644630087e-01 9.929114314049586332e-01
5.500000000000000000e+02 1.000389441322314221e+00 9.940970578512395850e-01
5.550000000000000000e+02 9.999687041322313785e-01 9.930044132231404808e-01
5.600000000000000000e+02 9.996109983471074267e-01 9.940275272727271405e-01
5.650000000000000000e+02 9.992047636363636798e-01 9.938305785123967562e-01
5.700000000000000000e+02 1.000840525619834498e+00 9.930697289256198435e-01
5.750000000000000000e+02 9.996293685950412566e-01 9.940494710743801310e-01
5.800000000000000000e+02 1.000576300826446330e+00 9.936240099173552220e-01
5.850000000000000000e+02 9.990636628099173189e-01 9.943945685950413838e-01
5.900000000000000000e+02 9.989697256198345476e-01 9.943252297520659422e-01
5.950000000000000000e+02 1.000317176859504054e+00 9.938322016528925440e-01
6.000000000000000000e+02 1.000089229752066045e+00 9.940825619834710025e-01
6.050000000000000000e+02 1.000619038016528739e+00 9.948801190082644519e-01
6.100000000000000000e+02 9.985207999999998751e-01 9.923126049586776798e-01
6.150000000000000000e+02 1.002780135537190365e+00 9.951708826446280520e-01
6.200000000000000000e+02 9.991956330578511958e-01 9.933095636363635794e-01
6.250000000000000000e+02 1.000414171900826599e+00 9.974386049586776437e-01
6.300000000000000000e+02 9.994421619834710224e-01 9.934366512396695104e-01
6.350000000000000000e+02 9.987349851239668563e-01 9.956029553719009106e-01
6.400000000000000000e+02 9.986283140495867405e-01 9.960567008264462618e-01
6.450000000000000000e+02 9.994258842975206614e-01 9.963108561983471390e-01
6.500000000000000000e+02 9.982442677685950949e-01 9.942542247933884303e-01
6.550000000000000000e+02 1.000234403305785280e+00 9.955540132231405215e-01
6.600000000000000000e+02 9.996826677685952678e-01 9.923632892561983221e-01
6.650000000000000000e+02 9.992880099173552244e-01 9.966200826446280914e-01
6.700000000000000000e+02 1.000050813223140711e+00 9.942985190082644920e-01
6.750000000000000000e+02 9.998925024793386962e-01 9.927853917355371483e-01
6.800000000000000000e+02 1.001185500826446306e+00 9.957134479338842770e-01
6.850000000000000000e+02 1.000192320661156931e+00 9.958884033057850971e-01
6.900000000000000000e+02 9.990512495867767129e-01 9.938215438016528847e-01
6.950000000000000000e+02 1.001027401652892390e+00 9.943266512396695678e-01
7.000000000000000000e+02 9.984361421487601973e-01 9.956833586776859812e-01
7.050000000000000000e+02 1.001207676033057714e+00 9.946790049586777815e-01
7.100000000000000000e+02 9.988562942148760948e-01 9.952227008264461494e-01
7.150000000000000000e+02 9.987379636363634683e-01 9.967225685950411584e-01
7.200000000000000000e+02 1.000435897520661088e+00 9.959477884297520678e-01
7.250000000000000000e+02 9.998010148760331228e-01 9.956229487603305284e-01
7.300000000000000000e+02 1.001528350413223079e+00 9.947658347107438681e-01
7.350000000000000000e+02 1.000407880991735388e+00 9.948340561983470831e-01
7.400000000000000000e+02 1.000351527272727470e+00 9.957155438016528359e-01
7.450000000000000000e+02 1.000434700826446477e+00 9.940297818181818013e-01
7.500000000000000000e+02 9.992411735537188866e-01 9.951459867768595036e-01
7.550000000000000000e+02 1.001190231404958553e+00 9.950416165289256432e-01
7.600000000000000000e+02 1.001623424793388617e+00 9.973885190082644181e-01
7.650000000000000000e+02 1.001608680991735500e+00 9.949448727272727222e-01
7.700000000000000000e+02 9.994093719008263488e-01 9.957601619834710593e-01
7.750000000000000000e+02 1.000108978512396884e+00 9.960829487603305443e-01
7.800000000000000000e+02 9.999784595041321111e-01 9.970742809917355620e-01
7.850000000000000000e+02 9.985751371900827289e-01 9.940705157024793959e-01
7.900000000000000000e+02 1.000649206611570197e+00 9.952077223140495255e-01
7.950000000000000000e+02 1.000098515702479318e+00 9.967880892561982176e-01
8.000000000000000000e+02 9.989360661157024035e-01 9.982162776859503373e-01
8.050000000000000000e+02 9.988006611570247051e-01 9.960464198347107612e-01
8.100000000000000000e+02 9.996001190082643983e-01 9.959568991735539001e-01
8.150000000000000000e+02 9.995079933884296608e-01 9.958585190082642757e-01
8.200000000000000000e+02 1.001470019834710623e+00 9.962513388429752315e-01
8.250000000000000000e+02 9.985887404958677660e-01 9.969076297520660379e-01
8.300000000000000000e+02 9.983355107438016685e-01 9.948941752066117195e-01
8.350000000000000000e+02 9.992913619834711270e-01 9.975923404958677576e-01
8.400000000000000000e+02 1.000957768595041264e+00 9.958952859504132116e-01
8.450000000000000000e+02 1.000963166942148819e+00 9.968057421487603875e-01
8.500000000000000000e+02 1.000609957024793495e+00 9.941098611570247101e-01
8.550000000000000000e+02 9.991560132231406266e-01 9.953509355371901179e-01
8.600000000000000000e+02 9.995356528925620765e-01 9.971591537190083177e-01
8.650000000000000000e+02 1.000887302479338992e+00 9.974183669421486931e-01
8.700000000000000000e+02 9.993810809917356153e-01 9.972271504132230735e-01
8.750000000000000000e+02 9.990444561983471417e-01 9.964161851239667911e-01
8.800000000000000000e+02 1.002468082644628167e+00 9.960218809917356086e-01
8.850000000000000000e+02 1.000056766942148734e+00 9.959854578512397083e-01
8.900000000000000000e+02 1.002292228099173510e+00 9.970767933884296941e-01
8.950000000000000000e+02 1.000715190082644757e+00 9.971402975206611341e-01
9.000000000000000000e+02 9.997832264462809260e-01 9.964184462809917431e-01
9.050000000000000000e+02 9.980925355371900176e-01 9.973535438016527532e-01
9.100000000000000000e+02 1.000776076033057738e+00 9.984890082644628517e-01
9.150000000000000000e+02 1.000985342148760449e+00 9.950939107438016018e-01
9.200000000000000000e+02 1.000923613223140496e+00 9.967075933884297356e-01
9.250000000000000000e+02 9.991251140495867045e-01 9.963679768595040676e-01
9.300000000000000000e+02 1.000627371900826512e+00 9.947325818181818047e-01
9.350000000000000000e+02 1.000351388429752131e+00 9.961501983471074961e-01
9.400000000000000000e+02 9.999976826446281830e-01 9.960127636363637071e-01
9.450000000000000000e+02 9.994236198347106193e-01 9.962171702479338808e-01
9.500000000000000000e+02 1.000149447933884161e+00 9.960347404958677098e-01
9.550000000000000000e+02 9.994286413223140153e-01 9.969215140495867322e-01
9.600000000000000000e+02 1.001002343801653094e+00 9.988305223140494515e-01
9.650000000000000000e+02 1.000340552066115496e+00 9.966944495867767762e-01
9.700000000000000000e+02 9.983418677685950149e-01 9.968417057851240992e-01
9.750000000000000000e+02 9.993203272727273490e-01 9.967880099173556108e-01
9.800000000000000000e+02 1.001659510743801551e+00 9.981765818181816963e-01
9.850000000000000000e+02 1.002137061157024833e+00 9.959673851239669862e-01
9.900000000000000000e+02 9.987781157024795409e-01 9.955510876033057954e-01
9.950000000000000000e+02 1.001508145454545584e+00 9.976670611570248592e-01
