0.000000000000000000e+00 4.636363636363637075e-02 4.636363636363637075e-02
5.000000000000000000e+00 9.907784363636362723e-01 9.238720099173554079e-01
1.000000000000000000e+01 9.931388561983471863e-01 9.358254710743801885e-01
1.500000000000000000e+01 9.944897190082644389e-01 9.381539140495867013e-01
2.000000000000000000e+01 9.931125157024792705e-01 9.398064628099174200e-01
2.500000000000000000e+01 9.949017917355373886e-01 9.445504099173552826e-01
3.000000000000000000e+01 9.955467272727271943e-01 9.466909520661157540e-01
3.500000000000000000e+01 9.965891140495866107e-01 9.467374545454545487e-01
4.000000000000000000e+01 9.980568132231404377e-01 9.495952099173553540e-01
4.500000000000000000e+01 9.969872859504130824e-01 9.496400528925619255e-01
5.000000000000000000e+01 9.947328793388431345e-01 9.521503471074380665e-01
5.500000000000000000e+01 9.945062082644628987e-01 9.535601355371902121e-01
6.000000000000000000e+01 9.968948198347107326e-01 9.535268826446280377e-01
6.500000000000000000e+01 9.955042776859501785e-01 9.553541983471074417e-01
7.000000000000000000e+01 9.961360892561984537e-01 9.563981223140494148e-01
7.500000000000000000e+01 9.972652396694213772e-01 9.585947801652892064e-01
8.000000000000000000e+01 9.962642314049586778e-01 9.567671338842973494e-01
8.500000000000000000e+01 9.966401619834710512e-01 9.610752132231403788e-01
9.000000000000000000e+01 9.951539008264461694e-01 9.611736396694213758e-01
9.500000000000000000e+01 9.973604264462810898e-01 9.595992066115701657e-01
1.000000000000000000e+02 9.973409190082642706e-01 9.620994181818181001e-01
1.050000000000000000e+02 9.980676892561983760e-01 9.643468859504131796e-01
1.100000000000000000e+02 9.967432661157025198e-01 9.640425685950413381e-01
1.150000000000000000e+02 9.968202280991735886e-01 9.642414743801653865e-01
1.200000000000000000e+02 9.980178446280992821e-01 9.653682280991736642e-01
1.250000000000000000e+02 9.972505024793388850e-01 9.658940661157024987e-01
1.300000000000000000e+02 9.983534710743799945e-01 9.682609619834712245e-01
1.350000000000000000e+02 9.970226314049588368e-01 9.666616991735536013e-01
1.400000000000000000e+02 9.974932495867768756e-01 9.659491074380165410e-01
1.450000000000000000e+02 9.967322677685949150e-01 9.686227504132229882e-01
1.500000000000000000e+02 9.978866479338842632e-01 9.698480000000000434e-01
1.550000000000000000e+02 9.981349355371900156e-01 9.681401090909089735e-01
1.600000000000000000e+02 9.980511669421486820e-01 9.699410115702480351e-01
1.650000000000000000e+02 9.974400066115703956e-01 9.712094082644628923e-01
1.700000000000000000e+02 9.969674545454545456e-01 9.712761289256197639e-01
1.750000000000000000e+02 9.980533719008264359e-01 9.735403834710742998e-01
1.800000000000000000e+02 9.987925752066116880e-01 9.712865322314050420e-01
1.850000000000000000e+02 9.975600231404959661e-01 9.720744661157023625e-01
1.900000000000000000e+02 9.974976396694217318e-01 9.745141322314049281e-01
1.950000000000000000e+02 1.000685719008264751e+00 9.751055471074380199e-01
2.000000000000000000e+02 9.996677289256197252e-01 9.725380396694213170e-01
2.050000000000000000e+02 9.978879636363636729e-01 9.756800495867767875e-01
2.100000000000000000e+02 9.968213487603307943e-01 9.770187966942147639e-01
2.150000000000000000e+02 9.990436330578511548e-01 9.754951272727272471e-01
2.200000000000000000e+02 1.000623391735537160e+00 9.750621586776858640e-01
2.250000000000000000e+02 9.992118512396693797e-01 9.789059107438017326e-01
2.300000000000000000e+02 9.974441685950413694e-01 9.777217057851238513e-01
2.350000000000000000e+02 9.977733057851239096e-01 9.797188396694214152e-01
2.400000000000000000e+02 9.975584363636362806e-01 9.771690776859504046e-01
2.450000000000000000e+02 9.986586611570247296e-01 9.769507107438016869e-01
2.500000000000000000e+02 9.982061123966941008e-01 9.803490214876033892e-01
2.550000000000000000e+02 9.987894479338843556e-01 9.792722247933884905e-01
2.600000000000000000e+02 9.991486677685952333e-01 9.778584892561983377e-01
2.650000000000000000e+02 9.976932760330579075e-01 9.784150578512396113e-01
2.700000000000000000e+02 9.976272694214877168e-01 9.792733586776858346e-01
2.750000000000000000e+02 9.984906842975206365e-01 9.810673719008263793e-01
2.800000000000000000e+02 9.974846512396695619e-01 9.800032793388429031e-01
2.850000000000000000e+02 9.989036495867769094e-01 9.795999107438018161e-01
2.900000000000000000e+02 9.993526082644628161e-01 9.821817619834710689e-01
2.950000000000000000e+02 9.990176198347107128e-01 9.803478413223141175e-01
3.000000000000000000e+02 9.986575570247933076e-01 9.805811867768594592e-01
3.050000000000000000e+02 9.976786710743802411e-01 9.840177057851239306e-01
3.100000000000000000e+02 9.992886413223140973e-01 9.831592165289254615e-01
3.150000000000000000e+02 9.996995008264463189e-01 9.838569057851239696e-01
3.200000000000000000e+02 9.981753950413223553e-01 9.844830314049588527e-01
3.250000000000000000e+02 9.994737388429750791e-01 9.846478876033059047e-01
3.300000000000000000e+02 9.965051239669421301e-01 9.848270578512396956e-01
3.350000000000000000e+02 9.977233057851240261e-01 9.854846082644627137e-01
3.400000000000000000e+02 9.992916297520662017e-01 9.853161289256199273e-01
3.450000000000000000e+02 9.983770842975208115e-01 9.846200495867767355e-01
3.500000000000000000e+02 9.980611702479338376e-01 9.851614280991736194e-01
3.550000000000000000e+02 9.957345752066114608e-01 9.858657487603306180e-01
3.600000000000000000e+02 9.988865057851239460e-01 9.857278016528925324e-01
3.650000000000000000e+02 9.974883206611572239e-01 9.854488132231405961e-01
3.700000000000000000e+02 9.990699041322314011e-01 9.858870214876033211e-01
3.750000000000000000e+02 9.982970280991736445e-01 9.885967636363636180e-01
3.800000000000000000e+02 9.977016264462810202e-01 9.881531107438016326e-01
3.850000000000000000e+02 1.000126952066115571e+00 9.881659107438014455e-01
3.900000000000000000e+02 9.984617289256197958e-01 9.882370181818181942e-01
3.950000000000000000e+02 9.985485917355371166e-01 9.870060561983470260e-01
4.000000000000000000e+02 1.000485662809917242e+00 9.871636528925620269e-01
4.050000000000000000e+02 9.980731041322312702e-01 9.893150710743799925e-01
4.100000000000000000e+02 1.000987709090908950e+00 9.906309157024791867e-01
4.150000000000000000e+02 9.991506181818181620e-01 9.881373024793388415e-01
4.200000000000000000e+02 1.000626456198347114e+00 9.884317487603306862e-01
4.250000000000000000e+02 9.987719107438015609e-01 9.910086512396694136e-01
4.300000000000000000e+02 1.001292095867768683e+00 9.901770545454546824e-01
4.350000000000000000e+02 9.981650611570248577e-01 9.882692297520661029e-01
4.400000000000000000e+02 9.983173157024793909e-01 9.907065950413223021e-01
4.450000000000000000e+02 1.000482138842974988e+00 9.898217983471073733e-01
4.500000000000000000e+02 9.991510314049587560e-01 9.903820561983470716e-01
4.550000000000000000e+02 9.996680297520660341e-01 9.890966512396694998e-01
4.600000000000000000e+02 9.998556595041321327e-01 9.902477123966942907e-01
4.650000000000000000e+02 9.978546413223139400e-01 9.914659867768594870e-01
4.700000000000000000e+02 9.975582115702479324e-01 9.910550876033056289e-01
4.750000000000000000e+02 9.999797454545452657e-01 9.904333123966940766e-01
4.800000000000000000e+02 9.983399834710743326e-01 9.924809553719006194e-01
4.850000000000000000e+02 9.968356528925619298e-01 9.925171570247932618e-01
4.900000000000000000e+02 9.966901190082644302e-01 9.914268066115703437e-01
4.950000000000000000e+02 9.993091669421486634e-01 9.926031999999999078e-01
5.000000000000000000e+02 9.984113256198344777e-01 9.921533586776860592e-01
5.050000000000000000e+02 9.987070545454544979e-01 9.942900561983470942e-01
5.100000000000000000e+02 9.991981355371901685e-01 9.939835768595040033e-01
5.150000000000000000e+02 1.000588661157024717e+00 9.933363768595041554e-01
5.200000000000000000e+02 9.996195867768594701e-01 9.936656991735537403e-01
5.250000000000000000e+02 9.992776099173555915e-01 9.936345223140495841e-01
5.300000000000000000e+02 1.000355702479339026e+00 9.931463140495868647e-01
5.350000000000000000e+02 1.000349011570248026e+00 9.932527206611571069e-01
5.400000000000000000e+02 9.994150545454545398e-01 9.942600826446282847e-01
5.450000000000000000e+02 1.001531510743801423e+00 9.929114314049586332e-01
5.500000000000000000e+02 1.000283246280991634e+00 9.940970578512395850e-01
5.550000000000000000e+02 1.001210310743801513e+00 9.930044132231404808e-01
5.600000000000000000e+02 9.980359041322314217e-01 9.940275272727271405e-01
5.650000000000000000e+02 9.989284595041322268e-01 9.938305785123967562e-01
5.700000000000000000e+02 9.987203471074378447e-01 9.930697289256198435e-01
5.750000000000000000e+02 9.989879107438017769e-01 9.940494710743801310e-01
5.800000000000000000e+02 1.000028985123966985e+00 9.936240099173552220e-01
5.850000000000000000e+02 9.997903735537189140e-01 9.943945685950413838e-01
5.900000000000000000e+02 9.987255471074381052e-01 9.943252297520659422e-01
5.950000000000000000e+02 9.988936561983470241e-01 9.938322016528925440e-01
6.000000000000000000e+02 9.993835074380165162e-01 9.940825619834710025e-01
6.050000000000000000e+02 9.989763471074379897e-01 9.948801190082644519e-01
6.100000000000000000e+02 1.000292595041322397e+00 9.923126049586776798e-01
6.150000000000000000e+02 9.993957057851240444e-01 9.951708826446280520e-01
6.200000000000000000e+02 1.001430046280991748e+00 9.933095636363635794e-01
6.250000000000000000e+02 1.000495626446280983e+00 9.974386049586776437e-01
6.300000000000000000e+02 9.975386082644627228e-01 9.934366512396695104e-01
6.350000000000000000e+02 9.992366975206612434e-01 9.956029553719009106e-01
6.400000000000000000e+02 9.984030809917354699e-01 9.960567008264462618e-01
6.450000000000000000e+02 9.985591404958678030e-01 9.963108561983471390e-01
6.500000000000000000e+02 9.992976066115701883e-01 9.942542247933884303e-01
6.550000000000000000e+02 9.997779900826447852e-01 9.955540132231405215e-01
6.600000000000000000e+02 1.000592221487603295e+00 9.923632892561983221e-01
6.650000000000000000e+02 9.994071041322314386e-01 9.966200826446280914e-01
6.700000000000000000e+02 9.999485950413223856e-01 9.942985190082644920e-01
6.750000000000000000e+02 9.987380628099172819e-01 9.927853917355371483e-01
6.800000000000000000e+02 9.993001652892561371e-01 9.957134479338842770e-01
6.850000000000000000e+02 9.986818710743803340e-01 9.958884033057850971e-01
6.900000000000000000e+02 9.995129752066116424e-01 9.938215438016528847e-01
6.950000000000000000e+02 9.997639438016528990e-01 9.943266512396695678e-01
7.000000000000000000e+02 9.996220231404958634e-01 9.956833586776859812e-01
7.050000000000000000e+02 1.000805216528925623e+00 9.946790049586777815e-01
7.100000000000000000e+02 9.982474776859504573e-01 9.952227008264461494e-01
7.150000000000000000e+02 9.985927768595042053e-01 9.967225685950411584e-01
7.200000000000000000e+02 9.999203801652891688e-01 9.959477884297520678e-01
7.250000000000000000e+02 9.985511933884296809e-01 9.956229487603305284e-01
7.300000000000000000e+02 9.983081322314049100e-01 9.947658347107438681e-01
7.350000000000000000e+02 9.989450512396693682e-01 9.948340561983470831e-01
7.400000000000000000e+02 1.000193454545454497e+00 9.957155438016528359e-01
7.450000000000000000e+02 1.000803788429752039e+00 9.940297818181818013e-01
7.500000000000000000e+02 9.992245983471074178e-01 9.951459867768595036e-01
7.550000000000000000e+02 9.998347801652892608e-01 9.950416165289256432e-01
7.600000000000000000e+02 9.987784528925619520e-01 9.973885190082644181e-01
7.650000000000000000e+02 9.998695305785123555e-01 9.949448727272727222e-01
7.700000000000000000e+02 9.994736033057851632e-01 9.957601619834710593e-01
7.750000000000000000e+02 9.984489355371899411e-01 9.960829487603305443e-01
7.800000000000000000e+02 9.992237289256197252e-01 9.970742809917355620e-01
7.850000000000000000e+02 9.993439702479338660e-01 9.940705157024793959e-01
7.900000000000000000e+02 9.989660462809917263e-01 9.952077223140495255e-01
7.950000000000000000e+02 9.982526776859502737e-01 9.967880892561982176e-01
8.000000000000000000e+02 9.978186545454544865e-01 9.982162776859503373e-01
8.050000000000000000e+02 9.995379074380166262e-01 9.960464198347107612e-01
8.100000000000000000e+02 9.988671867768594836e-01 9.959568991735539001e-01
8.150000000000000000e+02 9.999311206611570801e-01 9.958585190082642757e-01
8.200000000000000000e+02 9.978324991735536553e-01 9.962513388429752315e-01
8.250000000000000000e+02 9.994536528925618279e-01 9.969076297520660379e-01
8.300000000000000000e+02 9.996850644628099136e-01 9.948941752066117195e-01
8.350000000000000000e+02 9.991658809917355333e-01 9.975923404958677576e-01
8.400000000000000000e+02 9.998798347107437090e-01 9.958952859504132116e-01
8.450000000000000000e+02 9.983954049586776236e-01 9.968057421487603875e-01
8.500000000000000000e+02 1.000882519008264637e+00 9.941098611570247101e-01
8.550000000000000000e+02 1.001505930578512338e+00 9.953509355371901179e-01
8.600000000000000000e+02 1.002266003305785080e+00 9.971591537190083177e-01
8.650000000000000000e+02 9.990632694214875986e-01 9.974183669421486931e-01
8.700000000000000000e+02 1.000817120661156912e+00 9.972271504132230735e-01
8.750000000000000000e+02 9.992379371900824703e-01 9.964161851239667911e-01
8.800000000000000000e+02 9.998299570247933810e-01 9.960218809917356086e-01
8.850000000000000000e+02 1.001669560330578523e+00 9.959854578512397083e-01
8.900000000000000000e+02 9.992470247933884497e-01 9.970767933884296941e-01
8.950000000000000000e+02 9.995274776859505161e-01 9.971402975206611341e-01
9.000000000000000000e+02 1.001356743801652849e+00 9.964184462809917431e-01
9.050000000000000000e+02 1.000238446280991678e+00 9.973535438016527532e-01
9.100000000000000000e+02 9.992959702479339290e-01 9.984890082644628517e-01
9.150000000000000000e+02 9.996093454545453838e-01 9.950939107438016018e-01
9.200000000000000000e+02 1.000202985123966881e+00 9.967075933884297356e-01
9.250000000000000000e+02 9.993699504132231848e-01 9.963679768595040676e-01
9.300000000000000000e+02 9.995345553719008347e-01 9.947325818181818047e-01
9.350000000000000000e+02 9.984811735537189037e-01 9.961501983471074961e-01
9.400000000000000000e+02 1.000228796694214939e+00 9.960127636363637071e-01
9.450000000000000000e+02 9.979910578512397601e-01 9.962171702479338808e-01
9.500000000000000000e+02 1.000500938842975085e+00 9.960347404958677098e-01
9.550000000000000000e+02 9.999766446280992094e-01 9.969215140495867322e-01
9.600000000000000000e+02 1.000926178512396847e+00 9.988305223140494515e-01
9.650000000000000000e+02 1.000384601652892558e+00 9.966944495867767762e-01
9.700000000000000000e+02 1.000955147107438048e+00 9.968417057851240992e-01
9.750000000000000000e+02 9.994774446280991764e-01 9.967880099173556108e-01
9.800000000000000000e+02 1.000448396694215036e+00 9.981765818181816963e-01
9.850000000000000000e+02 9.981276297520661478e-01 9.959673851239669862e-01
9.900000000000000000e+02 9.992320264462808410e-01 9.955510876033057954e-01
9.950000000000000000e+02 9.987040528925620331e-01 9.976670611570248592e-01
