0.000000000000000000e+00 4.636363636363637075e-02 4.636363636363637075e-02
5.000000000000000000e+00 9.720418214876032081e-01 9.238720099173554079e-01
1.000000000000000000e+01 9.780686016528926663e-01 9.358254710743801885e-01
1.500000000000000000e+01 9.829045553719006900e-01 9.381539140495867013e-01
2.000000000000000000e+01 9.830977190082645922e-01 9.398064628099174200e-01
2.500000000000000000e+01 9.847223272727271270e-01 9.445504099173552826e-01
3.000000000000000000e+01 9.850843371900825929e-01 9.466909520661157540e-01
3.500000000000000000e+01 9.853534214876032982e-01 9.467374545454545487e-01
4.000000000000000000e+01 9.857590743801653010e-01 9.495952099173553540e-01
4.500000000000000000e+01 9.880326446280991437e-01 9.496400528925619255e-01
5.000000000000000000e+01 9.879709950413223529e-01 9.521503471074380665e-01
5.500000000000000000e+01 9.872671603305785970e-01 9.535601355371902121e-01
6.000000000000000000e+01 9.873041190082645358e-01 9.535268826446280377e-01
6.500000000000000000e+01 9.908105851239670248e-01 9.553541983471074417e-01
7.000000000000000000e+01 9.906195371900825553e-01 9.563981223140494148e-01
7.500000000000000000e+01 9.883568760330577740e-01 9.585947801652892064e-01
8.000000000000000000e+01 9.901175999999999311e-01 9.567671338842973494e-01
8.500000000000000000e+01 9.888490677685950470e-01 9.610752132231403788e-01
9.000000000000000000e+01 9.895033190082644925e-01 9.611736396694213758e-01
9.500000000000000000e+01 9.913086545454546927e-01 9.595992066115701657e-01
1.000000000000000000e+02 9.903749190082644649e-01 9.620994181818181001e-01
1.050000000000000000e+02 9.920657388429751089e-01 9.643468859504131796e-01
1.100000000000000000e+02 9.932458016528924460e-01 9.640425685950413381e-01
1.150000000000000000e+02 9.922095834710743523e-01 9.642414743801653865e-01
1.200000000000000000e+02 9.923771834710745088e-01 9.653682280991736642e-01
1.250000000000000000e+02 9.932687735537190088e-01 9.658940661157024987e-01
1.300000000000000000e+02 9.922110016528925547e-01 9.682609619834712245e-01
1.350000000000000000e+02 9.936352892561982619e-01 9.666616991735536013e-01
1.400000000000000000e+02 9.941362842975205449e-01 9.659491074380165410e-01
1.450000000000000000e+02 9.940211140495869291e-01 9.686227504132229882e-01
1.500000000000000000e+02 9.935357983471074794e-01 9.698480000000000434e-01
1.550000000000000000e+02 9.940154842975206240e-01 9.681401090909089735e-01
1.600000000000000000e+02 9.929099008264461457e-01 9.699410115702480351e-01
1.650000000000000000e+02 9.954077057851238308e-01 9.712094082644628923e-01
1.700000000000000000e+02 9.929775008264462022e-01 9.712761289256197639e-01
1.750000000000000000e+02 9.940684793388431251e-01 9.735403834710742998e-01
1.800000000000000000e+02 9.953684826446280720e-01 9.712865322314050420e-01
1.850000000000000000e+02 9.936593950413223908e-01 9.720744661157023625e-01
1.900000000000000000e+02 9.950909123966942271e-01 9.745141322314049281e-01
1.950000000000000000e+02 9.951844330578512032e-01 9.751055471074380199e-01
2.000000000000000000e+02 9.945886247933882762e-01 9.725380396694213170e-01
2.050000000000000000e+02 9.957733586776859047e-01 9.756800495867767875e-01
2.100000000000000000e+02 9.964455570247933158e-01 9.770187966942147639e-01
2.150000000000000000e+02 9.964979239669420341e-01 9.754951272727272471e-01
2.200000000000000000e+02 9.957543041322314270e-01 9.750621586776858640e-01
2.250000000000000000e+02 9.947366049586776615e-01 9.789059107438017326e-01
2.300000000000000000e+02 9.949729090909091855e-01 9.777217057851238513e-01
2.350000000000000000e+02 9.964167702479340694e-01 9.797188396694214152e-01
2.400000000000000000e+02 9.975246909090909053e-01 9.771690776859504046e-01
2.450000000000000000e+02 9.964232925619833647e-01 9.769507107438016869e-01
2.500000000000000000e+02 9.963226975206612712e-01 9.803490214876033892e-01
2.550000000000000000e+02 9.968662644628099034e-01 9.792722247933884905e-01
2.600000000000000000e+02 9.960553652892560894e-01 9.778584892561983377e-01
2.650000000000000000e+02 9.971441256198346759e-01 9.784150578512396113e-01
2.700000000000000000e+02 9.973718942148760425e-01 9.792733586776858346e-01
2.750000000000000000e+02 9.975903735537189343e-01 9.810673719008263793e-01
2.800000000000000000e+02 9.962322876033058439e-01 9.800032793388429031e-01
2.850000000000000000e+02 9.960748462809917436e-01 9.795999107438018161e-01
2.900000000000000000e+02 9.957845421487603321e-01 9.821817619834710689e-01
2.950000000000000000e+02 9.978788165289256273e-01 9.803478413223141175e-01
3.000000000000000000e+02 9.973071272727273007e-01 9.805811867768594592e-01
3.050000000000000000e+02 9.974688760330577830e-01 9.840177057851239306e-01
3.100000000000000000e+02 9.982655702479336091e-01 9.831592165289254615e-01
3.150000000000000000e+02 9.965910512396692900e-01 9.838569057851239696e-01
3.200000000000000000e+02 9.981472066115703035e-01 9.844830314049588527e-01
3.250000000000000000e+02 9.954379603305785196e-01 9.846478876033059047e-01
3.300000000000000000e+02 9.978413057851241996e-01 9.848270578512396956e-01
3.350000000000000000e+02 9.976811834710742621e-01 9.854846082644627137e-01
3.400000000000000000e+02 9.964408099173551747e-01 9.853161289256199273e-01
3.450000000000000000e+02 9.977013553719007444e-01 9.846200495867767355e-01
3.500000000000000000e+02 9.974103867768595588e-01 9.851614280991736194e-01
3.550000000000000000e+02 9.968258280991737497e-01 9.858657487603306180e-01
3.600000000000000000e+02 9.966582479338843559e-01 9.857278016528925324e-01
3.650000000000000000e+02 9.972284033057849939e-01 9.854488132231405961e-01
3.700000000000000000e+02 9.986093322314049114e-01 9.858870214876033211e-01
3.750000000000000000e+02 9.971201619834708652e-01 9.885967636363636180e-01
3.800000000000000000e+02 9.956047272727271968e-01 9.881531107438016326e-01
3.850000000000000000e+02 9.977312925619834516e-01 9.881659107438014455e-01
3.900000000000000000e+02 9.972463173553718363e-01 9.882370181818181942e-01
3.950000000000000000e+02 9.960056396694216829e-01 9.870060561983470260e-01
4.000000000000000000e+02 9.969567537190082707e-01 9.871636528925620269e-01
4.050000000000000000e+02 9.961383239669420187e-01 9.893150710743799925e-01
4.100000000000000000e+02 9.971431603305784819e-01 9.906309157024791867e-01
4.150000000000000000e+02 9.975961950413221313e-01 9.881373024793388415e-01
4.200000000000000000e+02 9.960457090909089484e-01 9.884317487603306862e-01
4.250000000000000000e+02 9.971503140495867612e-01 9.910086512396694136e-01
4.300000000000000000e+02 9.970840066115702616e-01 9.901770545454546824e-01
4.350000000000000000e+02 9.974349586776860566e-01 9.882692297520661029e-01
4.400000000000000000e+02 9.981110545454544569e-01 9.907065950413223021e-01
4.450000000000000000e+02 9.976378578512397066e-01 9.898217983471073733e-01
4.500000000000000000e+02 9.976106016528925036e-01 9.903820561983470716e-01
4.550000000000000000e+02 9.975793421487603174e-01 9.890966512396694998e-01
4.600000000000000000e+02 9.972704297520660344e-01 9.902477123966942907e-01
4.650000000000000000e+02 9.994091603305783611e-01 9.914659867768594870e-01
4.700000000000000000e+02 9.972504826446279003e-01 9.910550876033056289e-01
4.750000000000000000e+02 9.965894842975207002e-01 9.904333123966940766e-01
4.800000000000000000e+02 1.000306009917355521e+00 9.924809553719006194e-01
4.850000000000000000e+02 9.995965355371898564e-01 9.925171570247932618e-01
4.900000000000000000e+02 9.979395999999999267e-01 9.914268066115703437e-01
4.950000000000000000e+02 9.990793256198345906e-01 9.926031999999999078e-01
5.000000000000000000e+02 9.986849057851238110e-01 9.921533586776860592e-01
5.050000000000000000e+02 1.000199765289256026e+00 9.942900561983470942e-01
5.100000000000000000e+02 9.998397586776859303e-01 9.939835768595040033e-01
5.150000000000000000e+02 9.987760925619835195e-01 9.933363768595041554e-01
5.200000000000000000e+02 9.992541454545452728e-01 9.936656991735537403e-01
5.250000000000000000e+02 9.992337024793387368e-01 9.936345223140495841e-01
5.300000000000000000e+02 9.996035801652892738e-01 9.931463140495868647e-01
5.350000000000000000e+02 9.989905190082645214e-01 9.932527206611571069e-01
5.400000000000000000e+02 9.986346413223138319e-01 9.942600826446282847e-01
5.450000000000000000e+02 9.988081520661156176e-01 9.929114314049586332e-01
5.500000000000000000e+02 9.975754115702478719e-01 9.940970578512395850e-01
5.550000000000000000e+02 9.987420991735536102e-01 9.930044132231404808e-01
5.600000000000000000e+02 9.989250082644627327e-01 9.940275272727271405e-01
5.650000000000000000e+02 1.000217709090909235e+00 9.938305785123967562e-01
5.700000000000000000e+02 1.000232228099173337e+00 9.930697289256198435e-01
5.750000000000000000e+02 9.990311438016530321e-01 9.940494710743801310e-01
5.800000000000000000e+02 9.998758380165287951e-01 9.936240099173552220e-01
5.850000000000000000e+02 9.989406181818181185e-01 9.943945685950413838e-01
5.900000000000000000e+02 9.977016099173553476e-01 9.943252297520659422e-01
5.950000000000000000e+02 1.000901249586776842e+00 9.938322016528925440e-01
6.000000000000000000e+02 9.984655206611570133e-01 9.940825619834710025e-01
6.050000000000000000e+02 1.000018433057851208e+00 9.948801190082644519e-01
6.100000000000000000e+02 1.000141543801652988e+00 9.923126049586776798e-01
6.150000000000000000e+02 9.995343008264463425e-01 9.951708826446280520e-01
6.200000000000000000e+02 9.998228099173551708e-01 9.933095636363635794e-01
6.250000000000000000e+02 1.000138175206611635e+00 9.974386049586776437e-01
6.300000000000000000e+02 9.999585223140495804e-01 9.934366512396695104e-01
6.350000000000000000e+02 9.993617190082645374e-01 9.956029553719009106e-01
6.400000000000000000e+02 9.987022016528925850e-01 9.960567008264462618e-01
6.450000000000000000e+02 9.999785619834711259e-01 9.963108561983471390e-01
6.500000000000000000e+02 9.977136958677685907e-01 9.942542247933884303e-01
6.550000000000000000e+02 9.981861950413222218e-01 9.955540132231405215e-01
6.600000000000000000e+02 1.000518370247933664e+00 9.923632892561983221e-01
6.650000000000000000e+02 9.998630314049584689e-01 9.966200826446280914e-01
6.700000000000000000e+02 9.995052330578509947e-01 9.942985190082644920e-01
6.750000000000000000e+02 1.000578714049586759e+00 9.927853917355371483e-01
6.800000000000000000e+02 1.001879685950413101e+00 9.957134479338842770e-01
6.850000000000000000e+02 9.989152991735539278e-01 9.958884033057850971e-01
6.900000000000000000e+02 9.995580892561981567e-01 9.938215438016528847e-01
6.950000000000000000e+02 9.996025223140495575e-01 9.943266512396695678e-01
7.000000000000000000e+02 9.988279239669421994e-01 9.956833586776859812e-01
7.050000000000000000e+02 1.001055735537189850e+00 9.946790049586777815e-01
7.100000000000000000e+02 9.997015239669421183e-01 9.952227008264461494e-01
7.150000000000000000e+02 9.986116297520659657e-01 9.967225685950411584e-01
7.200000000000000000e+02 9.984683900826446523e-01 9.959477884297520678e-01
7.250000000000000000e+02 1.001412482644628232e+00 9.956229487603305284e-01
7.300000000000000000e+02 1.001071547107438064e+00 9.947658347107438681e-01
7.350000000000000000e+02 9.978645917355372097e-01 9.948340561983470831e-01
7.400000000000000000e+02 9.998290082644627486e-01 9.957155438016528359e-01
7.450000000000000000e+02 9.983635074380163843e-01 9.940297818181818013e-01
7.500000000000000000e+02 9.992433652892561691e-01 9.951459867768595036e-01
7.550000000000000000e+02 9.994339801652893929e-01 9.950416165289256432e-01
7.600000000000000000e+02 9.992943603305786127e-01 9.973885190082644181e-01
7.650000000000000000e+02 9.994653719008266268e-01 9.949448727272727222e-01
7.700000000000000000e+02 9.998535504132231022e-01 9.957601619834710593e-01
7.750000000000000000e+02 9.992875074380164202e-01 9.960829487603305443e-01
7.800000000000000000e+02 9.993753719008264813e-01 9.970742809917355620e-01
7.850000000000000000e+02 1.000481391735537073e+00 9.940705157024793959e-01
7.900000000000000000e+02 9.991565190082644099e-01 9.952077223140495255e-01
7.950000000000000000e+02 9.998258082644626565e-01 9.967880892561982176e-01
8.000000000000000000e+02 9.989708760330578974e-01 9.982162776859503373e-01
8.050000000000000000e+02 1.000889484297520671e+00 9.960464198347107612e-01
8.100000000000000000e+02 1.001068743801652783e+00 9.959568991735539001e-01
8.150000000000000000e+02 1.001062347107438022e+00 9.958585190082642757e-01
8.200000000000000000e+02 9.995308429752064461e-01 9.962513388429752315e-01
8.250000000000000000e+02 9.981387735537190498e-01 9.969076297520660379e-01
8.300000000000000000e+02 9.984592429752066067e-01 9.948941752066117195e-01
8.350000000000000000e+02 9.998325322314050023e-01 9.975923404958677576e-01
8.400000000000000000e+02 9.989170644628100337e-01 9.958952859504132116e-01
8.450000000000000000e+02 1.000381814876033060e+00 9.968057421487603875e-01
8.500000000000000000e+02 1.000926280991735640e+00 9.941098611570247101e-01
8.550000000000000000e+02 1.000044323966942095e+00 9.953509355371901179e-01
8.600000000000000000e+02 1.001838595041322444e+00 9.971591537190083177e-01
8.650000000000000000e+02 1.000208452892561883e+00 9.974183669421486931e-01
8.700000000000000000e+02 9.996706479338843820e-01 9.972271504132230735e-01
8.750000000000000000e+02 1.000593322314049516e+00 9.964161851239667911e-01
8.800000000000000000e+02 1.001806690909090802e+00 9.960218809917356086e-01
8.850000000000000000e+02 9.986897388429751832e-01 9.959854578512397083e-01
8.900000000000000000e+02 9.995979735537192656e-01 9.970767933884296941e-01
8.950000000000000000e+02 9.987242247933885153e-01 9.971402975206611341e-01
9.000000000000000000e+02 9.996290710743801489e-01 9.964184462809917431e-01
9.050000000000000000e+02 9.999040925619834264e-01 9.973535438016527532e-01
9.100000000000000000e+02 1.000725890909090809e+00 9.984890082644628517e-01
9.150000000000000000e+02 1.000099652892561863e+00 9.950939107438016018e-01
9.200000000000000000e+02 1.001000737190082868e+00 9.967075933884297356e-01
9.250000000000000000e+02 1.001332403305785101e+00 9.963679768595040676e-01
9.300000000000000000e+02 1.001367523966942175e+00 9.947325818181818047e-01
9.350000000000000000e+02 9.989561024793387478e-01 9.961501983471074961e-01
9.400000000000000000e+02 9.992822148760330814e-01 9.960127636363637071e-01
9.450000000000000000e+02 1.000511467768595120e+00 9.962171702479338808e-01
9.500000000000000000e+02 1.000177077685950433e+00 9.960347404958677098e-01
9.550000000000000000e+02 1.000889342148760353e+00 9.969215140495867322e-01
9.600000000000000000e+02 9.989275570247933000e-01 9.988305223140494515e-01
9.650000000000000000e+02 9.987014082644627422e-01 9.966944495867767762e-01
9.700000000000000000e+02 9.992314611570245475e-01 9.968417057851240992e-01
9.750000000000000000e+02 9.999388628099173948e-01 9.967880099173556108e-01
9.800000000000000000e+02 1.001554641322313977e+00 9.981765818181816963e-01
9.850000000000000000e+02 9.988564628099172449e-01 9.959673851239669862e-01
9.900000000000000000e+02 1.000443943801653024e+00 9.955510876033057954e-01
9.950000000000000000e+02 9.988586280991735844e-01 9.976670611570248592e-01
