0.000000000000000000e+00 4.636363636363637075e-02 4.636363636363637075e-02
5.000000000000000000e+00 9.771106380165288652e-01 9.238720099173554079e-01
1.000000000000000000e+01 9.857728528925620015e-01 9.358254710743801885e-01
1.500000000000000000e+01 9.847103305785125382e-01 9.381539140495867013e-01
2.000000000000000000e+01 9.872958115702479276e-01 9.398064628099174200e-01
2.500000000000000000e+01 9.888710148760330165e-01 9.445504099173552826e-01
3.000000000000000000e+01 9.907474446280991609e-01 9.466909520661157540e-01
3.500000000000000000e+01 9.918479074380164295e-01 9.467374545454545487e-01
4.000000000000000000e+01 9.892694413223139804e-01 9.495952099173553540e-01
4.500000000000000000e+01 9.905145057851238999e-01 9.496400528925619255e-01
5.000000000000000000e+01 9.910660628099174918e-01 9.521503471074380665e-01
5.500000000000000000e+01 9.935710380165290179e-01 9.535601355371902121e-01
6.000000000000000000e+01 9.917031008264464154e-01 9.535268826446280377e-01
6.500000000000000000e+01 9.931444396694214527e-01 9.553541983471074417e-01
7.000000000000000000e+01 9.921859041322313999e-01 9.563981223140494148e-01
7.500000000000000000e+01 9.912925388429751905e-01 9.585947801652892064e-01
8.000000000000000000e+01 9.928516231404959091e-01 9.567671338842973494e-01
8.500000000000000000e+01 9.944581487603304515e-01 9.610752132231403788e-01
9.000000000000000000e+01 9.943427107438017609e-01 9.611736396694213758e-01
9.500000000000000000e+01 9.949233752066117820e-01 9.595992066115701657e-01
1.000000000000000000e+02 9.937549388429751662e-01 9.620994181818181001e-01
1.050000000000000000e+02 9.934951272727273741e-01 9.643468859504131796e-01
1.100000000000000000e+02 9.931550909090909318e-01 9.640425685950413381e-01
1.150000000000000000e+02 9.927793619834710537e-01 9.642414743801653865e-01
1.200000000000000000e+02 9.944974479338842821e-01 9.653682280991736642e-01
1.250000000000000000e+02 9.932020595041322064e-01 9.658940661157024987e-01
1.300000000000000000e+02 9.937776595041322159e-01 9.682609619834712245e-01
1.350000000000000000e+02 9.939079801652892510e-01 9.666616991735536013e-01
1.400000000000000000e+02 9.965885619834713438e-01 9.659491074380165410e-01
1.450000000000000000e+02 9.935695107438015095e-01 9.686227504132229882e-01
1.500000000000000000e+02 9.932942743801653762e-01 9.698480000000000434e-01
1.550000000000000000e+02 9.959735008264463119e-01 9.681401090909089735e-01
1.600000000000000000e+02 9.952193057851237423e-01 9.699410115702480351e-01
1.650000000000000000e+02 9.965810049586776298e-01 9.712094082644628923e-01
1.700000000000000000e+02 9.962501719008265422e-01 9.712761289256197639e-01
1.750000000000000000e+02 9.958734776859504700e-01 9.735403834710742998e-01
1.800000000000000000e+02 9.970956231404958237e-01 9.712865322314050420e-01
1.850000000000000000e+02 9.937387074380165108e-01 9.720744661157023625e-01
1.900000000000000000e+02 9.947426975206610233e-01 9.745141322314049281e-01
1.950000000000000000e+02 9.958787140495868329e-01 9.751055471074380199e-01
2.000000000000000000e+02 9.953325818181817386e-01 9.725380396694213170e-01
2.050000000000000000e+02 9.977629057851240546e-01 9.756800495867767875e-01
2.100000000000000000e+02 9.951523603305784116e-01 9.770187966942147639e-01
2.150000000000000000e+02 9.968405190082643141e-01 9.754951272727272471e-01
2.200000000000000000e+02 9.965577487603308748e-01 9.750621586776858640e-01
2.250000000000000000e+02 9.970598842975206821e-01 9.789059107438017326e-01
2.300000000000000000e+02 9.954938909090909060e-01 9.777217057851238513e-01
2.350000000000000000e+02 9.952728661157024259e-01 9.797188396694214152e-01
2.400000000000000000e+02 9.963938644628097530e-01 9.771690776859504046e-01
2.450000000000000000e+02 9.973994942148760590e-01 9.769507107438016869e-01
2.500000000000000000e+02 9.962249818181817540e-01 9.803490214876033892e-01
2.550000000000000000e+02 9.969704264462808663e-01 9.792722247933884905e-01
2.600000000000000000e+02 9.956464231404957843e-01 9.778584892561983377e-01
2.650000000000000000e+02 9.959511900826445441e-01 9.784150578512396113e-01
2.700000000000000000e+02 9.978783206611570034e-01 9.792733586776858346e-01
2.750000000000000000e+02 9.963375735537189914e-01 9.810673719008263793e-01
2.800000000000000000e+02 9.972112826446283274e-01 9.800032793388429031e-01
2.850000000000000000e+02 9.973170611570247868e-01 9.795999107438018161e-01
2.900000000000000000e+02 9.946442842975207199e-01 9.821817619834710689e-01
2.950000000000000000e+02 9.946768793388430785e-01 9.803478413223141175e-01
3.000000000000000000e+02 9.954969355371900974e-01 9.805811867768594592e-01
3.050000000000000000e+02 9.982487272727272876e-01 9.840177057851239306e-01
3.100000000000000000e+02 9.973145024793387270e-01 9.831592165289254615e-01
3.150000000000000000e+02 9.974632958677686068e-01 9.838569057851239696e-01
3.200000000000000000e+02 9.968403107438016386e-01 9.844830314049588527e-01
3.250000000000000000e+02 9.987561289256199348e-01 9.846478876033059047e-01
3.300000000000000000e+02 9.984966776859502957e-01 9.848270578512396956e-01
3.350000000000000000e+02 9.974775107438015320e-01 9.854846082644627137e-01
3.400000000000000000e+02 9.994679966942149330e-01 9.853161289256199273e-01
3.450000000000000000e+02 9.963427669421486277e-01 9.846200495867767355e-01
3.500000000000000000e+02 9.970606876033057953e-01 9.851614280991736194e-01
3.550000000000000000e+02 9.958851867768595545e-01 9.858657487603306180e-01
3.600000000000000000e+02 9.962015735537189665e-01 9.857278016528925324e-01
3.650000000000000000e+02 9.967098876033055888e-01 9.854488132231405961e-01
3.700000000000000000e+02 9.976509057851240536e-01 9.858870214876033211e-01
3.750000000000000000e+02 9.972402413223140361e-01 9.885967636363636180e-01
3.800000000000000000e+02 1.000242380165289102e+00 9.881531107438016326e-01
3.850000000000000000e+02 9.989560727272724927e-01 9.881659107438014455e-01
3.900000000000000000e+02 9.972126082644627854e-01 9.882370181818181942e-01
3.950000000000000000e+02 9.984393090909090551e-01 9.870060561983470260e-01
4.000000000000000000e+02 9.993475140495868825e-01 9.871636528925620269e-01
4.050000000000000000e+02 9.970117223140496643e-01 9.893150710743799925e-01
4.100000000000000000e+02 9.978602611570247527e-01 9.906309157024791867e-01
4.150000000000000000e+02 9.966151404958676352e-01 9.881373024793388415e-01
4.200000000000000000e+02 9.981615537190082765e-01 9.884317487603306862e-01
4.250000000000000000e+02 9.974914545454545145e-01 9.910086512396694136e-01
4.300000000000000000e+02 9.981783867768594387e-01 9.901770545454546824e-01
4.350000000000000000e+02 9.981552066115702004e-01 9.882692297520661029e-01
4.400000000000000000e+02 9.974995966942149517e-01 9.907065950413223021e-01
4.450000000000000000e+02 9.994342181818181015e-01 9.898217983471073733e-01
4.500000000000000000e+02 9.981134115702481324e-01 9.903820561983470716e-01
4.550000000000000000e+02 9.977378776859504583e-01 9.890966512396694998e-01
4.600000000000000000e+02 9.968205652892561108e-01 9.902477123966942907e-01
4.650000000000000000e+02 9.972347471074380909e-01 9.914659867768594870e-01
4.700000000000000000e+02 9.984510942148761004e-01 9.910550876033056289e-01
4.750000000000000000e+02 9.976431702479338082e-01 9.904333123966940766e-01
4.800000000000000000e+02 9.981601884297519600e-01 9.924809553719006194e-01
4.850000000000000000e+02 9.977091074380164404e-01 9.925171570247932618e-01
4.900000000000000000e+02 9.977391537190083426e-01 9.914268066115703437e-01
4.950000000000000000e+02 9.986391008264463576e-01 9.926031999999999078e-01
5.000000000000000000e+02 9.998574842975205268e-01 9.921533586776860592e-01
5.050000000000000000e+02 9.981764495867768705e-01 9.942900561983470942e-01
5.100000000000000000e+02 9.984305123966941142e-01 9.939835768595040033e-01
5.150000000000000000e+02 9.985538380165289718e-01 9.933363768595041554e-01
5.200000000000000000e+02 9.995132000000002126e-01 9.936656991735537403e-01
5.250000000000000000e+02 9.997527669421486518e-01 9.936345223140495841e-01
5.300000000000000000e+02 1.000185371900826237e+00 9.931463140495868647e-01
5.350000000000000000e+02 9.993011504132229827e-01 9.932527206611571069e-01
5.400000000000000000e+02 1.000443282644628118e+00 9.942600826446282847e-01
5.450000000000000000e+02 9.989571371900826113e-01 9.929114314049586332e-01
5.500000000000000000e+02 9.996247140495867489e-01 9.940970578512395850e-01
5.550000000000000000e+02 9.981920528925620761e-01 9.930044132231404808e-01
5.600000000000000000e+02 9.999590413223138352e-01 9.940275272727271405e-01
5.650000000000000000e+02 9.985256760330580850e-01 9.938305785123967562e-01
5.700000000000000000e+02 9.993790942148761403e-01 9.930697289256198435e-01
5.750000000000000000e+02 9.993099834710743590e-01 9.940494710743801310e-01
5.800000000000000000e+02 9.980765322314049115e-01 9.936240099173552220e-01
5.850000000000000000e+02 9.999803074380164691e-01 9.943945685950413838e-01
5.900000000000000000e+02 9.998149983471075197e-01 9.943252297520659422e-01
5.950000000000000000e+02 9.988989884297518884e-01 9.938322016528925440e-01
6.000000000000000000e+02 9.985981487603305951e-01 9.940825619834710025e-01
6.050000000000000000e+02 9.995293123966941806e-01 9.948801190082644519e-01
6.100000000000000000e+02 9.979332958677685772e-01 9.923126049586776798e-01
6.150000000000000000e+02 1.000073004958677680e+00 9.951708826446280520e-01
6.200000000000000000e+02 9.988705322314048729e-01 9.933095636363635794e-01
6.250000000000000000e+02 9.989583900826446428e-01 9.974386049586776437e-01
6.300000000000000000e+02 9.982808892561984004e-01 9.934366512396695104e-01
6.350000000000000000e+02 9.994614446280991604e-01 9.956029553719009106e-01
6.400000000000000000e+02 1.001288856198347066e+00 9.960567008264462618e-01
6.450000000000000000e+02 9.975565719008265830e-01 9.963108561983471390e-01
6.500000000000000000e+02 1.000993646280991856e+00 9.942542247933884303e-01
6.550000000000000000e+02 9.988540429752065242e-01 9.955540132231405215e-01
6.600000000000000000e+02 9.991731239669420228e-01 9.923632892561983221e-01
6.650000000000000000e+02 9.999713917355370629e-01 9.966200826446280914e-01
6.700000000000000000e+02 9.993141289256197712e-01 9.942985190082644920e-01
6.750000000000000000e+02 9.981599702479337921e-01 9.927853917355371483e-01
6.800000000000000000e+02 9.993443537190082049e-01 9.957134479338842770e-01
6.850000000000000000e+02 9.977304661157024857e-01 9.958884033057850971e-01
6.900000000000000000e+02 9.994488727272727857e-01 9.938215438016528847e-01
6.950000000000000000e+02 9.996364925619835029e-01 9.943266512396695678e-01
7.000000000000000000e+02 9.982120297520660213e-01 9.956833586776859812e-01
7.050000000000000000e+02 9.990792958677687796e-01 9.946790049586777815e-01
7.100000000000000000e+02 1.000110148760330553e+00 9.952227008264461494e-01
7.150000000000000000e+02 9.993159636363635467e-01 9.967225685950411584e-01
7.200000000000000000e+02 9.990687272727271084e-01 9.959477884297520678e-01
7.250000000000000000e+02 9.982694214876033367e-01 9.956229487603305284e-01
7.300000000000000000e+02 1.000862023140495882e+00 9.947658347107438681e-01
7.350000000000000000e+02 9.999146181818181489e-01 9.948340561983470831e-01
7.400000000000000000e+02 1.000783900826446304e+00 9.957155438016528359e-01
7.450000000000000000e+02 9.994529884297520539e-01 9.940297818181818013e-01
7.500000000000000000e+02 1.000565064462809683e+00 9.951459867768595036e-01
7.550000000000000000e+02 9.980786280991736925e-01 9.950416165289256432e-01
7.600000000000000000e+02 9.993237190082645549e-01 9.973885190082644181e-01
7.650000000000000000e+02 9.993061752066116910e-01 9.949448727272727222e-01
7.700000000000000000e+02 9.997830247933887637e-01 9.957601619834710593e-01
7.750000000000000000e+02 9.995485851239669373e-01 9.960829487603305443e-01
7.800000000000000000e+02 9.995521917355369990e-01 9.970742809917355620e-01
7.850000000000000000e+02 1.000357428099173607e+00 9.940705157024793959e-01
7.900000000000000000e+02 9.998203966942149634e-01 9.952077223140495255e-01
7.950000000000000000e+02 9.995472099173554614e-01 9.967880892561982176e-01
8.000000000000000000e+02 1.001092922314049449e+00 9.982162776859503373e-01
8.050000000000000000e+02 9.985031438016529481e-01 9.960464198347107612e-01
8.100000000000000000e+02 9.990388066115702959e-01 9.959568991735539001e-01
8.150000000000000000e+02 1.000163355371900931e+00 9.958585190082642757e-01
8.200000000000000000e+02 9.996677322314049263e-01 9.962513388429752315e-01
8.250000000000000000e+02 1.000131315702479373e+00 9.969076297520660379e-01
8.300000000000000000e+02 1.000535153719008141e+00 9.948941752066117195e-01
8.350000000000000000e+02 1.000053861157024659e+00 9.975923404958677576e-01
8.400000000000000000e+02 9.995551173553718360e-01 9.958952859504132116e-01
8.450000000000000000e+02 9.994966876033057890e-01 9.968057421487603875e-01
8.500000000000000000e+02 9.987322842975207005e-01 9.941098611570247101e-01
8.550000000000000000e+02 9.994332826446280515e-01 9.953509355371901179e-01
8.600000000000000000e+02 9.991999074380165657e-01 9.971591537190083177e-01
8.650000000000000000e+02 9.984378148760331140e-01 9.974183669421486931e-01
8.700000000000000000e+02 9.977870545454544660e-01 9.972271504132230735e-01
8.750000000000000000e+02 9.982666280991736585e-01 9.964161851239667911e-01
8.800000000000000000e+02 9.996167900826445907e-01 9.960218809917356086e-01
8.850000000000000000e+02 9.983122380165287968e-01 9.959854578512397083e-01
8.900000000000000000e+02 9.981182181818180066e-01 9.970767933884296941e-01
8.950000000000000000e+02 9.981743867768596568e-01 9.971402975206611341e-01
9.000000000000000000e+02 1.000648185123966805e+00 9.964184462809917431e-01
9.050000000000000000e+02 9.993795537190081069e-01 9.973535438016527532e-01
9.100000000000000000e+02 1.000581804958677656e+00 9.984890082644628517e-01
9.150000000000000000e+02 1.000308799999999776e+00 9.950939107438016018e-01
9.200000000000000000e+02 9.993061983471074328e-01 9.967075933884297356e-01
9.250000000000000000e+02 9.989886909090909262e-01 9.963679768595040676e-01
9.300000000000000000e+02 1.000363014876033185e+00 9.947325818181818047e-01
9.350000000000000000e+02 9.997644165289253371e-01 9.961501983471074961e-01
9.400000000000000000e+02 9.996282545454546753e-01 9.960127636363637071e-01
9.450000000000000000e+02 9.998935867768594665e-01 9.962171702479338808e-01
9.500000000000000000e+02 1.000590006611570271e+00 9.960347404958677098e-01
9.550000000000000000e+02 9.997264297520661591e-01 9.969215140495867322e-01
9.600000000000000000e+02 9.998548826446281845e-01 9.988305223140494515e-01
9.650000000000000000e+02 9.993898776859504451e-01 9.966944495867767762e-01
9.700000000000000000e+02 9.998575173553717610e-01 9.968417057851240992e-01
9.750000000000000000e+02 9.992296561983471381e-01 9.967880099173556108e-01
9.800000000000000000e+02 9.994635305785122270e-01 9.981765818181816963e-01
9.850000000000000000e+02 9.982449123966941062e-01 9.959673851239669862e-01
9.900000000000000000e+02 9.998881090909090830e-01 9.955510876033057954e-01
9.950000000000000000e+02 9.997339404958678344e-01 9.976670611570248592e-01
