0.000000000000000000e+00 4.636363636363637075e-02 4.636363636363637075e-02
5.000000000000000000e+00 9.826677752066116378e-01 9.238720099173554079e-01
1.000000000000000000e+01 9.853125190082643314e-01 9.358254710743801885e-01
1.500000000000000000e+01 9.857995239669421483e-01 9.381539140495867013e-01
2.000000000000000000e+01 9.879176264462810053e-01 9.398064628099174200e-01
2.500000000000000000e+01 9.874805752066115883e-01 9.445504099173552826e-01
3.000000000000000000e+01 9.887635338842972743e-01 9.466909520661157540e-01
3.500000000000000000e+01 9.919297752066114082e-01 9.467374545454545487e-01
4.000000000000000000e+01 9.908642479338842790e-01 9.495952099173553540e-01
4.500000000000000000e+01 9.916529090909090849e-01 9.496400528925619255e-01
5.000000000000000000e+01 9.913964033057851566e-01 9.521503471074380665e-01
5.500000000000000000e+01 9.911624132231405815e-01 9.535601355371902121e-01
6.000000000000000000e+01 9.940314446280990035e-01 9.535268826446280377e-01
6.500000000000000000e+01 9.921776396694215183e-01 9.553541983471074417e-01
7.000000000000000000e+01 9.921572000000000724e-01 9.563981223140494148e-01
7.500000000000000000e+01 9.932013090909089792e-01 9.585947801652892064e-01
8.000000000000000000e+01 9.945621719008264083e-01 9.567671338842973494e-01
8.500000000000000000e+01 9.939584363636363440e-01 9.610752132231403788e-01
9.000000000000000000e+01 9.958069851239669257e-01 9.611736396694213758e-01
9.500000000000000000e+01 9.934118446280990611e-01 9.595992066115701657e-01
1.000000000000000000e+02 9.961667239669422802e-01 9.620994181818181001e-01
1.050000000000000000e+02 9.947139867768595156e-01 9.643468859504131796e-01
1.100000000000000000e+02 9.944757223140495705e-01 9.640425685950413381e-01
1.150000000000000000e+02 9.927161157024793070e-01 9.642414743801653865e-01
1.200000000000000000e+02 9.948973256198347936e-01 9.653682280991736642e-01
1.250000000000000000e+02 9.955152793388430954e-01 9.658940661157024987e-01
1.300000000000000000e+02 9.953561652892561895e-01 9.682609619834712245e-01
1.350000000000000000e+02 9.951040264462809315e-01 9.666616991735536013e-01
1.400000000000000000e+02 9.935581983471075684e-01 9.659491074380165410e-01
1.450000000000000000e+02 9.948803471074378901e-01 9.686227504132229882e-01
1.500000000000000000e+02 9.964122975206611832e-01 9.698480000000000434e-01
1.550000000000000000e+02 9.963217090909092244e-01 9.681401090909089735e-01
1.600000000000000000e+02 9.954010181818180314e-01 9.699410115702480351e-01
1.650000000000000000e+02 9.953971107438015498e-01 9.712094082644628923e-01
1.700000000000000000e+02 9.964618677685948001e-01 9.712761289256197639e-01
1.750000000000000000e+02 9.962675768595040671e-01 9.735403834710742998e-01
1.800000000000000000e+02 9.982693057851237395e-01 9.712865322314050420e-01
1.850000000000000000e+02 9.953105917355372645e-01 9.720744661157023625e-01
1.900000000000000000e+02 9.972844859504134130e-01 9.745141322314049281e-01
1.950000000000000000e+02 9.966593983471074836e-01 9.751055471074380199e-01
2.000000000000000000e+02 9.975084826446281028e-01 9.725380396694213170e-01
2.050000000000000000e+02 9.949632132231405190e-01 9.756800495867767875e-01
2.100000000000000000e+02 9.969391537190082087e-01 9.770187966942147639e-01
2.150000000000000000e+02 9.992594016528926204e-01 9.754951272727272471e-01
2.200000000000000000e+02 9.986863173553720552e-01 9.750621586776858640e-01
2.250000000000000000e+02 9.952178743801652905e-01 9.789059107438017326e-01
2.300000000000000000e+02 9.960175206611572296e-01 9.777217057851238513e-01
2.350000000000000000e+02 9.980657553719008979e-01 9.797188396694214152e-01
2.400000000000000000e+02 9.969657917355372323e-01 9.771690776859504046e-01
2.450000000000000000e+02 9.970319801652893776e-01 9.769507107438016869e-01
2.500000000000000000e+02 9.965467966942151978e-01 9.803490214876033892e-01
2.550000000000000000e+02 9.961350809917355331e-01 9.792722247933884905e-01
2.600000000000000000e+02 9.980361652892563162e-01 9.778584892561983377e-01
2.650000000000000000e+02 9.977455338842975419e-01 9.784150578512396113e-01
2.700000000000000000e+02 9.962318347107436134e-01 9.792733586776858346e-01
2.750000000000000000e+02 9.980699504132231059e-01 9.810673719008263793e-01
2.800000000000000000e+02 9.969709818181817784e-01 9.800032793388429031e-01
2.850000000000000000e+02 9.977875272727274591e-01 9.795999107438018161e-01
2.900000000000000000e+02 9.976753421487603024e-01 9.821817619834710689e-01
2.950000000000000000e+02 9.980796429752066823e-01 9.803478413223141175e-01
3.000000000000000000e+02 9.980398809917356839e-01 9.805811867768594592e-01
3.050000000000000000e+02 9.977117586776858005e-01 9.840177057851239306e-01
3.100000000000000000e+02 9.973277586776857495e-01 9.831592165289254615e-01
3.150000000000000000e+02 9.963945752066116768e-01 9.838569057851239696e-01
3.200000000000000000e+02 9.980509190082644810e-01 9.844830314049588527e-01
3.250000000000000000e+02 9.986349719008265069e-01 9.846478876033059047e-01
3.300000000000000000e+02 9.941406082644628217e-01 9.848270578512396956e-01
3.350000000000000000e+02 9.981513322314048420e-01 9.854846082644627137e-01
3.400000000000000000e+02 9.956505586776860373e-01 9.853161289256199273e-01
3.450000000000000000e+02 9.986327702479338431e-01 9.846200495867767355e-01
3.500000000000000000e+02 9.984611140495867065e-01 9.851614280991736194e-01
3.550000000000000000e+02 9.982100760330577804e-01 9.858657487603306180e-01
3.600000000000000000e+02 9.990970446280991180e-01 9.857278016528925324e-01
3.650000000000000000e+02 9.990083404958678415e-01 9.854488132231405961e-01
3.700000000000000000e+02 9.981405157024794139e-01 9.858870214876033211e-01
3.750000000000000000e+02 9.976523768595040309e-01 9.885967636363636180e-01
3.800000000000000000e+02 9.988358776859502797e-01 9.881531107438016326e-01
3.850000000000000000e+02 9.981493289256198054e-01 9.881659107438014455e-01
3.900000000000000000e+02 9.988001190082644865e-01 9.882370181818181942e-01
3.950000000000000000e+02 9.978571504132229819e-01 9.870060561983470260e-01
4.000000000000000000e+02 9.985290413223140149e-01 9.871636528925620269e-01
4.050000000000000000e+02 9.978397388429753878e-01 9.893150710743799925e-01
4.100000000000000000e+02 9.975788462809915824e-01 9.906309157024791867e-01
4.150000000000000000e+02 9.994751239669421583e-01 9.881373024793388415e-01
4.200000000000000000e+02 9.973810975206610641e-01 9.884317487603306862e-01
4.250000000000000000e+02 9.988529322314049219e-01 9.910086512396694136e-01
4.300000000000000000e+02 9.992698776859503251e-01 9.901770545454546824e-01
4.350000000000000000e+02 9.979267305785123332e-01 9.882692297520661029e-01
4.400000000000000000e+02 9.985404429752063882e-01 9.907065950413223021e-01
4.450000000000000000e+02 9.969743338842974589e-01 9.898217983471073733e-01
4.500000000000000000e+02 9.987736495867768349e-01 9.903820561983470716e-01
4.550000000000000000e+02 9.973584132231405608e-01 9.890966512396694998e-01
4.600000000000000000e+02 9.979849190082644705e-01 9.902477123966942907e-01
4.650000000000000000e+02 9.983000760330578149e-01 9.914659867768594870e-01
4.700000000000000000e+02 1.000110945454545375e+00 9.910550876033056289e-01
4.750000000000000000e+02 9.996764892561984528e-01 9.904333123966940766e-01
4.800000000000000000e+02 9.972762446280991622e-01 9.924809553719006194e-01
4.850000000000000000e+02 9.998165851239668722e-01 9.925171570247932618e-01
4.900000000000000000e+02 9.999277520661158380e-01 9.914268066115703437e-01
4.950000000000000000e+02 9.996125719008265298e-01 9.926031999999999078e-01
5.000000000000000000e+02 9.987439867768597157e-01 9.921533586776860592e-01
5.050000000000000000e+02 1.000326515702479213e+00 9.942900561983470942e-01
5.100000000000000000e+02 1.000053411570247963e+00 9.939835768595040033e-01
5.150000000000000000e+02 9.998052859504131806e-01 9.933363768595041554e-01
5.200000000000000000e+02 9.982625157024793694e-01 9.936656991735537403e-01
5.250000000000000000e+02 9.988491603305785782e-01 9.936345223140495841e-01
5.300000000000000000e+02 9.983959107438016289e-01 9.931463140495868647e-01
5.350000000000000000e+02 9.972672297520659423e-01 9.932527206611571069e-01
5.400000000000000000e+02 9.991946876033056535e-01 9.942600826446282847e-01
5.450000000000000000e+02 9.986458181818183011e-01 9.929114314049586332e-01
5.500000000000000000e+02 9.997030148760330803e-01 9.940970578512395850e-01
5.550000000000000000e+02 9.995919735537188711e-01 9.930044132231404808e-01
5.600000000000000000e+02 9.997704528925620560e-01 9.940275272727271405e-01
5.650000000000000000e+02 9.974905685950412604e-01 9.938305785123967562e-01
5.700000000000000000e+02 9.987737454545454474e-01 9.930697289256198435e-01
5.750000000000000000e+02 9.996026082644627886e-01 9.940494710743801310e-01
5.800000000000000000e+02 9.993335900826444407e-01 9.936240099173552220e-01
5.850000000000000000e+02 9.985708429752067072e-01 9.943945685950413838e-01
5.900000000000000000e+02 1.000114363636363635e+00 9.943252297520659422e-01
5.950000000000000000e+02 9.997346942148759297e-01 9.938322016528925440e-01
6.000000000000000000e+02 9.979063603305785568e-01 9.940825619834710025e-01
6.050000000000000000e+02 1.000413695867768737e+00 9.948801190082644519e-01
6.100000000000000000e+02 9.984094809917356539e-01 9.923126049586776798e-01
6.150000000000000000e+02 9.987228363636363460e-01 9.951708826446280520e-01
6.200000000000000000e+02 9.988872859504134283e-01 9.933095636363635794e-01
6.250000000000000000e+02 9.989133057851240505e-01 9.974386049586776437e-01
6.300000000000000000e+02 9.992035834710744080e-01 9.934366512396695104e-01
6.350000000000000000e+02 1.000462330578512304e+00 9.956029553719009106e-01
6.400000000000000000e+02 9.992913289256198928e-01 9.960567008264462618e-01
6.450000000000000000e+02 9.984538677685950159e-01 9.963108561983471390e-01
6.500000000000000000e+02 1.000209024793388357e+00 9.942542247933884303e-01
6.550000000000000000e+02 9.981146148760331460e-01 9.955540132231405215e-01
6.600000000000000000e+02 1.000997170247933665e+00 9.923632892561983221e-01
6.650000000000000000e+02 9.993908264462809665e-01 9.966200826446280914e-01
6.700000000000000000e+02 1.000371018181818172e+00 9.942985190082644920e-01
6.750000000000000000e+02 9.992767603305786617e-01 9.927853917355371483e-01
6.800000000000000000e+02 9.994346743801653110e-01 9.957134479338842770e-01
6.850000000000000000e+02 9.993490214876035171e-01 9.958884033057850971e-01
6.900000000000000000e+02 1.000134783471074318e+00 9.938215438016528847e-01
6.950000000000000000e+02 1.000683434710743835e+00 9.943266512396695678e-01
7.000000000000000000e+02 1.000818234710743715e+00 9.956833586776859812e-01
7.050000000000000000e+02 1.000163738842975381e+00 9.946790049586777815e-01
7.100000000000000000e+02 1.000083160330578647e+00 9.952227008264461494e-01
7.150000000000000000e+02 9.987104165289256708e-01 9.967225685950411584e-01
7.200000000000000000e+02 1.000752892561983298e+00 9.959477884297520678e-01
7.250000000000000000e+02 9.992954247933882872e-01 9.956229487603305284e-01
7.300000000000000000e+02 1.000365371900826528e+00 9.947658347107438681e-01
7.350000000000000000e+02 9.995843537190081118e-01 9.948340561983470831e-01
7.400000000000000000e+02 1.000665008264463030e+00 9.957155438016528359e-01
7.450000000000000000e+02 9.979684396694213921e-01 9.940297818181818013e-01
7.500000000000000000e+02 9.998254909090910081e-01 9.951459867768595036e-01
7.550000000000000000e+02 1.001033199999999956e+00 9.950416165289256432e-01
7.600000000000000000e+02 9.995441388429753271e-01 9.973885190082644181e-01
7.650000000000000000e+02 9.994289322314047208e-01 9.949448727272727222e-01
7.700000000000000000e+02 9.981813685950411408e-01 9.957601619834710593e-01
7.750000000000000000e+02 9.993582347107438091e-01 9.960829487603305443e-01
7.800000000000000000e+02 9.996345190082644994e-01 9.970742809917355620e-01
7.850000000000000000e+02 9.985917752066116870e-01 9.940705157024793959e-01
7.900000000000000000e+02 9.990836429752064651e-01 9.952077223140495255e-01
7.950000000000000000e+02 9.993502578512398760e-01 9.967880892561982176e-01
8.000000000000000000e+02 9.990385520661156926e-01 9.982162776859503373e-01
8.050000000000000000e+02 1.000829910743801454e+00 9.960464198347107612e-01
8.100000000000000000e+02 1.000202314049586594e+00 9.959568991735539001e-01
8.150000000000000000e+02 9.992605719008263998e-01 9.958585190082642757e-01
8.200000000000000000e+02 1.001145110743801636e+00 9.962513388429752315e-01
8.250000000000000000e+02 9.991035173553720616e-01 9.969076297520660379e-01
8.300000000000000000e+02 1.001405771900826469e+00 9.948941752066117195e-01
8.350000000000000000e+02 1.000096099173553688e+00 9.975923404958677576e-01
8.400000000000000000e+02 1.000092981818181848e+00 9.958952859504132116e-01
8.450000000000000000e+02 1.000735454545454317e+00 9.968057421487603875e-01
8.500000000000000000e+02 1.000531943801652890e+00 9.941098611570247101e-01
8.550000000000000000e+02 1.001214082644628300e+00 9.953509355371901179e-01
8.600000000000000000e+02 9.996945983471073882e-01 9.971591537190083177e-01
8.650000000000000000e+02 1.000062889256198240e+00 9.974183669421486931e-01
8.700000000000000000e+02 1.000913785123966671e+00 9.972271504132230735e-01
8.750000000000000000e+02 1.001786221487603212e+00 9.964161851239667911e-01
8.800000000000000000e+02 1.001569335537189964e+00 9.960218809917356086e-01
8.850000000000000000e+02 9.992254049586776210e-01 9.959854578512397083e-01
8.900000000000000000e+02 1.000596419834710815e+00 9.970767933884296941e-01
8.950000000000000000e+02 1.001488915702479110e+00 9.971402975206611341e-01
9.000000000000000000e+02 9.990015107438017239e-01 9.964184462809917431e-01
9.050000000000000000e+02 9.990946809917355953e-01 9.973535438016527532e-01
9.100000000000000000e+02 1.000700899173553760e+00 9.984890082644628517e-01
9.150000000000000000e+02 9.990109983471073818e-01 9.950939107438016018e-01
9.200000000000000000e+02 1.000483596694214938e+00 9.967075933884297356e-01
9.250000000000000000e+02 1.002001867768595122e+00 9.963679768595040676e-01
9.300000000000000000e+02 9.989365685950414298e-01 9.947325818181818047e-01
9.350000000000000000e+02 1.000537028099173442e+00 9.961501983471074961e-01
9.400000000000000000e+02 9.998822446280991594e-01 9.960127636363637071e-01
9.450000000000000000e+02 1.000261732231404910e+00 9.962171702479338808e-01
9.500000000000000000e+02 1.000257057851239306e+00 9.960347404958677098e-01
9.550000000000000000e+02 1.000882919008264427e+00 9.969215140495867322e-01
9.600000000000000000e+02 9.985268297520659697e-01 9.988305223140494515e-01
9.650000000000000000e+02 1.002235880991735550e+00 9.966944495867767762e-01
9.700000000000000000e+02 1.001986234710743773e+00 9.968417057851240992e-01
9.750000000000000000e+02 9.994027173553717835e-01 9.967880099173556108e-01
9.800000000000000000e+02 9.988127173553719151e-01 9.981765818181816963e-01
9.850000000000000000e+02 1.000376895867768567e+00 9.959673851239669862e-01
9.900000000000000000e+02 9.995652826446281836e-01 9.955510876033057954e-01
9.950000000000000000e+02 1.001144257851239727e+00 9.976670611570248592e-01
