0.000000000000000000e+00 4.636363636363637075e-02 4.636363636363637075e-02
5.000000000000000000e+00 9.827356231404958953e-01 9.238720099173554079e-01
1.000000000000000000e+01 9.850445917355370451e-01 9.358254710743801885e-01
1.500000000000000000e+01 9.872871338842973410e-01 9.381539140495867013e-01
2.000000000000000000e+01 9.875548000000000659e-01 9.398064628099174200e-01
2.500000000000000000e+01 9.869218909090908820e-01 9.445504099173552826e-01
3.000000000000000000e+01 9.891152793388429121e-01 9.466909520661157540e-01
3.500000000000000000e+01 9.897937024793387328e-01 9.467374545454545487e-01
4.000000000000000000e+01 9.903215206611569732e-01 9.495952099173553540e-01
4.500000000000000000e+01 9.912126743801653594e-01 9.496400528925619255e-01
5.000000000000000000e+01 9.914505289256198006e-01 9.521503471074380665e-01
5.500000000000000000e+01 9.945101851239670498e-01 9.535601355371902121e-01
6.000000000000000000e+01 9.935321421487601778e-01 9.535268826446280377e-01
6.500000000000000000e+01 9.923594148760329636e-01 9.553541983471074417e-01
7.000000000000000000e+01 9.936529454545454110e-01 9.563981223140494148e-01
7.500000000000000000e+01 9.935552925619834941e-01 9.585947801652892064e-01
8.000000000000000000e+01 9.911781950413223186e-01 9.567671338842973494e-01
8.500000000000000000e+01 9.937233388429753678e-01 9.610752132231403788e-01
9.000000000000000000e+01 9.940937983471075379e-01 9.611736396694213758e-01
9.500000000000000000e+01 9.948697322314050684e-01 9.595992066115701657e-01
1.000000000000000000e+02 9.955845652892560960e-01 9.620994181818181001e-01
1.050000000000000000e+02 9.952076892561982913e-01 9.643468859504131796e-01
1.100000000000000000e+02 9.953742611570246535e-01 9.640425685950413381e-01
1.150000000000000000e+02 9.960799570247933499e-01 9.642414743801653865e-01
1.200000000000000000e+02 9.938883471074380083e-01 9.653682280991736642e-01
1.250000000000000000e+02 9.942178413223141664e-01 9.658940661157024987e-01
1.300000000000000000e+02 9.965456628099171876e-01 9.682609619834712245e-01
1.350000000000000000e+02 9.974718809917355600e-01 9.666616991735536013e-01
1.400000000000000000e+02 9.930369851239669865e-01 9.659491074380165410e-01
1.450000000000000000e+02 9.974282247933883294e-01 9.686227504132229882e-01
1.500000000000000000e+02 9.969576925619835217e-01 9.698480000000000434e-01
1.550000000000000000e+02 9.988044661157025050e-01 9.681401090909089735e-01
1.600000000000000000e+02 9.968377719008264526e-01 9.699410115702480351e-01
1.650000000000000000e+02 9.950750413223140578e-01 9.712094082644628923e-01
1.700000000000000000e+02 9.963581123966941400e-01 9.712761289256197639e-01
1.750000000000000000e+02 9.981030644628099413e-01 9.735403834710742998e-01
1.800000000000000000e+02 9.975875933884296165e-01 9.712865322314050420e-01
1.850000000000000000e+02 9.977522611570247557e-01 9.720744661157023625e-01
1.900000000000000000e+02 9.965130677685950511e-01 9.745141322314049281e-01
1.950000000000000000e+02 9.987151933884297339e-01 9.751055471074380199e-01
2.000000000000000000e+02 9.963064462809917421e-01 9.725380396694213170e-01
2.050000000000000000e+02 9.972790677685949845e-01 9.756800495867767875e-01
2.100000000000000000e+02 9.984371768595041718e-01 9.770187966942147639e-01
2.150000000000000000e+02 9.970544694214874548e-01 9.754951272727272471e-01
2.200000000000000000e+02 9.973506611570247538e-01 9.750621586776858640e-01
2.250000000000000000e+02 9.990456264462810321e-01 9.789059107438017326e-01
2.300000000000000000e+02 9.967860595041324601e-01 9.777217057851238513e-01
2.350000000000000000e+02 9.971466677685949520e-01 9.797188396694214152e-01
2.400000000000000000e+02 9.951141090909090270e-01 9.771690776859504046e-01
2.450000000000000000e+02 9.973418545454546535e-01 9.769507107438016869e-01
2.500000000000000000e+02 9.970595966942148447e-01 9.803490214876033892e-01
2.550000000000000000e+02 9.966958148760329816e-01 9.792722247933884905e-01
2.600000000000000000e+02 9.964493520661157344e-01 9.778584892561983377e-01
2.650000000000000000e+02 9.977685256198347563e-01 9.784150578512396113e-01
2.700000000000000000e+02 9.972239504132233145e-01 9.792733586776858346e-01
2.750000000000000000e+02 9.965025586776858901e-01 9.810673719008263793e-01
2.800000000000000000e+02 9.973743471074379974e-01 9.800032793388429031e-01
2.850000000000000000e+02 9.985357355371901056e-01 9.795999107438018161e-01
2.900000000000000000e+02 9.979506975206609010e-01 9.821817619834710689e-01
2.950000000000000000e+02 9.972855867768594118e-01 9.803478413223141175e-01
3.000000000000000000e+02 9.957756661157025624e-01 9.805811867768594592e-01
3.050000000000000000e+02 9.976951008264463017e-01 9.840177057851239306e-01
3.100000000000000000e+02 9.971032561983470544e-01 9.831592165289254615e-01
3.150000000000000000e+02 9.995574776859502686e-01 9.838569057851239696e-01
3.200000000000000000e+02 9.972140066115702250e-01 9.844830314049588527e-01
3.250000000000000000e+02 9.995501685950411996e-01 9.846478876033059047e-01
3.300000000000000000e+02 9.972168561983471013e-01 9.848270578512396956e-01
3.350000000000000000e+02 9.977348958677685342e-01 9.854846082644627137e-01
3.400000000000000000e+02 9.977689322314049480e-01 9.853161289256199273e-01
3.450000000000000000e+02 9.993994545454544243e-01 9.846200495867767355e-01
3.500000000000000000e+02 9.983352892561982994e-01 9.851614280991736194e-01
3.550000000000000000e+02 9.982362082644626877e-01 9.858657487603306180e-01
3.600000000000000000e+02 9.982189553719009734e-01 9.857278016528925324e-01
3.650000000000000000e+02 9.988355537190081179e-01 9.854488132231405961e-01
3.700000000000000000e+02 9.996166644628099451e-01 9.858870214876033211e-01
3.750000000000000000e+02 9.963149454545454642e-01 9.885967636363636180e-01
3.800000000000000000e+02 9.966784991735536670e-01 9.881531107438016326e-01
3.850000000000000000e+02 9.990753322314048779e-01 9.881659107438014455e-01
3.900000000000000000e+02 9.987906148760329339e-01 9.882370181818181942e-01
3.950000000000000000e+02 9.978909619834709366e-01 9.870060561983470260e-01
4.000000000000000000e+02 9.979340892561981979e-01 9.871636528925620269e-01
4.050000000000000000e+02 9.974024363636365687e-01 9.893150710743799925e-01
4.100000000000000000e+02 9.961629024793389187e-01 9.906309157024791867e-01
4.150000000000000000e+02 9.998840330578513402e-01 9.881373024793388415e-01
4.200000000000000000e+02 9.988890776859504772e-01 9.884317487603306862e-01
4.250000000000000000e+02 1.000140452892562148e+00 9.910086512396694136e-01
4.300000000000000000e+02 9.986064231404958580e-01 9.901770545454546824e-01
4.350000000000000000e+02 1.000235246280991586e+00 9.882692297520661029e-01
4.400000000000000000e+02 9.980385950413224183e-01 9.907065950413223021e-01
4.450000000000000000e+02 9.988134479338842686e-01 9.898217983471073733e-01
4.500000000000000000e+02 9.969600363636363927e-01 9.903820561983470716e-01
4.550000000000000000e+02 9.985120066115701354e-01 9.890966512396694998e-01
4.600000000000000000e+02 9.993839735537189961e-01 9.902477123966942907e-01
4.650000000000000000e+02 9.995440892561984203e-01 9.914659867768594870e-01
4.700000000000000000e+02 9.985939900826446003e-01 9.910550876033056289e-01
4.750000000000000000e+02 9.977673619834710461e-01 9.904333123966940766e-01
4.800000000000000000e+02 9.993707636363635682e-01 9.924809553719006194e-01
4.850000000000000000e+02 9.999340892561983107e-01 9.925171570247932618e-01
4.900000000000000000e+02 9.986484925619834030e-01 9.914268066115703437e-01
4.950000000000000000e+02 9.981942446280991366e-01 9.926031999999999078e-01
5.000000000000000000e+02 1.000526310743801606e+00 9.921533586776860592e-01
5.050000000000000000e+02 9.979343801652891255e-01 9.942900561983470942e-01
5.100000000000000000e+02 9.984521123966942913e-01 9.939835768595040033e-01
5.150000000000000000e+02 9.969784297520660754e-01 9.933363768595041554e-01
5.200000000000000000e+02 9.988272528925620231e-01 9.936656991735537403e-01
5.250000000000000000e+02 9.983680264462810872e-01 9.936345223140495841e-01
5.300000000000000000e+02 9.981912330578512904e-01 9.931463140495868647e-01
5.350000000000000000e+02 9.996908231404958434e-01 9.932527206611571069e-01
5.400000000000000000e+02 9.982884694214876342e-01 9.942600826446282847e-01
5.450000000000000000e+02 9.984235570247934621e-01 9.929114314049586332e-01
5.500000000000000000e+02 9.993830347107437451e-01 9.940970578512395850e-01
5.550000000000000000e+02 9.991340892561983988e-01 9.930044132231404808e-01
5.600000000000000000e+02 9.994924661157025270e-01 9.940275272727271405e-01
5.650000000000000000e+02 1.001103613223140343e+00 9.938305785123967562e-01
5.700000000000000000e+02 9.987071900826445248e-01 9.930697289256198435e-01
5.750000000000000000e+02 9.982261884297519705e-01 9.940494710743801310e-01
5.800000000000000000e+02 9.979119768595042794e-01 9.936240099173552220e-01
5.850000000000000000e+02 9.998992165289255496e-01 9.943945685950413838e-01
5.900000000000000000e+02 9.984244363636362030e-01 9.943252297520659422e-01
5.950000000000000000e+02 9.976017355371901152e-01 9.938322016528925440e-01
6.000000000000000000e+02 9.983362942148759078e-01 9.940825619834710025e-01
6.050000000000000000e+02 1.001238813223140678e+00 9.948801190082644519e-01
6.100000000000000000e+02 1.000438317355371920e+00 9.923126049586776798e-01
6.150000000000000000e+02 9.988922446280993350e-01 9.951708826446280520e-01
6.200000000000000000e+02 1.000124578512396889e+00 9.933095636363635794e-01
6.250000000000000000e+02 9.992845652892562436e-01 9.974386049586776437e-01
6.300000000000000000e+02 9.977400892561985035e-01 9.934366512396695104e-01
6.350000000000000000e+02 9.988219669421487534e-01 9.956029553719009106e-01
6.400000000000000000e+02 1.000136089256198346e+00 9.960567008264462618e-01
6.450000000000000000e+02 9.986207999999999751e-01 9.963108561983471390e-01
6.500000000000000000e+02 9.987166942148759663e-01 9.942542247933884303e-01
6.550000000000000000e+02 9.976458115702477869e-01 9.955540132231405215e-01
6.600000000000000000e+02 1.000534638016528977e+00 9.923632892561983221e-01
6.650000000000000000e+02 9.993594611570248976e-01 9.966200826446280914e-01
6.700000000000000000e+02 9.999619669421487833e-01 9.942985190082644920e-01
6.750000000000000000e+02 9.991170876033057535e-01 9.927853917355371483e-01
6.800000000000000000e+02 9.989529553719007637e-01 9.957134479338842770e-01
6.850000000000000000e+02 1.000948608264462969e+00 9.958884033057850971e-01
6.900000000000000000e+02 1.000195368595041101e+00 9.938215438016528847e-01
6.950000000000000000e+02 1.000722076033057961e+00 9.943266512396695678e-01
7.000000000000000000e+02 9.998473950413222511e-01 9.956833586776859812e-01
7.050000000000000000e+02 9.988322611570248366e-01 9.946790049586777815e-01
7.100000000000000000e+02 1.000926076033057832e+00 9.952227008264461494e-01
7.150000000000000000e+02 9.975231008264462407e-01 9.967225685950411584e-01
7.200000000000000000e+02 1.001031685950413141e+00 9.959477884297520678e-01
7.250000000000000000e+02 9.990049454545454344e-01 9.956229487603305284e-01
7.300000000000000000e+02 1.001129613223140646e+00 9.947658347107438681e-01
7.350000000000000000e+02 9.983808528925619541e-01 9.948340561983470831e-01
7.400000000000000000e+02 9.994694876033058950e-01 9.957155438016528359e-01
7.450000000000000000e+02 9.989590512396693267e-01 9.940297818181818013e-01
7.500000000000000000e+02 1.000384895867768353e+00 9.951459867768595036e-01
7.550000000000000000e+02 9.977439371900824749e-01 9.950416165289256432e-01
7.600000000000000000e+02 9.995992694214874685e-01 9.973885190082644181e-01
7.650000000000000000e+02 1.000847808264462957e+00 9.949448727272727222e-01
7.700000000000000000e+02 9.993767768595039902e-01 9.957601619834710593e-01
7.750000000000000000e+02 9.998993983471073932e-01 9.960829487603305443e-01
7.800000000000000000e+02 1.000651428099173623e+00 9.970742809917355620e-01
7.850000000000000000e+02 1.000517418181817941e+00 9.940705157024793959e-01
7.900000000000000000e+02 1.001385702479338669e+00 9.952077223140495255e-01
7.950000000000000000e+02 9.995223008264462194e-01 9.967880892561982176e-01
8.000000000000000000e+02 1.001040280991735587e+00 9.982162776859503373e-01
8.050000000000000000e+02 9.985071768595041863e-01 9.960464198347107612e-01
8.100000000000000000e+02 1.001041523966942126e+00 9.959568991735539001e-01
8.150000000000000000e+02 9.980443537190082370e-01 9.958585190082642757e-01
8.200000000000000000e+02 9.984282842975206185e-01 9.962513388429752315e-01
8.250000000000000000e+02 9.994244033057849697e-01 9.969076297520660379e-01
8.300000000000000000e+02 1.000575285950413118e+00 9.948941752066117195e-01
8.350000000000000000e+02 9.993885851239667772e-01 9.975923404958677576e-01
8.400000000000000000e+02 9.994995735537191006e-01 9.958952859504132116e-01
8.450000000000000000e+02 1.000973051239669509e+00 9.968057421487603875e-01
8.500000000000000000e+02 9.994102446280992424e-01 9.941098611570247101e-01
8.550000000000000000e+02 9.993419801652890788e-01 9.953509355371901179e-01
8.600000000000000000e+02 1.000250099173553675e+00 9.971591537190083177e-01
8.650000000000000000e+02 9.994660528925620735e-01 9.974183669421486931e-01
8.700000000000000000e+02 1.000087877685950311e+00 9.972271504132230735e-01
8.750000000000000000e+02 9.984184363636364745e-01 9.964161851239667911e-01
8.800000000000000000e+02 9.980583735537189582e-01 9.960218809917356086e-01
8.850000000000000000e+02 9.987476628099173359e-01 9.959854578512397083e-01
8.900000000000000000e+02 1.001748770247933740e+00 9.970767933884296941e-01
8.950000000000000000e+02 9.982177090909092332e-01 9.971402975206611341e-01
9.000000000000000000e+02 9.979176859504133024e-01 9.964184462809917431e-01
9.050000000000000000e+02 1.000417447933884318e+00 9.973535438016527532e-01
9.100000000000000000e+02 1.001502320661157075e+00 9.984890082644628517e-01
9.150000000000000000e+02 9.993274280991734093e-01 9.950939107438016018e-01
9.200000000000000000e+02 9.979077256198346513e-01 9.967075933884297356e-01
9.250000000000000000e+02 9.990499735537190507e-01 9.963679768595040676e-01
9.300000000000000000e+02 9.986180429752066212e-01 9.947325818181818047e-01
9.350000000000000000e+02 1.000451517355372077e+00 9.961501983471074961e-01
9.400000000000000000e+02 1.001324228099173430e+00 9.960127636363637071e-01
9.450000000000000000e+02 1.001011669421487671e+00 9.962171702479338808e-01
9.500000000000000000e+02 9.983172793388430666e-01 9.960347404958677098e-01
9.550000000000000000e+02 1.000479256198347100e+00 9.969215140495867322e-01
9.600000000000000000e+02 9.990572561983469546e-01 9.988305223140494515e-01
9.650000000000000000e+02 9.992589818181818462e-01 9.966944495867767762e-01
9.700000000000000000e+02 9.993812297520662247e-01 9.968417057851240992e-01
9.750000000000000000e+02 1.001055966942148823e+00 9.967880099173556108e-01
9.800000000000000000e+02 9.990401983471073333e-01 9.981765818181816963e-01
9.850000000000000000e+02 1.001296042975206912e+00 9.959673851239669862e-01
9.900000000000000000e+02 1.001541117355371657e+00 9.955510876033057954e-01
9.950000000000000000e+02 9.998461487603303999e-01 9.976670611570248592e-01
