0.000000000000000000e+00 4.636363636363637075e-02 4.636363636363637075e-02
5.000000000000000000e+00 9.916062347107438280e-01 9.238720099173554079e-01
1.000000000000000000e+01 9.926673157024794580e-01 9.358254710743801885e-01
1.500000000000000000e+01 9.942005553719008848e-01 9.381539140495867013e-01
2.000000000000000000e+01 9.948739404958677479e-01 9.398064628099174200e-01
2.500000000000000000e+01 9.925539867768595759e-01 9.445504099173552826e-01
3.000000000000000000e+01 9.950060661157025255e-01 9.466909520661157540e-01
3.500000000000000000e+01 9.936899933884297820e-01 9.467374545454545487e-01
4.000000000000000000e+01 9.959803206611569371e-01 9.495952099173553540e-01
4.500000000000000000e+01 9.971567636363636300e-01 9.496400528925619255e-01
5.000000000000000000e+01 9.957980991735537746e-01 9.521503471074380665e-01
5.500000000000000000e+01 9.957152958677687460e-01 9.535601355371902121e-01
6.000000000000000000e+01 9.984556661157025781e-01 9.535268826446280377e-01
6.500000000000000000e+01 9.972743768595039304e-01 9.553541983471074417e-01
7.000000000000000000e+01 9.972887471074379784e-01 9.563981223140494148e-01
7.500000000000000000e+01 9.976284925619834931e-01 9.585947801652892064e-01
8.000000000000000000e+01 9.970065553719009710e-01 9.567671338842973494e-01
8.500000000000000000e+01 9.962752429752065320e-01 9.610752132231403788e-01
9.000000000000000000e+01 9.971638380165288584e-01 9.611736396694213758e-01
9.500000000000000000e+01 9.989165024793390524e-01 9.595992066115701657e-01
1.000000000000000000e+02 9.968841421487603105e-01 9.620994181818181001e-01
1.050000000000000000e+02 9.990927735537191712e-01 9.643468859504131796e-01
1.100000000000000000e+02 9.962912727272726920e-01 9.640425685950413381e-01
1.150000000000000000e+02 9.960670413223139397e-01 9.642414743801653865e-01
1.200000000000000000e+02 9.979914545454546815e-01 9.653682280991736642e-01
1.250000000000000000e+02 9.979796628099173450e-01 9.658940661157024987e-01
1.300000000000000000e+02 9.983338049586775176e-01 9.682609619834712245e-01
1.350000000000000000e+02 9.971735867768595218e-01 9.666616991735536013e-01
1.400000000000000000e+02 9.970177884297519721e-01 9.659491074380165410e-01
1.450000000000000000e+02 9.978103933884299170e-01 9.686227504132229882e-01
1.500000000000000000e+02 9.999660429752067481e-01 9.698480000000000434e-01
1.550000000000000000e+02 9.987303900826447478e-01 9.681401090909089735e-01
1.600000000000000000e+02 9.978672991735537678e-01 9.699410115702480351e-01
1.650000000000000000e+02 9.988422082644629052e-01 9.712094082644628923e-01
1.700000000000000000e+02 9.970871206611569004e-01 9.712761289256197639e-01
1.750000000000000000e+02 9.998580396694214389e-01 9.735403834710742998e-01
1.800000000000000000e+02 9.981904661157023906e-01 9.712865322314050420e-01
1.850000000000000000e+02 9.997877024793387912e-01 9.720744661157023625e-01
1.900000000000000000e+02 9.988395966942149595e-01 9.745141322314049281e-01
1.950000000000000000e+02 1.000066849586776829e+00 9.751055471074380199e-01
2.000000000000000000e+02 9.979330545454546675e-01 9.725380396694213170e-01
2.050000000000000000e+02 9.967550942148759585e-01 9.756800495867767875e-01
2.100000000000000000e+02 9.967472859504132865e-01 9.770187966942147639e-01
2.150000000000000000e+02 9.989311338842974397e-01 9.754951272727272471e-01
2.200000000000000000e+02 9.993984958677686326e-01 9.750621586776858640e-01
2.250000000000000000e+02 9.989168991735535297e-01 9.789059107438017326e-01
2.300000000000000000e+02 9.990072264462808160e-01 9.777217057851238513e-01
2.350000000000000000e+02 9.970433057851240122e-01 9.797188396694214152e-01
2.400000000000000000e+02 9.991114677685951628e-01 9.771690776859504046e-01
2.450000000000000000e+02 9.989522942148759688e-01 9.769507107438016869e-01
2.500000000000000000e+02 9.975122380165289959e-01 9.803490214876033892e-01
2.550000000000000000e+02 9.975455570247933057e-01 9.792722247933884905e-01
2.600000000000000000e+02 9.993452198347106963e-01 9.778584892561983377e-01
2.650000000000000000e+02 1.000305381818181960e+00 9.784150578512396113e-01
2.700000000000000000e+02 9.980822148760328805e-01 9.792733586776858346e-01
2.750000000000000000e+02 1.001002003305785149e+00 9.810673719008263793e-01
2.800000000000000000e+02 9.990036231404960665e-01 9.800032793388429031e-01
2.850000000000000000e+02 9.990437421487605718e-01 9.795999107438018161e-01
2.900000000000000000e+02 1.000226072727272708e+00 9.821817619834710689e-01
2.950000000000000000e+02 9.996411768595040437e-01 9.803478413223141175e-01
3.000000000000000000e+02 9.965276363636365042e-01 9.805811867768594592e-01
3.050000000000000000e+02 9.994185752066115924e-01 9.840177057851239306e-01
3.100000000000000000e+02 9.985160727272726078e-01 9.831592165289254615e-01
3.150000000000000000e+02 9.994561388429751281e-01 9.838569057851239696e-01
3.200000000000000000e+02 9.979322776859504973e-01 9.844830314049588527e-01
3.250000000000000000e+02 9.985944694214875517e-01 9.846478876033059047e-01
3.300000000000000000e+02 9.976027966942149217e-01 9.848270578512396956e-01
3.350000000000000000e+02 9.985916859504131438e-01 9.854846082644627137e-01
3.400000000000000000e+02 9.995978545454544673e-01 9.853161289256199273e-01
3.450000000000000000e+02 9.982955239669422109e-01 9.846200495867767355e-01
3.500000000000000000e+02 9.996469685950414297e-01 9.851614280991736194e-01
3.550000000000000000e+02 9.990456297520662332e-01 9.858657487603306180e-01
3.600000000000000000e+02 9.997214545454544687e-01 9.857278016528925324e-01
3.650000000000000000e+02 9.992042446280992030e-01 9.854488132231405961e-01
3.700000000000000000e+02 9.994162809917354062e-01 9.858870214876033211e-01
3.750000000000000000e+02 9.995865090909090700e-01 9.885967636363636180e-01
3.800000000000000000e+02 9.998337454545455083e-01 9.881531107438016326e-01
3.850000000000000000e+02 9.994408925619833184e-01 9.881659107438014455e-01
3.900000000000000000e+02 9.994206049586777940e-01 9.882370181818181942e-01
3.950000000000000000e+02 9.987035041322313011e-01 9.870060561983470260e-01
4.000000000000000000e+02 9.999615900826446246e-01 9.871636528925620269e-01
4.050000000000000000e+02 1.000111451239669158e+00 9.893150710743799925e-01
4.100000000000000000e+02 1.000032327272727395e+00 9.906309157024791867e-01
4.150000000000000000e+02 1.001177428099173428e+00 9.881373024793388415e-01
4.200000000000000000e+02 1.001230932231404802e+00 9.884317487603306862e-01
4.250000000000000000e+02 9.992284462809916112e-01 9.910086512396694136e-01
4.300000000000000000e+02 9.989121454545454304e-01 9.901770545454546824e-01
4.350000000000000000e+02 9.993768231404958069e-01 9.882692297520661029e-01
4.400000000000000000e+02 1.000054211570248208e+00 9.907065950413223021e-01
4.450000000000000000e+02 9.983925719008264199e-01 9.898217983471073733e-01
4.500000000000000000e+02 9.987780462809917603e-01 9.903820561983470716e-01
4.550000000000000000e+02 1.000463358677686099e+00 9.890966512396694998e-01
4.600000000000000000e+02 9.990127603305785087e-01 9.902477123966942907e-01
4.650000000000000000e+02 1.000435173553718915e+00 9.914659867768594870e-01
4.700000000000000000e+02 9.997053851239667832e-01 9.910550876033056289e-01
4.750000000000000000e+02 9.991503999999998831e-01 9.904333123966940766e-01
4.800000000000000000e+02 9.979735107438015840e-01 9.924809553719006194e-01
4.850000000000000000e+02 1.000208019834710749e+00 9.925171570247932618e-01
4.900000000000000000e+02 9.994615669421487159e-01 9.914268066115703437e-01
4.950000000000000000e+02 9.986691074380165123e-01 9.926031999999999078e-01
5.000000000000000000e+02 9.995511768595042312e-01 9.921533586776860592e-01
5.050000000000000000e+02 9.991513884297520409e-01 9.942900561983470942e-01
5.100000000000000000e+02 9.997294743801651284e-01 9.939835768595040033e-01
5.150000000000000000e+02 9.993443107438014783e-01 9.933363768595041554e-01
5.200000000000000000e+02 1.000357130578512388e+00 9.936656991735537403e-01
5.250000000000000000e+02 1.000562952066115674e+00 9.936345223140495841e-01
5.300000000000000000e+02 1.000253920661156926e+00 9.931463140495868647e-01
5.350000000000000000e+02 9.987438842975204789e-01 9.932527206611571069e-01
5.400000000000000000e+02 1.000101471074380077e+00 9.942600826446282847e-01
5.450000000000000000e+02 9.995407801652891333e-01 9.929114314049586332e-01
5.500000000000000000e+02 1.000668578512396767e+00 9.940970578512395850e-01
5.550000000000000000e+02 1.000970267768594990e+00 9.930044132231404808e-01
5.600000000000000000e+02 1.001128482644628059e+00 9.940275272727271405e-01
5.650000000000000000e+02 9.976354909090909828e-01 9.938305785123967562e-01
5.700000000000000000e+02 9.986567140495867800e-01 9.930697289256198435e-01
5.750000000000000000e+02 1.000279219834710798e+00 9.940494710743801310e-01
5.800000000000000000e+02 9.987632429752064667e-01 9.936240099173552220e-01
5.850000000000000000e+02 1.000042413223140469e+00 9.943945685950413838e-01
5.900000000000000000e+02 1.000292000000000181e+00 9.943252297520659422e-01
5.950000000000000000e+02 1.000607910743801732e+00 9.938322016528925440e-01
6.000000000000000000e+02 9.994973851239669083e-01 9.940825619834710025e-01
6.050000000000000000e+02 9.989167107438016169e-01 9.948801190082644519e-01
6.100000000000000000e+02 9.984894380165290073e-01 9.923126049586776798e-01
6.150000000000000000e+02 1.000124723966942186e+00 9.951708826446280520e-01
6.200000000000000000e+02 9.997650876033057354e-01 9.933095636363635794e-01
6.250000000000000000e+02 9.985020925619835230e-01 9.974386049586776437e-01
6.300000000000000000e+02 9.984679239669420614e-01 9.934366512396695104e-01
6.350000000000000000e+02 9.987459107438014794e-01 9.956029553719009106e-01
6.400000000000000000e+02 9.999597752066116119e-01 9.960567008264462618e-01
6.450000000000000000e+02 9.994915900826446542e-01 9.963108561983471390e-01
6.500000000000000000e+02 9.995599636363637908e-01 9.942542247933884303e-01
6.550000000000000000e+02 9.998374181818181494e-01 9.955540132231405215e-01
6.600000000000000000e+02 1.001074261157024692e+00 9.923632892561983221e-01
6.650000000000000000e+02 9.999766148760329543e-01 9.966200826446280914e-01
6.700000000000000000e+02 9.984043801652893180e-01 9.942985190082644920e-01
6.750000000000000000e+02 1.000279067768594876e+00 9.927853917355371483e-01
6.800000000000000000e+02 9.988610942148760108e-01 9.957134479338842770e-01
6.850000000000000000e+02 1.000511117355371793e+00 9.958884033057850971e-01
6.900000000000000000e+02 9.982764661157025321e-01 9.938215438016528847e-01
6.950000000000000000e+02 9.988834512396694842e-01 9.943266512396695678e-01
7.000000000000000000e+02 9.971166347107436323e-01 9.956833586776859812e-01
7.050000000000000000e+02 9.996841190082644824e-01 9.946790049586777815e-01
7.100000000000000000e+02 9.995248264462810450e-01 9.952227008264461494e-01
7.150000000000000000e+02 9.999656727272727696e-01 9.967225685950411584e-01
7.200000000000000000e+02 9.992945520661157266e-01 9.959477884297520678e-01
7.250000000000000000e+02 9.994645917355372555e-01 9.956229487603305284e-01
7.300000000000000000e+02 9.989918942148762193e-01 9.947658347107438681e-01
7.350000000000000000e+02 9.991544727272726467e-01 9.948340561983470831e-01
7.400000000000000000e+02 1.000751153719008135e+00 9.957155438016528359e-01
7.450000000000000000e+02 1.000331953719008293e+00 9.940297818181818013e-01
7.500000000000000000e+02 9.994846115702481493e-01 9.951459867768595036e-01
7.550000000000000000e+02 9.977089487603304496e-01 9.950416165289256432e-01
7.600000000000000000e+02 9.997710809917356167e-01 9.973885190082644181e-01
7.650000000000000000e+02 9.988325024793386353e-01 9.949448727272727222e-01
7.700000000000000000e+02 1.000205408264462692e+00 9.957601619834710593e-01
7.750000000000000000e+02 9.992524429752066562e-01 9.960829487603305443e-01
7.800000000000000000e+02 9.997642776859503311e-01 9.970742809917355620e-01
7.850000000000000000e+02 1.000680760330578511e+00 9.940705157024793959e-01
7.900000000000000000e+02 9.999649851239670317e-01 9.952077223140495255e-01
7.950000000000000000e+02 1.000513371900826343e+00 9.967880892561982176e-01
8.000000000000000000e+02 1.000328998347107534e+00 9.982162776859503373e-01
8.050000000000000000e+02 9.993343933884297758e-01 9.960464198347107612e-01
8.100000000000000000e+02 9.997816330578512822e-01 9.959568991735539001e-01
8.150000000000000000e+02 1.000260363636363836e+00 9.958585190082642757e-01
8.200000000000000000e+02 1.001065097520661196e+00 9.962513388429752315e-01
8.250000000000000000e+02 9.982108760330579145e-01 9.969076297520660379e-01
8.300000000000000000e+02 9.996833388429753331e-01 9.948941752066117195e-01
8.350000000000000000e+02 1.000873930578512372e+00 9.975923404958677576e-01
8.400000000000000000e+02 1.000578978512396855e+00 9.958952859504132116e-01
8.450000000000000000e+02 9.989346380165289307e-01 9.968057421487603875e-01
8.500000000000000000e+02 9.994217851239669548e-01 9.941098611570247101e-01
8.550000000000000000e+02 9.999639999999999640e-01 9.953509355371901179e-01
8.600000000000000000e+02 1.001925758677685963e+00 9.971591537190083177e-01
8.650000000000000000e+02 1.000952981818181708e+00 9.974183669421486931e-01
8.700000000000000000e+02 9.976033421487604524e-01 9.972271504132230735e-01
8.750000000000000000e+02 1.000088456198346964e+00 9.964161851239667911e-01
8.800000000000000000e+02 1.000368069421487593e+00 9.960218809917356086e-01
8.850000000000000000e+02 9.991164066115703069e-01 9.959854578512397083e-01
8.900000000000000000e+02 1.001083051239669341e+00 9.970767933884296941e-01
8.950000000000000000e+02 1.001356892561983347e+00 9.971402975206611341e-01
9.000000000000000000e+02 1.000992085950413113e+00 9.964184462809917431e-01
9.050000000000000000e+02 9.989224198347109729e-01 9.973535438016527532e-01
9.100000000000000000e+02 1.000201867768594877e+00 9.984890082644628517e-01
9.150000000000000000e+02 1.000223133884297511e+00 9.950939107438016018e-01
9.200000000000000000e+02 1.000394638016528948e+00 9.967075933884297356e-01
9.250000000000000000e+02 1.001128353719008102e+00 9.963679768595040676e-01
9.300000000000000000e+02 9.994630545454544768e-01 9.947325818181818047e-01
9.350000000000000000e+02 1.000096806611570077e+00 9.961501983471074961e-01
9.400000000000000000e+02 9.992565355371901825e-01 9.960127636363637071e-01
9.450000000000000000e+02 1.001143338842975128e+00 9.962171702479338808e-01
9.500000000000000000e+02 9.993606115702480253e-01 9.960347404958677098e-01
9.550000000000000000e+02 9.985834347107438447e-01 9.969215140495867322e-01
9.600000000000000000e+02 9.993027438016529596e-01 9.988305223140494515e-01
9.650000000000000000e+02 9.997394314049585784e-01 9.966944495867767762e-01
9.700000000000000000e+02 9.977364495867767635e-01 9.968417057851240992e-01
9.750000000000000000e+02 9.998126776859503906e-01 9.967880099173556108e-01
9.800000000000000000e+02 9.998917057851240964e-01 9.981765818181816963e-01
9.850000000000000000e+02 1.000300740495867924e+00 9.959673851239669862e-01
9.900000000000000000e+02 1.000481695867768472e+00 9.955510876033057954e-01
9.950000000000000000e+02 1.000833028099173294e+00 9.976670611570248592e-01
