0.000000000000000000e+00 4.636363636363637075e-02 4.636363636363637075e-02
5.000000000000000000e+00 9.867201719008262817e-01 9.238720099173554079e-01
1.000000000000000000e+01 9.920422214876033484e-01 9.358254710743801885e-01
1.500000000000000000e+01 9.909489322314050108e-01 9.381539140495867013e-01
2.000000000000000000e+01 9.912019008264463249e-01 9.398064628099174200e-01
2.500000000000000000e+01 9.931411867768595858e-01 9.445504099173552826e-01
3.000000000000000000e+01 9.931637785123967888e-01 9.466909520661157540e-01
3.500000000000000000e+01 9.934544033057852719e-01 9.467374545454545487e-01
4.000000000000000000e+01 9.938339933884299260e-01 9.495952099173553540e-01
4.500000000000000000e+01 9.942694214876033332e-01 9.496400528925619255e-01
5.000000000000000000e+01 9.949289884297520814e-01 9.521503471074380665e-01
5.500000000000000000e+01 9.945072661157023930e-01 9.535601355371902121e-01
6.000000000000000000e+01 9.947685223140494415e-01 9.535268826446280377e-01
6.500000000000000000e+01 9.947599636363635422e-01 9.553541983471074417e-01
7.000000000000000000e+01 9.932261190082642965e-01 9.563981223140494148e-01
7.500000000000000000e+01 9.959768528925619924e-01 9.585947801652892064e-01
8.000000000000000000e+01 9.966328462809916910e-01 9.567671338842973494e-01
8.500000000000000000e+01 9.963358016528924832e-01 9.610752132231403788e-01
9.000000000000000000e+01 9.954007107438018753e-01 9.611736396694213758e-01
9.500000000000000000e+01 9.954247702479339655e-01 9.595992066115701657e-01
1.000000000000000000e+02 9.970118743801650307e-01 9.620994181818181001e-01
1.050000000000000000e+02 9.967584826446280744e-01 9.643468859504131796e-01
1.100000000000000000e+02 9.969024528925618522e-01 9.640425685950413381e-01
1.150000000000000000e+02 9.973554677685949610e-01 9.642414743801653865e-01
1.200000000000000000e+02 9.955272694214876150e-01 9.653682280991736642e-01
1.250000000000000000e+02 9.981028958677684582e-01 9.658940661157024987e-01
1.300000000000000000e+02 9.963967867768594999e-01 9.682609619834712245e-01
1.350000000000000000e+02 9.970059305785123893e-01 9.666616991735536013e-01
1.400000000000000000e+02 9.970294842975206961e-01 9.659491074380165410e-01
1.450000000000000000e+02 9.993447570247934175e-01 9.686227504132229882e-01
1.500000000000000000e+02 9.975911933884298310e-01 9.698480000000000434e-01
1.550000000000000000e+02 9.964201421487602905e-01 9.681401090909089735e-01
1.600000000000000000e+02 9.962643371900824496e-01 9.699410115702480351e-01
1.650000000000000000e+02 9.972850512396694844e-01 9.712094082644628923e-01
1.700000000000000000e+02 9.982607603305785338e-01 9.712761289256197639e-01
1.750000000000000000e+02 9.960524991735537625e-01 9.735403834710742998e-01
1.800000000000000000e+02 9.978587999999998237e-01 9.712865322314050420e-01
1.850000000000000000e+02 9.979542644628096593e-01 9.720744661157023625e-01
1.900000000000000000e+02 9.987667603305785402e-01 9.745141322314049281e-01
1.950000000000000000e+02 9.976374380165289324e-01 9.751055471074380199e-01
2.000000000000000000e+02 9.975606677685948664e-01 9.725380396694213170e-01
2.050000000000000000e+02 9.986496231404959900e-01 9.756800495867767875e-01
2.100000000000000000e+02 9.989984429752064576e-01 9.770187966942147639e-01
2.150000000000000000e+02 9.990273818181817367e-01 9.754951272727272471e-01
2.200000000000000000e+02 9.959292033057851601e-01 9.750621586776858640e-01
2.250000000000000000e+02 9.975037685950413069e-01 9.789059107438017326e-01
2.300000000000000000e+02 9.979810347107438417e-01 9.777217057851238513e-01
2.350000000000000000e+02 9.985814413223140784e-01 9.797188396694214152e-01
2.400000000000000000e+02 9.969002446280990082e-01 9.771690776859504046e-01
2.450000000000000000e+02 9.980554677685951059e-01 9.769507107438016869e-01
2.500000000000000000e+02 9.964290545454546066e-01 9.803490214876033892e-01
2.550000000000000000e+02 9.990809586776858708e-01 9.792722247933884905e-01
2.600000000000000000e+02 9.991080066115702873e-01 9.778584892561983377e-01
2.650000000000000000e+02 9.991689983471072622e-01 9.784150578512396113e-01
2.700000000000000000e+02 9.975367801652890165e-01 9.792733586776858346e-01
2.750000000000000000e+02 9.978244727272727044e-01 9.810673719008263793e-01
2.800000000000000000e+02 1.000800406611570326e+00 9.800032793388429031e-01
2.850000000000000000e+02 9.981581487603305991e-01 9.795999107438018161e-01
2.900000000000000000e+02 9.977502809917355719e-01 9.821817619834710689e-01
2.950000000000000000e+02 9.971904099173551916e-01 9.803478413223141175e-01
3.000000000000000000e+02 9.986154644628099097e-01 9.805811867768594592e-01
3.050000000000000000e+02 9.999476033057851376e-01 9.840177057851239306e-01
3.100000000000000000e+02 9.985125586776859574e-01 9.831592165289254615e-01
3.150000000000000000e+02 9.989926413223140234e-01 9.838569057851239696e-01
3.200000000000000000e+02 9.984809785123965886e-01 9.844830314049588527e-01
3.250000000000000000e+02 9.997544396694216795e-01 9.846478876033059047e-01
3.300000000000000000e+02 9.991046710743800574e-01 9.848270578512396956e-01
3.350000000000000000e+02 9.990197652892561786e-01 9.854846082644627137e-01
3.400000000000000000e+02 9.987342214876033797e-01 9.853161289256199273e-01
3.450000000000000000e+02 9.995466611570249515e-01 9.846200495867767355e-01
3.500000000000000000e+02 9.988993190082643414e-01 9.851614280991736194e-01
3.550000000000000000e+02 9.994253851239671693e-01 9.858657487603306180e-01
3.600000000000000000e+02 9.991246644628098972e-01 9.857278016528925324e-01
3.650000000000000000e+02 9.988923107438015814e-01 9.854488132231405961e-01
3.700000000000000000e+02 9.989777388429752492e-01 9.858870214876033211e-01
3.750000000000000000e+02 9.997792066115701592e-01 9.885967636363636180e-01
3.800000000000000000e+02 9.987043702479339036e-01 9.881531107438016326e-01
3.850000000000000000e+02 9.990095107438017319e-01 9.881659107438014455e-01
3.900000000000000000e+02 9.998882842975206353e-01 9.882370181818181942e-01
3.950000000000000000e+02 9.985933752066115110e-01 9.870060561983470260e-01
4.000000000000000000e+02 1.000487365289256303e+00 9.871636528925620269e-01
4.050000000000000000e+02 9.991113586776858568e-01 9.893150710743799925e-01
4.100000000000000000e+02 1.000196548760330595e+00 9.906309157024791867e-01
4.150000000000000000e+02 9.978541553719008084e-01 9.881373024793388415e-01
4.200000000000000000e+02 1.000031325619834766e+00 9.884317487603306862e-01
4.250000000000000000e+02 9.986897024793387478e-01 9.910086512396694136e-01
4.300000000000000000e+02 1.000527943801652997e+00 9.901770545454546824e-01
4.350000000000000000e+02 9.997579173553718945e-01 9.882692297520661029e-01
4.400000000000000000e+02 9.990491801652892079e-01 9.907065950413223021e-01
4.450000000000000000e+02 9.988556231404958075e-01 9.898217983471073733e-01
4.500000000000000000e+02 1.001493371900826546e+00 9.903820561983470716e-01
4.550000000000000000e+02 9.997478214876032165e-01 9.890966512396694998e-01
4.600000000000000000e+02 9.984462280991733829e-01 9.902477123966942907e-01
4.650000000000000000e+02 9.995310677685950163e-01 9.914659867768594870e-01
4.700000000000000000e+02 9.986625157024795474e-01 9.910550876033056289e-01
4.750000000000000000e+02 9.995417983471075463e-01 9.904333123966940766e-01
4.800000000000000000e+02 9.989823206611572193e-01 9.924809553719006194e-01
4.850000000000000000e+02 9.981389619834711846e-01 9.925171570247932618e-01
4.900000000000000000e+02 1.000905276033057678e+00 9.914268066115703437e-01
4.950000000000000000e+02 1.001011738842974896e+00 9.926031999999999078e-01
5.000000000000000000e+02 9.987970413223141719e-01 9.921533586776860592e-01
5.050000000000000000e+02 1.001071960330578658e+00 9.942900561983470942e-01
5.100000000000000000e+02 1.001147097520660889e+00 9.939835768595040033e-01
5.150000000000000000e+02 9.983846016528923339e-01 9.933363768595041554e-01
5.200000000000000000e+02 1.000104757024793400e+00 9.936656991735537403e-01
5.250000000000000000e+02 1.000812919008264412e+00 9.936345223140495841e-01
5.300000000000000000e+02 1.000821395041322281e+00 9.931463140495868647e-01
5.350000000000000000e+02 9.994797355371900505e-01 9.932527206611571069e-01
5.400000000000000000e+02 9.993813818181818132e-01 9.942600826446282847e-01
5.450000000000000000e+02 1.000533090909090816e+00 9.929114314049586332e-01
5.500000000000000000e+02 9.998202512396693331e-01 9.940970578512395850e-01
5.550000000000000000e+02 1.000627097520661035e+00 9.930044132231404808e-01
5.600000000000000000e+02 9.987538545454546224e-01 9.940275272727271405e-01
5.650000000000000000e+02 1.000187421487603201e+00 9.938305785123967562e-01
5.700000000000000000e+02 1.001151510743801598e+00 9.930697289256198435e-01
5.750000000000000000e+02 1.000512667768595154e+00 9.940494710743801310e-01
5.800000000000000000e+02 9.996989818181818421e-01 9.936240099173552220e-01
5.850000000000000000e+02 9.994359537190081744e-01 9.943945685950413838e-01
5.900000000000000000e+02 1.001009312396694328e+00 9.943252297520659422e-01
5.950000000000000000e+02 9.990301355371900005e-01 9.938322016528925440e-01
6.000000000000000000e+02 9.998224132231404715e-01 9.940825619834710025e-01
6.050000000000000000e+02 1.000634485950413044e+00 9.948801190082644519e-01
6.100000000000000000e+02 9.989572165289256622e-01 9.923126049586776798e-01
6.150000000000000000e+02 1.000698287603305925e+00 9.951708826446280520e-01
6.200000000000000000e+02 1.002123004958677566e+00 9.933095636363635794e-01
6.250000000000000000e+02 1.000403930578512179e+00 9.974386049586776437e-01
6.300000000000000000e+02 9.995808628099174253e-01 9.934366512396695104e-01
6.350000000000000000e+02 1.000262813223140368e+00 9.956029553719009106e-01
6.400000000000000000e+02 1.000257553719008374e+00 9.960567008264462618e-01
6.450000000000000000e+02 1.000098254545454646e+00 9.963108561983471390e-01
6.500000000000000000e+02 9.990521884297519639e-01 9.942542247933884303e-01
6.550000000000000000e+02 9.988562214876033352e-01 9.955540132231405215e-01
6.600000000000000000e+02 1.000009553719008348e+00 9.923632892561983221e-01
6.650000000000000000e+02 1.001148429752066082e+00 9.966200826446280914e-01
6.700000000000000000e+02 9.998822644628100331e-01 9.942985190082644920e-01
6.750000000000000000e+02 9.986994677685949728e-01 9.927853917355371483e-01
6.800000000000000000e+02 9.998898545454546483e-01 9.957134479338842770e-01
6.850000000000000000e+02 1.000044132231405092e+00 9.958884033057850971e-01
6.900000000000000000e+02 1.000465338842975394e+00 9.938215438016528847e-01
6.950000000000000000e+02 1.000513702479338907e+00 9.943266512396695678e-01
7.000000000000000000e+02 1.001842895867768757e+00 9.956833586776859812e-01
7.050000000000000000e+02 9.984430148760328194e-01 9.946790049586777815e-01
7.100000000000000000e+02 9.990335471074379692e-01 9.952227008264461494e-01
7.150000000000000000e+02 9.992455305785122865e-01 9.967225685950411584e-01
7.200000000000000000e+02 9.996493950413223306e-01 9.959477884297520678e-01
7.250000000000000000e+02 9.999663206611572042e-01 9.956229487603305284e-01
7.300000000000000000e+02 9.992821983471074088e-01 9.947658347107438681e-01
7.350000000000000000e+02 1.000861520661156856e+00 9.948340561983470831e-01
7.400000000000000000e+02 9.990839173553718311e-01 9.957155438016528359e-01
7.450000000000000000e+02 1.000786757024793472e+00 9.940297818181818013e-01
7.500000000000000000e+02 9.993918115702479232e-01 9.951459867768595036e-01
7.550000000000000000e+02 9.987742247933886208e-01 9.950416165289256432e-01
7.600000000000000000e+02 1.000229424793388500e+00 9.973885190082644181e-01
7.650000000000000000e+02 1.001807090909090814e+00 9.949448727272727222e-01
7.700000000000000000e+02 9.992578942148760968e-01 9.957601619834710593e-01
7.750000000000000000e+02 1.000992776859504163e+00 9.960829487603305443e-01
7.800000000000000000e+02 9.985283239669422439e-01 9.970742809917355620e-01
7.850000000000000000e+02 1.000968023140495822e+00 9.940705157024793959e-01
7.900000000000000000e+02 1.000370690909091032e+00 9.952077223140495255e-01
7.950000000000000000e+02 1.000774195041322034e+00 9.967880892561982176e-01
8.000000000000000000e+02 9.988526314049586130e-01 9.982162776859503373e-01
8.050000000000000000e+02 9.986327603305784617e-01 9.960464198347107612e-01
8.100000000000000000e+02 1.000012109090909096e+00 9.959568991735539001e-01
8.150000000000000000e+02 1.000881487603305642e+00 9.958585190082642757e-01
8.200000000000000000e+02 1.000241652892561950e+00 9.962513388429752315e-01
8.250000000000000000e+02 9.993763107438017324e-01 9.969076297520660379e-01
8.300000000000000000e+02 9.981898280991735595e-01 9.948941752066117195e-01
8.350000000000000000e+02 1.000067361983470793e+00 9.975923404958677576e-01
8.400000000000000000e+02 9.982783140495866681e-01 9.958952859504132116e-01
8.450000000000000000e+02 1.000432274380165243e+00 9.968057421487603875e-01
8.500000000000000000e+02 1.001299831404958818e+00 9.941098611570247101e-01
8.550000000000000000e+02 1.000696829752066197e+00 9.953509355371901179e-01
8.600000000000000000e+02 9.984596528925619996e-01 9.971591537190083177e-01
8.650000000000000000e+02 9.992006876033059370e-01 9.974183669421486931e-01
8.700000000000000000e+02 1.000322717355371704e+00 9.972271504132230735e-01
8.750000000000000000e+02 9.991479404958678590e-01 9.964161851239667911e-01
8.800000000000000000e+02 9.997469223140497130e-01 9.960218809917356086e-01
8.850000000000000000e+02 1.001311821487603115e+00 9.959854578512397083e-01
8.900000000000000000e+02 1.000362198347107379e+00 9.970767933884296941e-01
8.950000000000000000e+02 1.000961328925619842e+00 9.971402975206611341e-01
9.000000000000000000e+02 1.001440340495867831e+00 9.964184462809917431e-01
9.050000000000000000e+02 9.990663239669419493e-01 9.973535438016527532e-01
9.100000000000000000e+02 9.989217289256198118e-01 9.984890082644628517e-01
9.150000000000000000e+02 1.000392763636363647e+00 9.950939107438016018e-01
9.200000000000000000e+02 1.001520109090908939e+00 9.967075933884297356e-01
9.250000000000000000e+02 1.001772132231404822e+00 9.963679768595040676e-01
9.300000000000000000e+02 9.980660793388430596e-01 9.947325818181818047e-01
9.350000000000000000e+02 1.001168254545454550e+00 9.961501983471074961e-01
9.400000000000000000e+02 1.000903018181818149e+00 9.960127636363637071e-01
9.450000000000000000e+02 9.998119404958677459e-01 9.962171702479338808e-01
9.500000000000000000e+02 1.000525623140495757e+00 9.960347404958677098e-01
9.550000000000000000e+02 9.987016429752065827e-01 9.969215140495867322e-01
9.600000000000000000e+02 9.995982876033057130e-01 9.988305223140494515e-01
9.650000000000000000e+02 1.001009467768595007e+00 9.966944495867767762e-01
9.700000000000000000e+02 1.000828079338842880e+00 9.968417057851240992e-01
9.750000000000000000e+02 9.987864066115703654e-01 9.967880099173556108e-01
9.800000000000000000e+02 1.000420611570247864e+00 9.981765818181816963e-01
9.850000000000000000e+02 1.001670122314049616e+00 9.959673851239669862e-01
9.900000000000000000e+02 1.000507659504132230e+00 9.955510876033057954e-01
9.950000000000000000e+02 9.995468628099173358e-01 9.976670611570248592e-01
