0.000000000000000000e+00 4.636363636363637075e-02 4.636363636363637075e-02
5.000000000000000000e+00 9.829642479338842609e-01 9.238720099173554079e-01
1.000000000000000000e+01 9.849192561983471927e-01 9.358254710743801885e-01
1.500000000000000000e+01 9.879785917355372593e-01 9.381539140495867013e-01
2.000000000000000000e+01 9.890130743801653912e-01 9.398064628099174200e-01
2.500000000000000000e+01 9.885314975206609400e-01 9.445504099173552826e-01
3.000000000000000000e+01 9.888394776859504853e-01 9.466909520661157540e-01
3.500000000000000000e+01 9.914045024793386451e-01 9.467374545454545487e-01
4.000000000000000000e+01 9.932100826446280672e-01 9.495952099173553540e-01
4.500000000000000000e+01 9.891159702479338511e-01 9.496400528925619255e-01
5.000000000000000000e+01 9.938182876033057056e-01 9.521503471074380665e-01
5.500000000000000000e+01 9.918935338842974625e-01 9.535601355371902121e-01
6.000000000000000000e+01 9.922019702479338843e-01 9.535268826446280377e-01
6.500000000000000000e+01 9.904403933884298183e-01 9.553541983471074417e-01
7.000000000000000000e+01 9.926879404958676156e-01 9.563981223140494148e-01
7.500000000000000000e+01 9.920702280991735567e-01 9.585947801652892064e-01
8.000000000000000000e+01 9.942216760330577774e-01 9.567671338842973494e-01
8.500000000000000000e+01 9.923666578512397862e-01 9.610752132231403788e-01
9.000000000000000000e+01 9.930601719008264050e-01 9.611736396694213758e-01
9.500000000000000000e+01 9.927023867768595133e-01 9.595992066115701657e-01
1.000000000000000000e+02 9.932377487603305521e-01 9.620994181818181001e-01
1.050000000000000000e+02 9.944537090909092436e-01 9.643468859504131796e-01
1.100000000000000000e+02 9.949305256198346381e-01 9.640425685950413381e-01
1.150000000000000000e+02 9.930724925619832666e-01 9.642414743801653865e-01
1.200000000000000000e+02 9.960800925619835988e-01 9.653682280991736642e-01
1.250000000000000000e+02 9.941016033057851198e-01 9.658940661157024987e-01
1.300000000000000000e+02 9.951486148760331218e-01 9.682609619834712245e-01
1.350000000000000000e+02 9.945185950413224507e-01 9.666616991735536013e-01
1.400000000000000000e+02 9.956801289256198562e-01 9.659491074380165410e-01
1.450000000000000000e+02 9.945998644628100127e-01 9.686227504132229882e-01
1.500000000000000000e+02 9.965052661157024483e-01 9.698480000000000434e-01
1.550000000000000000e+02 9.972506479338842933e-01 9.681401090909089735e-01
1.600000000000000000e+02 9.970269619834709607e-01 9.699410115702480351e-01
1.650000000000000000e+02 9.961928396694214038e-01 9.712094082644628923e-01
1.700000000000000000e+02 9.966234710743802072e-01 9.712761289256197639e-01
1.750000000000000000e+02 9.950461190082643403e-01 9.735403834710742998e-01
1.800000000000000000e+02 9.971490909090908739e-01 9.712865322314050420e-01
1.850000000000000000e+02 9.967561917355369783e-01 9.720744661157023625e-01
1.900000000000000000e+02 9.957170082644626330e-01 9.745141322314049281e-01
1.950000000000000000e+02 9.982148297520661018e-01 9.751055471074380199e-01
2.000000000000000000e+02 9.963649520661155279e-01 9.725380396694213170e-01
2.050000000000000000e+02 9.958334049586776704e-01 9.756800495867767875e-01
2.100000000000000000e+02 9.969971074380165055e-01 9.770187966942147639e-01
2.150000000000000000e+02 9.970981355371899557e-01 9.754951272727272471e-01
2.200000000000000000e+02 9.982722578512397416e-01 9.750621586776858640e-01
2.250000000000000000e+02 9.974577289256197909e-01 9.789059107438017326e-01
2.300000000000000000e+02 9.962747438016530399e-01 9.777217057851238513e-01
2.350000000000000000e+02 9.958106743801652394e-01 9.797188396694214152e-01
2.400000000000000000e+02 9.985399900826446018e-01 9.771690776859504046e-01
2.450000000000000000e+02 9.978760595041322734e-01 9.769507107438016869e-01
2.500000000000000000e+02 9.958847404958677263e-01 9.803490214876033892e-01
2.550000000000000000e+02 9.978529884297520081e-01 9.792722247933884905e-01
2.600000000000000000e+02 9.976464991735536358e-01 9.778584892561983377e-01
2.650000000000000000e+02 9.964794743801652643e-01 9.784150578512396113e-01
2.700000000000000000e+02 9.974578347107438958e-01 9.792733586776858346e-01
2.750000000000000000e+02 9.978109190082644631e-01 9.810673719008263793e-01
2.800000000000000000e+02 9.980941553719006043e-01 9.800032793388429031e-01
2.850000000000000000e+02 9.973661157024793500e-01 9.795999107438018161e-01
2.900000000000000000e+02 9.970251471074380589e-01 9.821817619834710689e-01
2.950000000000000000e+02 9.970430545454546101e-01 9.803478413223141175e-01
3.000000000000000000e+02 9.973082380165289029e-01 9.805811867768594592e-01
3.050000000000000000e+02 9.986155041322314352e-01 9.840177057851239306e-01
3.100000000000000000e+02 9.966594578512395497e-01 9.831592165289254615e-01
3.150000000000000000e+02 9.978099933884297945e-01 9.838569057851239696e-01
3.200000000000000000e+02 9.983637685950412788e-01 9.844830314049588527e-01
3.250000000000000000e+02 9.996036099173555289e-01 9.846478876033059047e-01
3.300000000000000000e+02 9.974671140495867672e-01 9.848270578512396956e-01
3.350000000000000000e+02 9.977613553719010264e-01 9.854846082644627137e-01
3.400000000000000000e+02 9.961866677685951021e-01 9.853161289256199273e-01
3.450000000000000000e+02 9.980794446280991661e-01 9.846200495867767355e-01
3.500000000000000000e+02 1.000503464462810133e+00 9.851614280991736194e-01
3.550000000000000000e+02 9.984880429752065467e-01 9.858657487603306180e-01
3.600000000000000000e+02 9.995193157024793162e-01 9.857278016528925324e-01
3.650000000000000000e+02 9.990101719008265269e-01 9.854488132231405961e-01
3.700000000000000000e+02 9.991483239669420868e-01 9.858870214876033211e-01
3.750000000000000000e+02 9.972363702479339898e-01 9.885967636363636180e-01
3.800000000000000000e+02 9.996210942148759937e-01 9.881531107438016326e-01
3.850000000000000000e+02 9.991246181818181915e-01 9.881659107438014455e-01
3.900000000000000000e+02 9.994685487603307550e-01 9.882370181818181942e-01
3.950000000000000000e+02 9.987469752066117090e-01 9.870060561983470260e-01
4.000000000000000000e+02 9.988251603305784432e-01 9.871636528925620269e-01
4.050000000000000000e+02 9.989672661157025235e-01 9.893150710743799925e-01
4.100000000000000000e+02 9.993816462809916867e-01 9.906309157024791867e-01
4.150000000000000000e+02 9.976971471074380649e-01 9.881373024793388415e-01
4.200000000000000000e+02 9.990580991735538152e-01 9.884317487603306862e-01
4.250000000000000000e+02 9.991072528925620810e-01 9.910086512396694136e-01
4.300000000000000000e+02 9.977674247933882024e-01 9.901770545454546824e-01
4.350000000000000000e+02 9.993659801652892138e-01 9.882692297520661029e-01
4.400000000000000000e+02 9.997813520661157360e-01 9.907065950413223021e-01
4.450000000000000000e+02 9.990643140495867325e-01 9.898217983471073733e-01
4.500000000000000000e+02 1.000197738842975248e+00 9.903820561983470716e-01
4.550000000000000000e+02 9.983993355371900691e-01 9.890966512396694998e-01
4.600000000000000000e+02 1.000601418181818136e+00 9.902477123966942907e-01
4.650000000000000000e+02 9.997788495867767633e-01 9.914659867768594870e-01
4.700000000000000000e+02 1.000050373553718952e+00 9.910550876033056289e-01
4.750000000000000000e+02 9.997658975206611398e-01 9.904333123966940766e-01
4.800000000000000000e+02 9.982282743801654812e-01 9.924809553719006194e-01
4.850000000000000000e+02 1.000242426446281030e+00 9.925171570247932618e-01
4.900000000000000000e+02 9.992238677685948423e-01 9.914268066115703437e-01
4.950000000000000000e+02 9.997076297520660626e-01 9.926031999999999078e-01
5.000000000000000000e+02 9.999776925619835444e-01 9.921533586776860592e-01
5.050000000000000000e+02 1.000187143801652745e+00 9.942900561983470942e-01
5.100000000000000000e+02 1.000163067768595093e+00 9.939835768595040033e-01
5.150000000000000000e+02 9.977574413223141425e-01 9.933363768595041554e-01
5.200000000000000000e+02 9.996006876033056709e-01 9.936656991735537403e-01
5.250000000000000000e+02 9.981120561983469752e-01 9.936345223140495841e-01
5.300000000000000000e+02 9.991727801652892094e-01 9.931463140495868647e-01
5.350000000000000000e+02 9.997279338842975926e-01 9.932527206611571069e-01
5.400000000000000000e+02 9.997501057851240214e-01 9.942600826446282847e-01
5.450000000000000000e+02 9.998605223140497600e-01 9.929114314049586332e-01
5.500000000000000000e+02 1.000270720661157187e+00 9.940970578512395850e-01
5.550000000000000000e+02 9.981452991735537683e-01 9.930044132231404808e-01
5.600000000000000000e+02 9.999993024793388807e-01 9.940275272727271405e-01
5.650000000000000000e+02 9.982569719008264064e-01 9.938305785123967562e-01
5.700000000000000000e+02 9.986139140495868816e-01 9.930697289256198435e-01
5.750000000000000000e+02 9.978122380165288519e-01 9.940494710743801310e-01
5.800000000000000000e+02 1.000730671074380407e+00 9.936240099173552220e-01
5.850000000000000000e+02 9.996516793388428024e-01 9.943945685950413838e-01
5.900000000000000000e+02 9.990882842975207234e-01 9.943252297520659422e-01
5.950000000000000000e+02 9.986036297520662908e-01 9.938322016528925440e-01
6.000000000000000000e+02 9.991504363636363184e-01 9.940825619834710025e-01
6.050000000000000000e+02 9.998979504132231577e-01 9.948801190082644519e-01
6.100000000000000000e+02 9.998655074380164987e-01 9.923126049586776798e-01
6.150000000000000000e+02 9.984250677685949649e-01 9.951708826446280520e-01
6.200000000000000000e+02 9.993694247933884167e-01 9.933095636363635794e-01
6.250000000000000000e+02 1.000721613223140460e+00 9.974386049586776437e-01
6.300000000000000000e+02 1.000213920661156886e+00 9.934366512396695104e-01
6.350000000000000000e+02 1.000642836363636601e+00 9.956029553719009106e-01
6.400000000000000000e+02 9.996006677685951303e-01 9.960567008264462618e-01
6.450000000000000000e+02 1.000767358677685959e+00 9.963108561983471390e-01
6.500000000000000000e+02 9.999569983471072732e-01 9.942542247933884303e-01
6.550000000000000000e+02 9.990736363636363304e-01 9.955540132231405215e-01
6.600000000000000000e+02 1.000691203305785093e+00 9.923632892561983221e-01
6.650000000000000000e+02 1.000047933884297580e+00 9.966200826446280914e-01
6.700000000000000000e+02 9.991732165289255452e-01 9.942985190082644920e-01
6.750000000000000000e+02 9.983768231404959170e-01 9.927853917355371483e-01
6.800000000000000000e+02 1.001657828099173475e+00 9.957134479338842770e-01
6.850000000000000000e+02 9.997599801652891083e-01 9.958884033057850971e-01
6.900000000000000000e+02 9.981130148760328780e-01 9.938215438016528847e-01
6.950000000000000000e+02 9.985751999999999962e-01 9.943266512396695678e-01
7.000000000000000000e+02 1.000720955371900756e+00 9.956833586776859812e-01
7.050000000000000000e+02 9.993649520661158636e-01 9.946790049586777815e-01
7.100000000000000000e+02 9.991964132231403450e-01 9.952227008264461494e-01
7.150000000000000000e+02 9.991859074380166073e-01 9.967225685950411584e-01
7.200000000000000000e+02 9.992964198347106253e-01 9.959477884297520678e-01
7.250000000000000000e+02 1.001731477685950500e+00 9.956229487603305284e-01
7.300000000000000000e+02 9.992769785123964965e-01 9.947658347107438681e-01
7.350000000000000000e+02 1.000653930578512263e+00 9.948340561983470831e-01
7.400000000000000000e+02 9.977430942148760584e-01 9.957155438016528359e-01
7.450000000000000000e+02 1.001192423140495835e+00 9.940297818181818013e-01
7.500000000000000000e+02 9.975252429752066163e-01 9.951459867768595036e-01
7.550000000000000000e+02 9.994089388429753251e-01 9.950416165289256432e-01
7.600000000000000000e+02 9.995820958677686940e-01 9.973885190082644181e-01
7.650000000000000000e+02 1.000601781818181824e+00 9.949448727272727222e-01
7.700000000000000000e+02 9.992170115702478927e-01 9.957601619834710593e-01
7.750000000000000000e+02 9.989244132231405171e-01 9.960829487603305443e-01
7.800000000000000000e+02 9.985062644628099893e-01 9.970742809917355620e-01
7.850000000000000000e+02 1.001988247933884413e+00 9.940705157024793959e-01
7.900000000000000000e+02 9.986439702479339431e-01 9.952077223140495255e-01
7.950000000000000000e+02 9.991340925619836000e-01 9.967880892561982176e-01
8.000000000000000000e+02 9.998071636363636827e-01 9.982162776859503373e-01
8.050000000000000000e+02 1.000289540495867824e+00 9.960464198347107612e-01
8.100000000000000000e+02 9.977841223140494487e-01 9.959568991735539001e-01
8.150000000000000000e+02 1.000661153719008212e+00 9.958585190082642757e-01
8.200000000000000000e+02 1.000333527272727396e+00 9.962513388429752315e-01
8.250000000000000000e+02 9.987516892561980608e-01 9.969076297520660379e-01
8.300000000000000000e+02 1.000887123966942127e+00 9.948941752066117195e-01
8.350000000000000000e+02 1.000540297520660982e+00 9.975923404958677576e-01
8.400000000000000000e+02 9.986909454545453979e-01 9.958952859504132116e-01
8.450000000000000000e+02 1.000718178512396417e+00 9.968057421487603875e-01
8.500000000000000000e+02 9.994226413223140648e-01 9.941098611570247101e-01
8.550000000000000000e+02 1.000311623140496042e+00 9.953509355371901179e-01
8.600000000000000000e+02 1.000571021487603351e+00 9.971591537190083177e-01
8.650000000000000000e+02 1.002045137190082702e+00 9.974183669421486931e-01
8.700000000000000000e+02 1.001479173553718960e+00 9.972271504132230735e-01
8.750000000000000000e+02 9.983781619834710686e-01 9.964161851239667911e-01
8.800000000000000000e+02 9.985638842975206320e-01 9.960218809917356086e-01
8.850000000000000000e+02 1.001212836363636338e+00 9.959854578512397083e-01
8.900000000000000000e+02 9.998881256198346446e-01 9.970767933884296941e-01
8.950000000000000000e+02 9.990946314049586885e-01 9.971402975206611341e-01
9.000000000000000000e+02 1.000739061157024823e+00 9.964184462809917431e-01
9.050000000000000000e+02 9.996763404958677324e-01 9.973535438016527532e-01
9.100000000000000000e+02 1.000224773553719082e+00 9.984890082644628517e-01
9.150000000000000000e+02 1.000432370247933855e+00 9.950939107438016018e-01
9.200000000000000000e+02 1.001395867768595016e+00 9.967075933884297356e-01
9.250000000000000000e+02 9.996005322314049923e-01 9.963679768595040676e-01
9.300000000000000000e+02 9.990909157024793208e-01 9.947325818181818047e-01
9.350000000000000000e+02 9.995443438016529125e-01 9.961501983471074961e-01
9.400000000000000000e+02 9.992326280991734588e-01 9.960127636363637071e-01
9.450000000000000000e+02 1.000098499173553757e+00 9.962171702479338808e-01
9.500000000000000000e+02 1.000021580165289192e+00 9.960347404958677098e-01
9.550000000000000000e+02 9.994076132231404230e-01 9.969215140495867322e-01
9.600000000000000000e+02 9.997589818181816801e-01 9.988305223140494515e-01
9.650000000000000000e+02 9.992314578512397905e-01 9.966944495867767762e-01
9.700000000000000000e+02 9.994483999999997925e-01 9.968417057851240992e-01
9.750000000000000000e+02 9.995352661157023144e-01 9.967880099173556108e-01
9.800000000000000000e+02 9.983729520661155377e-01 9.981765818181816963e-01
9.850000000000000000e+02 9.993156231404956014e-01 9.959673851239669862e-01
9.900000000000000000e+02 1.000956390082644587e+00 9.955510876033057954e-01
9.950000000000000000e+02 1.000883282644628114e+00 9.976670611570248592e-01
