0.000000000000000000e+00 4.636363636363637075e-02 4.636363636363637075e-02
5.000000000000000000e+00 9.844580495867768510e-01 9.238720099173554079e-01
1.000000000000000000e+01 9.876605752066117683e-01 9.358254710743801885e-01
1.500000000000000000e+01 9.878956793388429247e-01 9.381539140495867013e-01
2.000000000000000000e+01 9.902112760330578078e-01 9.398064628099174200e-01
2.500000000000000000e+01 9.913450413223138247e-01 9.445504099173552826e-01
3.000000000000000000e+01 9.925060892561985426e-01 9.466909520661157540e-01
3.500000000000000000e+01 9.930203603305784998e-01 9.467374545454545487e-01
4.000000000000000000e+01 9.933979041322313908e-01 9.495952099173553540e-01
4.500000000000000000e+01 9.935194446280991576e-01 9.496400528925619255e-01
5.000000000000000000e+01 9.930678776859502843e-01 9.521503471074380665e-01
5.500000000000000000e+01 9.944135636363636843e-01 9.535601355371902121e-01
6.000000000000000000e+01 9.939458181818181526e-01 9.535268826446280377e-01
6.500000000000000000e+01 9.928051603305784178e-01 9.553541983471074417e-01
7.000000000000000000e+01 9.962745685950414876e-01 9.563981223140494148e-01
7.500000000000000000e+01 9.969718776859503029e-01 9.585947801652892064e-01
8.000000000000000000e+01 9.960547768595043872e-01 9.567671338842973494e-01
8.500000000000000000e+01 9.953655669421488383e-01 9.610752132231403788e-01
9.000000000000000000e+01 9.949177256198347141e-01 9.611736396694213758e-01
9.500000000000000000e+01 9.969110380165290275e-01 9.595992066115701657e-01
1.000000000000000000e+02 9.980206677685948824e-01 9.620994181818181001e-01
1.050000000000000000e+02 9.980796892561982769e-01 9.643468859504131796e-01
1.100000000000000000e+02 9.951288958677686480e-01 9.640425685950413381e-01
1.150000000000000000e+02 9.987129719008264184e-01 9.642414743801653865e-01
1.200000000000000000e+02 9.974564892561984530e-01 9.653682280991736642e-01
1.250000000000000000e+02 9.979147900826447204e-01 9.658940661157024987e-01
1.300000000000000000e+02 9.971950644628098104e-01 9.682609619834712245e-01
1.350000000000000000e+02 9.974010909090909038e-01 9.666616991735536013e-01
1.400000000000000000e+02 9.990278842975206519e-01 9.659491074380165410e-01
1.450000000000000000e+02 9.989804661157025700e-01 9.686227504132229882e-01
1.500000000000000000e+02 9.987218942148758938e-01 9.698480000000000434e-01
1.550000000000000000e+02 9.981515900826446464e-01 9.681401090909089735e-01
1.600000000000000000e+02 9.962358677685951847e-01 9.699410115702480351e-01
1.650000000000000000e+02 9.971227107438014325e-01 9.712094082644628923e-01
1.700000000000000000e+02 9.975673322314049241e-01 9.712761289256197639e-01
1.750000000000000000e+02 9.993428363636362999e-01 9.735403834710742998e-01
1.800000000000000000e+02 9.986092330578513199e-01 9.712865322314050420e-01
1.850000000000000000e+02 9.979279702479336711e-01 9.720744661157023625e-01
1.900000000000000000e+02 9.998169685950413221e-01 9.745141322314049281e-01
1.950000000000000000e+02 9.980920363636365256e-01 9.751055471074380199e-01
2.000000000000000000e+02 9.991647900826444717e-01 9.725380396694213170e-01
2.050000000000000000e+02 9.971592958677686358e-01 9.756800495867767875e-01
2.100000000000000000e+02 9.977392991735536398e-01 9.770187966942147639e-01
2.150000000000000000e+02 9.987309024793388224e-01 9.754951272727272471e-01
2.200000000000000000e+02 9.973670214876033668e-01 9.750621586776858640e-01
2.250000000000000000e+02 9.990768231404958399e-01 9.789059107438017326e-01
2.300000000000000000e+02 9.972843041322313473e-01 9.777217057851238513e-01
2.350000000000000000e+02 9.985326479338842987e-01 9.797188396694214152e-01
2.400000000000000000e+02 9.991863404958676309e-01 9.771690776859504046e-01
2.450000000000000000e+02 9.988010049586776296e-01 9.769507107438016869e-01
2.500000000000000000e+02 9.991111173553717251e-01 9.803490214876033892e-01
2.550000000000000000e+02 9.989420925619836300e-01 9.792722247933884905e-01
2.600000000000000000e+02 9.988663272727272835e-01 9.778584892561983377e-01
2.650000000000000000e+02 1.000098813223140315e+00 9.784150578512396113e-01
2.700000000000000000e+02 1.001171242975206876e+00 9.792733586776858346e-01
2.750000000000000000e+02 9.987159305785123786e-01 9.810673719008263793e-01
2.800000000000000000e+02 9.991064628099172173e-01 9.800032793388429031e-01
2.850000000000000000e+02 9.996205256198347211e-01 9.795999107438018161e-01
2.900000000000000000e+02 1.000239226446280938e+00 9.821817619834710689e-01
2.950000000000000000e+02 9.983232462809918939e-01 9.803478413223141175e-01
3.000000000000000000e+02 9.980541652892561677e-01 9.805811867768594592e-01
3.050000000000000000e+02 9.982149752066117321e-01 9.840177057851239306e-01
3.100000000000000000e+02 9.985257818181818568e-01 9.831592165289254615e-01
3.150000000000000000e+02 9.990287206611568882e-01 9.838569057851239696e-01
3.200000000000000000e+02 1.001038581818181727e+00 9.844830314049588527e-01
3.250000000000000000e+02 1.000127127272727456e+00 9.846478876033059047e-01
3.300000000000000000e+02 9.997533586776858883e-01 9.848270578512396956e-01
3.350000000000000000e+02 9.997507735537188855e-01 9.854846082644627137e-01
3.400000000000000000e+02 9.973988297520660629e-01 9.853161289256199273e-01
3.450000000000000000e+02 9.997583404958676478e-01 9.846200495867767355e-01
3.500000000000000000e+02 9.998558743801652104e-01 9.851614280991736194e-01
3.550000000000000000e+02 9.987499537190082100e-01 9.858657487603306180e-01
3.600000000000000000e+02 9.987639867768596247e-01 9.857278016528925324e-01
3.650000000000000000e+02 1.000484029752066295e+00 9.854488132231405961e-01
3.700000000000000000e+02 9.990405190082644049e-01 9.858870214876033211e-01
3.750000000000000000e+02 9.991395735537189626e-01 9.885967636363636180e-01
3.800000000000000000e+02 9.993281884297520179e-01 9.881531107438016326e-01
3.850000000000000000e+02 9.996091834710743029e-01 9.881659107438014455e-01
3.900000000000000000e+02 9.999971305785123610e-01 9.882370181818181942e-01
3.950000000000000000e+02 1.000950380165289477e+00 9.870060561983470260e-01
4.000000000000000000e+02 9.995975702479338310e-01 9.871636528925620269e-01
4.050000000000000000e+02 9.990896033057851122e-01 9.893150710743799925e-01
4.100000000000000000e+02 1.000944472727272938e+00 9.906309157024791867e-01
4.150000000000000000e+02 1.001070357024793411e+00 9.881373024793388415e-01
4.200000000000000000e+02 1.000095001652892446e+00 9.884317487603306862e-01
4.250000000000000000e+02 9.981883900826445943e-01 9.910086512396694136e-01
4.300000000000000000e+02 9.990675702479340226e-01 9.901770545454546824e-01
4.350000000000000000e+02 9.982598280991734629e-01 9.882692297520661029e-01
4.400000000000000000e+02 9.980754148760331290e-01 9.907065950413223021e-01
4.450000000000000000e+02 9.995558479338839675e-01 9.898217983471073733e-01
4.500000000000000000e+02 1.000266214876033066e+00 9.903820561983470716e-01
4.550000000000000000e+02 1.000507299173553521e+00 9.890966512396694998e-01
4.600000000000000000e+02 1.000194948760330327e+00 9.902477123966942907e-01
4.650000000000000000e+02 9.983197057851238565e-01 9.914659867768594870e-01
4.700000000000000000e+02 9.979039933884298330e-01 9.910550876033056289e-01
4.750000000000000000e+02 9.992649223140495085e-01 9.904333123966940766e-01
4.800000000000000000e+02 9.989756132231406571e-01 9.924809553719006194e-01
4.850000000000000000e+02 9.996881355371900479e-01 9.925171570247932618e-01
4.900000000000000000e+02 9.997897157024793202e-01 9.914268066115703437e-01
4.950000000000000000e+02 9.984254148760328684e-01 9.926031999999999078e-01
5.000000000000000000e+02 9.985043801652893070e-01 9.921533586776860592e-01
5.050000000000000000e+02 9.985719735537191832e-01 9.942900561983470942e-01
5.100000000000000000e+02 1.000701404958677543e+00 9.939835768595040033e-01
5.150000000000000000e+02 1.000420026446280808e+00 9.933363768595041554e-01
5.200000000000000000e+02 9.989840661157023405e-01 9.936656991735537403e-01
5.250000000000000000e+02 1.000320839669421424e+00 9.936345223140495841e-01
5.300000000000000000e+02 9.999638380165288831e-01 9.931463140495868647e-01
5.350000000000000000e+02 9.996272033057851392e-01 9.932527206611571069e-01
5.400000000000000000e+02 9.994217719008264833e-01 9.942600826446282847e-01
5.450000000000000000e+02 9.987873355371901241e-01 9.929114314049586332e-01
5.500000000000000000e+02 9.998250016528924533e-01 9.940970578512395850e-01
5.550000000000000000e+02 9.988843669421487714e-01 9.930044132231404808e-01
5.600000000000000000e+02 9.994351173553719381e-01 9.940275272727271405e-01
5.650000000000000000e+02 9.988779933884297524e-01 9.938305785123967562e-01
5.700000000000000000e+02 9.997946776859505391e-01 9.930697289256198435e-01
5.750000000000000000e+02 9.992051900826446342e-01 9.940494710743801310e-01
5.800000000000000000e+02 9.999087404958675318e-01 9.936240099173552220e-01
5.850000000000000000e+02 9.990405090909092456e-01 9.943945685950413838e-01
5.900000000000000000e+02 1.000150304132231494e+00 9.943252297520659422e-01
5.950000000000000000e+02 9.983990611570247031e-01 9.938322016528925440e-01
6.000000000000000000e+02 9.993085454545456159e-01 9.940825619834710025e-01
6.050000000000000000e+02 9.979425520661155957e-01 9.948801190082644519e-01
6.100000000000000000e+02 9.985498578512397305e-01 9.923126049586776798e-01
6.150000000000000000e+02 9.985259239669421749e-01 9.951708826446280520e-01
6.200000000000000000e+02 1.000026958677685762e+00 9.933095636363635794e-01
6.250000000000000000e+02 9.998368231404958228e-01 9.974386049586776437e-01
6.300000000000000000e+02 9.984776429752064697e-01 9.934366512396695104e-01
6.350000000000000000e+02 1.001407682644628094e+00 9.956029553719009106e-01
6.400000000000000000e+02 9.991679438016527470e-01 9.960567008264462618e-01
6.450000000000000000e+02 9.981770611570247587e-01 9.963108561983471390e-01
6.500000000000000000e+02 9.998629157024792047e-01 9.942542247933884303e-01
6.550000000000000000e+02 1.000979550413223285e+00 9.955540132231405215e-01
6.600000000000000000e+02 9.993640462809917357e-01 9.923632892561983221e-01
6.650000000000000000e+02 9.995643867768595481e-01 9.966200826446280914e-01
6.700000000000000000e+02 9.992800694214876156e-01 9.942985190082644920e-01
6.750000000000000000e+02 9.969078776859504609e-01 9.927853917355371483e-01
6.800000000000000000e+02 9.973941851239669365e-01 9.957134479338842770e-01
6.850000000000000000e+02 9.993469752066115319e-01 9.958884033057850971e-01
6.900000000000000000e+02 9.993729752066116134e-01 9.938215438016528847e-01
6.950000000000000000e+02 1.001738823140495782e+00 9.943266512396695678e-01
7.000000000000000000e+02 9.975349223140496102e-01 9.956833586776859812e-01
7.050000000000000000e+02 9.997452363636364359e-01 9.946790049586777815e-01
7.100000000000000000e+02 9.990207735537189881e-01 9.952227008264461494e-01
7.150000000000000000e+02 1.000419388429751866e+00 9.967225685950411584e-01
7.200000000000000000e+02 1.001218204958677749e+00 9.959477884297520678e-01
7.250000000000000000e+02 9.982826214876032722e-01 9.956229487603305284e-01
7.300000000000000000e+02 9.989224892561983093e-01 9.947658347107438681e-01
7.350000000000000000e+02 9.988425256198347757e-01 9.948340561983470831e-01
7.400000000000000000e+02 9.990514314049587785e-01 9.957155438016528359e-01
7.450000000000000000e+02 1.001386968595041393e+00 9.940297818181818013e-01
7.500000000000000000e+02 9.973363570247932852e-01 9.951459867768595036e-01
7.550000000000000000e+02 9.975030016528926291e-01 9.950416165289256432e-01
7.600000000000000000e+02 1.000099176859504224e+00 9.973885190082644181e-01
7.650000000000000000e+02 1.001519692561983366e+00 9.949448727272727222e-01
7.700000000000000000e+02 1.000318819834710826e+00 9.957601619834710593e-01
7.750000000000000000e+02 1.001757345454545201e+00 9.960829487603305443e-01
7.800000000000000000e+02 1.000252829752066308e+00 9.970742809917355620e-01
7.850000000000000000e+02 1.000294082644628046e+00 9.940705157024793959e-01
7.900000000000000000e+02 9.977878380165290384e-01 9.952077223140495255e-01
7.950000000000000000e+02 9.995394743801652160e-01 9.967880892561982176e-01
8.000000000000000000e+02 1.000062661157024912e+00 9.982162776859503373e-01
8.050000000000000000e+02 9.996426809917353662e-01 9.960464198347107612e-01
8.100000000000000000e+02 1.001032386776859351e+00 9.959568991735539001e-01
8.150000000000000000e+02 1.001031229752066043e+00 9.958585190082642757e-01
8.200000000000000000e+02 1.000096948760330395e+00 9.962513388429752315e-01
8.250000000000000000e+02 9.999971008264461059e-01 9.969076297520660379e-01
8.300000000000000000e+02 9.991787702479338895e-01 9.948941752066117195e-01
8.350000000000000000e+02 1.000795983471074235e+00 9.975923404958677576e-01
8.400000000000000000e+02 9.993401719008263573e-01 9.958952859504132116e-01
8.450000000000000000e+02 1.000305014876033072e+00 9.968057421487603875e-01
8.500000000000000000e+02 9.980618776859504493e-01 9.941098611570247101e-01
8.550000000000000000e+02 1.000117438016528748e+00 9.953509355371901179e-01
8.600000000000000000e+02 1.001522968595041307e+00 9.971591537190083177e-01
8.650000000000000000e+02 1.000150796694214916e+00 9.974183669421486931e-01
8.700000000000000000e+02 9.988599404958676820e-01 9.972271504132230735e-01
8.750000000000000000e+02 1.001037361983471152e+00 9.964161851239667911e-01
8.800000000000000000e+02 1.001343884297520637e+00 9.960218809917356086e-01
8.850000000000000000e+02 1.000524654545454473e+00 9.959854578512397083e-01
8.900000000000000000e+02 9.996959371900826508e-01 9.970767933884296941e-01
8.950000000000000000e+02 9.987519008264461595e-01 9.971402975206611341e-01
9.000000000000000000e+02 9.986793851239668118e-01 9.964184462809917431e-01
9.050000000000000000e+02 1.000370816528925566e+00 9.973535438016527532e-01
9.100000000000000000e+02 9.999428628099173988e-01 9.984890082644628517e-01
9.150000000000000000e+02 9.996040991735537506e-01 9.950939107438016018e-01
9.200000000000000000e+02 1.001216783471074567e+00 9.967075933884297356e-01
9.250000000000000000e+02 9.980413223140496282e-01 9.963679768595040676e-01
9.300000000000000000e+02 9.998734314049588789e-01 9.947325818181818047e-01
9.350000000000000000e+02 9.996581355371901845e-01 9.961501983471074961e-01
9.400000000000000000e+02 1.000910565289256038e+00 9.960127636363637071e-01
9.450000000000000000e+02 1.000108125619834754e+00 9.962171702479338808e-01
9.500000000000000000e+02 9.993129586776857698e-01 9.960347404958677098e-01
9.550000000000000000e+02 1.000668876033057986e+00 9.969215140495867322e-01
9.600000000000000000e+02 1.000295808264462627e+00 9.988305223140494515e-01
9.650000000000000000e+02 9.993239702479339570e-01 9.966944495867767762e-01
9.700000000000000000e+02 9.993674876033058485e-01 9.968417057851240992e-01
9.750000000000000000e+02 9.999098942148758606e-01 9.967880099173556108e-01
9.800000000000000000e+02 9.999063966942148829e-01 9.981765818181816963e-01
9.850000000000000000e+02 9.997895074380164226e-01 9.959673851239669862e-01
9.900000000000000000e+02 1.000083071074380214e+00 9.955510876033057954e-01
9.950000000000000000e+02 9.999595768595043177e-01 9.976670611570248592e-01
