0.000000000000000000e+00 4.636363636363637075e-02 4.636363636363637075e-02
5.000000000000000000e+00 9.876621520661157394e-01 9.238720099173554079e-01
1.000000000000000000e+01 9.899205322314049704e-01 9.358254710743801885e-01
1.500000000000000000e+01 9.930226942148759894e-01 9.381539140495867013e-01
2.000000000000000000e+01 9.941491900826445738e-01 9.398064628099174200e-01
2.500000000000000000e+01 9.916642314049587403e-01 9.445504099173552826e-01
3.000000000000000000e+01 9.941385223140495331e-01 9.466909520661157540e-01
3.500000000000000000e+01 9.949847570247933870e-01 9.467374545454545487e-01
4.000000000000000000e+01 9.952375702479336894e-01 9.495952099173553540e-01
4.500000000000000000e+01 9.945617487603304330e-01 9.496400528925619255e-01
5.000000000000000000e+01 9.941324132231403876e-01 9.521503471074380665e-01
5.500000000000000000e+01 9.956734776859506031e-01 9.535601355371902121e-01
6.000000000000000000e+01 9.942243999999998971e-01 9.535268826446280377e-01
6.500000000000000000e+01 9.944580330578514094e-01 9.553541983471074417e-01
7.000000000000000000e+01 9.967563801652892241e-01 9.563981223140494148e-01
7.500000000000000000e+01 9.961821289256198586e-01 9.585947801652892064e-01
8.000000000000000000e+01 9.958864297520662046e-01 9.567671338842973494e-01
8.500000000000000000e+01 9.959184099173553628e-01 9.610752132231403788e-01
9.000000000000000000e+01 9.960184231404959343e-01 9.611736396694213758e-01
9.500000000000000000e+01 9.957285818181818016e-01 9.595992066115701657e-01
1.000000000000000000e+02 9.961236892561983192e-01 9.620994181818181001e-01
1.050000000000000000e+02 9.957178049586777879e-01 9.643468859504131796e-01
1.100000000000000000e+02 9.958941322314048827e-01 9.640425685950413381e-01
1.150000000000000000e+02 9.963662743801652288e-01 9.642414743801653865e-01
1.200000000000000000e+02 9.948066181818182585e-01 9.653682280991736642e-01
1.250000000000000000e+02 9.969031735537189354e-01 9.658940661157024987e-01
1.300000000000000000e+02 9.946638247933883292e-01 9.682609619834712245e-01
1.350000000000000000e+02 9.961514677685950891e-01 9.666616991735536013e-01
1.400000000000000000e+02 9.960917322314047917e-01 9.659491074380165410e-01
1.450000000000000000e+02 9.956234611570249360e-01 9.686227504132229882e-01
1.500000000000000000e+02 9.944598942148761278e-01 9.698480000000000434e-01
1.550000000000000000e+02 9.974287471074380074e-01 9.681401090909089735e-01
1.600000000000000000e+02 9.956379438016528249e-01 9.699410115702480351e-01
1.650000000000000000e+02 9.959227900826446156e-01 9.712094082644628923e-01
1.700000000000000000e+02 9.958636991735536625e-01 9.712761289256197639e-01
1.750000000000000000e+02 9.980766148760331635e-01 9.735403834710742998e-01
1.800000000000000000e+02 9.992155867768595101e-01 9.712865322314050420e-01
1.850000000000000000e+02 9.970576925619833997e-01 9.720744661157023625e-01
1.900000000000000000e+02 9.993808561983470451e-01 9.745141322314049281e-01
1.950000000000000000e+02 9.982113553719008658e-01 9.751055471074380199e-01
2.000000000000000000e+02 9.987449487603304865e-01 9.725380396694213170e-01
2.050000000000000000e+02 9.975583206611571274e-01 9.756800495867767875e-01
2.100000000000000000e+02 9.970285123966942109e-01 9.770187966942147639e-01
2.150000000000000000e+02 9.971013355371901588e-01 9.754951272727272471e-01
2.200000000000000000e+02 9.978400628099171055e-01 9.750621586776858640e-01
2.250000000000000000e+02 9.985173983471075099e-01 9.789059107438017326e-01
2.300000000000000000e+02 9.985630214876032307e-01 9.777217057851238513e-01
2.350000000000000000e+02 9.972583140495867582e-01 9.797188396694214152e-01
2.400000000000000000e+02 9.972332859504131619e-01 9.771690776859504046e-01
2.450000000000000000e+02 9.975482214876034703e-01 9.769507107438016869e-01
2.500000000000000000e+02 9.972095471074379214e-01 9.803490214876033892e-01
2.550000000000000000e+02 9.961306578512395538e-01 9.792722247933884905e-01
2.600000000000000000e+02 9.996524595041321737e-01 9.778584892561983377e-01
2.650000000000000000e+02 9.969111603305785829e-01 9.784150578512396113e-01
2.700000000000000000e+02 9.987396231404959135e-01 9.792733586776858346e-01
2.750000000000000000e+02 9.982410545454547535e-01 9.810673719008263793e-01
2.800000000000000000e+02 9.984286909090906992e-01 9.800032793388429031e-01
2.850000000000000000e+02 9.980630016528927451e-01 9.795999107438018161e-01
2.900000000000000000e+02 1.000487990082644441e+00 9.821817619834710689e-01
2.950000000000000000e+02 9.982535272727272035e-01 9.803478413223141175e-01
3.000000000000000000e+02 9.961954677685950221e-01 9.805811867768594592e-01
3.050000000000000000e+02 9.961214710743802048e-01 9.840177057851239306e-01
3.100000000000000000e+02 9.985732561983470257e-01 9.831592165289254615e-01
3.150000000000000000e+02 9.981314115702477618e-01 9.838569057851239696e-01
3.200000000000000000e+02 9.978690280991733275e-01 9.844830314049588527e-01
3.250000000000000000e+02 9.988875504132230798e-01 9.846478876033059047e-01
3.300000000000000000e+02 9.986706876033057956e-01 9.848270578512396956e-01
3.350000000000000000e+02 9.990587966942149345e-01 9.854846082644627137e-01
3.400000000000000000e+02 9.996216462809914827e-01 9.853161289256199273e-01
3.450000000000000000e+02 9.994315537190082699e-01 9.846200495867767355e-01
3.500000000000000000e+02 9.967859669421489377e-01 9.851614280991736194e-01
3.550000000000000000e+02 9.983663338842976298e-01 9.858657487603306180e-01
3.600000000000000000e+02 9.989010082644627087e-01 9.857278016528925324e-01
3.650000000000000000e+02 1.000063137190082774e+00 9.854488132231405961e-01
3.700000000000000000e+02 9.982978214876032652e-01 9.858870214876033211e-01
3.750000000000000000e+02 9.965238776859504100e-01 9.885967636363636180e-01
3.800000000000000000e+02 1.000309702479338814e+00 9.881531107438016326e-01
3.850000000000000000e+02 9.985627603305783362e-01 9.881659107438014455e-01
3.900000000000000000e+02 9.990931206611570747e-01 9.882370181818181942e-01
3.950000000000000000e+02 9.983623768595040193e-01 9.870060561983470260e-01
4.000000000000000000e+02 1.000691375206611777e+00 9.871636528925620269e-01
4.050000000000000000e+02 9.986326082644627622e-01 9.893150710743799925e-01
4.100000000000000000e+02 1.000417712396694192e+00 9.906309157024791867e-01
4.150000000000000000e+02 9.993448727272726817e-01 9.881373024793388415e-01
4.200000000000000000e+02 9.988222909090909152e-01 9.884317487603306862e-01
4.250000000000000000e+02 9.987148231404958665e-01 9.910086512396694136e-01
4.300000000000000000e+02 9.989305586776857648e-01 9.901770545454546824e-01
4.350000000000000000e+02 1.000263163636363695e+00 9.882692297520661029e-01
4.400000000000000000e+02 9.971686016528925611e-01 9.907065950413223021e-01
4.450000000000000000e+02 9.994714181818181720e-01 9.898217983471073733e-01
4.500000000000000000e+02 9.993765818181816751e-01 9.903820561983470716e-01
4.550000000000000000e+02 1.000683801652892502e+00 9.890966512396694998e-01
4.600000000000000000e+02 9.988018512396694693e-01 9.902477123966942907e-01
4.650000000000000000e+02 9.977809090909091072e-01 9.914659867768594870e-01
4.700000000000000000e+02 9.976155371900826685e-01 9.910550876033056289e-01
4.750000000000000000e+02 9.972447702479337872e-01 9.904333123966940766e-01
4.800000000000000000e+02 9.997602578512398974e-01 9.924809553719006194e-01
4.850000000000000000e+02 9.981697487603305996e-01 9.925171570247932618e-01
4.900000000000000000e+02 1.000107421487603343e+00 9.914268066115703437e-01
4.950000000000000000e+02 9.985634214876032422e-01 9.926031999999999078e-01
5.000000000000000000e+02 9.984392066115704845e-01 9.921533586776860592e-01
5.050000000000000000e+02 9.981627966942149266e-01 9.942900561983470942e-01
5.100000000000000000e+02 9.964706115702478550e-01 9.939835768595040033e-01
5.150000000000000000e+02 9.993949024793389313e-01 9.933363768595041554e-01
5.200000000000000000e+02 9.984290446280990050e-01 9.936656991735537403e-01
5.250000000000000000e+02 9.984967404958677850e-01 9.936345223140495841e-01
5.300000000000000000e+02 9.989419669421486514e-01 9.931463140495868647e-01
5.350000000000000000e+02 9.978720826446279002e-01 9.932527206611571069e-01
5.400000000000000000e+02 9.992150611570249641e-01 9.942600826446282847e-01
5.450000000000000000e+02 9.986783603305784407e-01 9.929114314049586332e-01
5.500000000000000000e+02 9.984207669421486520e-01 9.940970578512395850e-01
5.550000000000000000e+02 9.985412528925620146e-01 9.930044132231404808e-01
5.600000000000000000e+02 9.990417024793387668e-01 9.940275272727271405e-01
5.650000000000000000e+02 9.980539173553719667e-01 9.938305785123967562e-01
5.700000000000000000e+02 1.000260469421487608e+00 9.930697289256198435e-01
5.750000000000000000e+02 9.996093652892563686e-01 9.940494710743801310e-01
5.800000000000000000e+02 9.980511008264463246e-01 9.936240099173552220e-01
5.850000000000000000e+02 9.985858611570247456e-01 9.943945685950413838e-01
5.900000000000000000e+02 1.001436280991735428e+00 9.943252297520659422e-01
5.950000000000000000e+02 9.985714347107437217e-01 9.938322016528925440e-01
6.000000000000000000e+02 1.000452423140495650e+00 9.940825619834710025e-01
6.050000000000000000e+02 1.000825596694214781e+00 9.948801190082644519e-01
6.100000000000000000e+02 9.999146082644626565e-01 9.923126049586776798e-01
6.150000000000000000e+02 9.982177950413223533e-01 9.951708826446280520e-01
6.200000000000000000e+02 9.993508231404957254e-01 9.933095636363635794e-01
6.250000000000000000e+02 9.994675801652892488e-01 9.974386049586776437e-01
6.300000000000000000e+02 9.993741752066117590e-01 9.934366512396695104e-01
6.350000000000000000e+02 9.994267305785126121e-01 9.956029553719009106e-01
6.400000000000000000e+02 9.985944066115701734e-01 9.960567008264462618e-01
6.450000000000000000e+02 9.983509123966941567e-01 9.963108561983471390e-01
6.500000000000000000e+02 9.977231636363637080e-01 9.942542247933884303e-01
6.550000000000000000e+02 9.986144892561983344e-01 9.955540132231405215e-01
6.600000000000000000e+02 1.000503765289256108e+00 9.923632892561983221e-01
6.650000000000000000e+02 9.977969884297521741e-01 9.966200826446280914e-01
6.700000000000000000e+02 1.001761381818181862e+00 9.942985190082644920e-01
6.750000000000000000e+02 9.990003570247931730e-01 9.927853917355371483e-01
6.800000000000000000e+02 9.985004561983471527e-01 9.957134479338842770e-01
6.850000000000000000e+02 9.982406380165290694e-01 9.958884033057850971e-01
6.900000000000000000e+02 9.984540958677685651e-01 9.938215438016528847e-01
6.950000000000000000e+02 9.993393388429752111e-01 9.943266512396695678e-01
7.000000000000000000e+02 9.987120561983470202e-01 9.956833586776859812e-01
7.050000000000000000e+02 1.000642297520661028e+00 9.946790049586777815e-01
7.100000000000000000e+02 9.977433454545454605e-01 9.952227008264461494e-01
7.150000000000000000e+02 9.998205355371899694e-01 9.967225685950411584e-01
7.200000000000000000e+02 9.998161884297521729e-01 9.959477884297520678e-01
7.250000000000000000e+02 9.979330743801654302e-01 9.956229487603305284e-01
7.300000000000000000e+02 1.000019038016528805e+00 9.947658347107438681e-01
7.350000000000000000e+02 9.992876628099173208e-01 9.948340561983470831e-01
7.400000000000000000e+02 9.987837487603303810e-01 9.957155438016528359e-01
7.450000000000000000e+02 1.000234555371900758e+00 9.940297818181818013e-01
7.500000000000000000e+02 9.983080396694216097e-01 9.951459867768595036e-01
7.550000000000000000e+02 9.982695471074378712e-01 9.950416165289256432e-01
7.600000000000000000e+02 9.974790909090909263e-01 9.973885190082644181e-01
7.650000000000000000e+02 9.976173553719007714e-01 9.949448727272727222e-01
7.700000000000000000e+02 9.986722545454546074e-01 9.957601619834710593e-01
7.750000000000000000e+02 9.989829586776860504e-01 9.960829487603305443e-01
7.800000000000000000e+02 1.000221345454545441e+00 9.970742809917355620e-01
7.850000000000000000e+02 1.000184343801652886e+00 9.940705157024793959e-01
7.900000000000000000e+02 1.000911927272727153e+00 9.952077223140495255e-01
7.950000000000000000e+02 1.000969877685950360e+00 9.967880892561982176e-01
8.000000000000000000e+02 1.000536502479338896e+00 9.982162776859503373e-01
8.050000000000000000e+02 9.993790975206611193e-01 9.960464198347107612e-01
8.100000000000000000e+02 9.996590909090908861e-01 9.959568991735539001e-01
8.150000000000000000e+02 9.993208198347106608e-01 9.958585190082642757e-01
8.200000000000000000e+02 1.001610148760330610e+00 9.962513388429752315e-01
8.250000000000000000e+02 9.994933950413222856e-01 9.969076297520660379e-01
8.300000000000000000e+02 1.000332251239669512e+00 9.948941752066117195e-01
8.350000000000000000e+02 1.000613801652892487e+00 9.975923404958677576e-01
8.400000000000000000e+02 9.999111008264464084e-01 9.958952859504132116e-01
8.450000000000000000e+02 1.000981719008264381e+00 9.968057421487603875e-01
8.500000000000000000e+02 9.998433851239669767e-01 9.941098611570247101e-01
8.550000000000000000e+02 9.989774975206611174e-01 9.953509355371901179e-01
8.600000000000000000e+02 9.997636925619832748e-01 9.971591537190083177e-01
8.650000000000000000e+02 1.001000634710743853e+00 9.974183669421486931e-01
8.700000000000000000e+02 9.978894545454546350e-01 9.972271504132230735e-01
8.750000000000000000e+02 1.000398727272727495e+00 9.964161851239667911e-01
8.800000000000000000e+02 9.998085785123966840e-01 9.960218809917356086e-01
8.850000000000000000e+02 9.987263471074381282e-01 9.959854578512397083e-01
8.900000000000000000e+02 9.999162413223141588e-01 9.970767933884296941e-01
8.950000000000000000e+02 9.996141355371900294e-01 9.971402975206611341e-01
9.000000000000000000e+02 9.975452892561984530e-01 9.964184462809917431e-01
9.050000000000000000e+02 9.976345157024792965e-01 9.973535438016527532e-01
9.100000000000000000e+02 9.981830644628099103e-01 9.984890082644628517e-01
9.150000000000000000e+02 9.992073652892561331e-01 9.950939107438016018e-01
9.200000000000000000e+02 1.000037523966942121e+00 9.967075933884297356e-01
9.250000000000000000e+02 1.000676393388429730e+00 9.963679768595040676e-01
9.300000000000000000e+02 1.000955282644627964e+00 9.947325818181818047e-01
9.350000000000000000e+02 9.988078809917354528e-01 9.961501983471074961e-01
9.400000000000000000e+02 9.997109289256199682e-01 9.960127636363637071e-01
9.450000000000000000e+02 1.000443709090909072e+00 9.962171702479338808e-01
9.500000000000000000e+02 1.001949279338842924e+00 9.960347404958677098e-01
9.550000000000000000e+02 1.000023838016528943e+00 9.969215140495867322e-01
9.600000000000000000e+02 9.985453487603305200e-01 9.988305223140494515e-01
9.650000000000000000e+02 1.000268466115702415e+00 9.966944495867767762e-01
9.700000000000000000e+02 1.001050247933884307e+00 9.968417057851240992e-01
9.750000000000000000e+02 9.998028099173554839e-01 9.967880099173556108e-01
9.800000000000000000e+02 9.999834776859504171e-01 9.981765818181816963e-01
9.850000000000000000e+02 9.994995272727271729e-01 9.959673851239669862e-01
9.900000000000000000e+02 1.000586641322314119e+00 9.955510876033057954e-01
9.950000000000000000e+02 9.993835834710742549e-01 9.976670611570248592e-01
