0.000000000000000000e+00 0.000000000000000000e+00 0.000000000000000000e+00 0.000000000000000000e+00 0.000000000000000000e+00 0.000000000000000000e+00 0.000000000000000000e+00
5.000000000000000000e+00 1.319561192499988100e-01 1.440098106241675668e-01 0.000000000000000000e+00 0.000000000000000000e+00 8.293813111917752723e-02 5.928916777540694377e-02
1.000000000000000000e+01 3.563398437066180036e-02 1.259054715686681036e-01 0.000000000000000000e+00 0.000000000000000000e+00 4.919895566117904462e-02 6.770130133094733049e-02
1.500000000000000000e+01 4.986442171612484597e-02 1.902894569553559845e-01 0.000000000000000000e+00 0.000000000000000000e+00 2.741457516027242039e-02 7.407828244704384169e-02
2.000000000000000000e+01 1.769227973700188972e-01 2.298917785475669273e-01 0.000000000000000000e+00 0.000000000000000000e+00 7.717261800630501045e-02 6.459548065659198590e-02
2.500000000000000000e+01 1.109741160654943160e-01 1.206331100697747988e-01 0.000000000000000000e+00 0.000000000000000000e+00 8.009124620192460686e-02 6.290083837061984096e-02
3.000000000000000000e+01 1.053954071639980894e-01 1.959052943231323618e-01 0.000000000000000000e+00 0.000000000000000000e+00 6.541708823710182252e-02 7.676741817438459403e-02
3.500000000000000000e+01 1.460850961996550401e-01 2.080106994652867469e-01 0.000000000000000000e+00 0.000000000000000000e+00 7.007829691618040757e-02 6.602477727071794089e-02
4.000000000000000000e+01 1.960815844511624717e-01 2.640541123395034329e-01 0.000000000000000000e+00 0.000000000000000000e+00 8.633654602783337462e-02 9.219583707499419412e-02
4.500000000000000000e+01 5.782593784020044134e-03 2.428238550061968815e-01 0.000000000000000000e+00 0.000000000000000000e+00 1.367697022781575074e-02 9.451681251289226204e-02
5.000000000000000000e+01 4.829568769684230989e-02 1.729663824055223398e-01 0.000000000000000000e+00 0.000000000000000000e+00 5.837688509205939819e-02 9.122663034908147506e-02
5.500000000000000000e+01 4.100822470468847014e-02 2.058547008249650700e-01 0.000000000000000000e+00 0.000000000000000000e+00 5.470818778801472826e-02 7.810296738925170956e-02
6.000000000000000000e+01 1.817766157704950314e-01 2.838809296060488263e-01 0.000000000000000000e+00 0.000000000000000000e+00 6.328444971910872352e-02 9.647796701115146645e-02
6.500000000000000000e+01 2.381778865486394031e-02 2.353930254642634945e-01 0.000000000000000000e+00 0.000000000000000000e+00 3.651492571123499120e-02 8.286151026058441449e-02
7.000000000000000000e+01 1.838267374464736259e-01 1.719304464102659746e-01 0.000000000000000000e+00 0.000000000000000000e+00 8.561666649823268527e-02 6.916929781559581769e-02
7.500000000000000000e+01 3.767038814530763308e-02 3.334476158598978501e-01 0.000000000000000000e+00 1.000000000000000000e+00 5.637411872155277670e-02 8.721474994595075636e-02
8.000000000000000000e+01 8.909972306372004880e-02 2.841745250096602282e-01 0.000000000000000000e+00 0.000000000000000000e+00 4.259944211509263112e-02 8.265807757820974044e-02
8.500000000000000000e+01 0.000000000000000000e+00 1.971859308231952990e-01 0.000000000000000000e+00 0.000000000000000000e+00 0.000000000000000000e+00 1.028834735672427836e-01
9.000000000000000000e+01 9.795895620315787922e-02 1.504763220038519422e-01 0.000000000000000000e+00 0.000000000000000000e+00 8.699251615585429365e-02 8.801399287470415556e-02
9.500000000000000000e+01 1.541513687140677880e-01 1.110747544982477741e-01 0.000000000000000000e+00 0.000000000000000000e+00 6.966264855841411419e-02 8.795732556171440009e-02
1.000000000000000000e+02 4.723337455065148953e-03 2.437926767574272735e-01 0.000000000000000000e+00 0.000000000000000000e+00 1.139214791275715982e-02 8.870254783128360410e-02
1.050000000000000000e+02 1.107910977825902477e-01 1.317487215499980047e-01 0.000000000000000000e+00 0.000000000000000000e+00 7.317776938291546684e-02 1.007078725388867863e-01
1.100000000000000000e+02 4.925105058251647711e-02 1.066796415770615569e-01 0.000000000000000000e+00 0.000000000000000000e+00 8.944271514752455410e-02 7.871661511909895659e-02
1.150000000000000000e+02 8.704947518730805911e-02 1.811639833603636562e-01 0.000000000000000000e+00 0.000000000000000000e+00 8.533397972111550489e-02 1.059519155920183725e-01
1.200000000000000000e+02 8.619779460363390100e-02 1.834943182660324357e-01 0.000000000000000000e+00 0.000000000000000000e+00 1.049770309932644002e-01 9.951347773980451228e-02
1.250000000000000000e+02 6.295653897670391852e-02 1.216667412997840259e-01 0.000000000000000000e+00 0.000000000000000000e+00 6.706925998243157272e-02 6.804845280616503289e-02
1.300000000000000000e+02 1.651178939425934356e-01 2.681695055707362593e-02 0.000000000000000000e+00 0.000000000000000000e+00 8.151833795121124493e-02 4.544776554561644893e-02
1.350000000000000000e+02 4.434781366035942668e-02 1.898116299663821227e-01 0.000000000000000000e+00 0.000000000000000000e+00 8.654966875150321703e-02 1.048748328347462871e-01
1.400000000000000000e+02 1.256767658344435379e-01 9.299313706894225817e-02 0.000000000000000000e+00 0.000000000000000000e+00 7.590270525384251732e-02 9.336404489796301664e-02
1.450000000000000000e+02 4.880439826067980991e-02 9.814833903415728922e-02 0.000000000000000000e+00 0.000000000000000000e+00 4.409932453802332258e-02 8.744848487103147605e-02
1.500000000000000000e+02 1.761874479046899450e-02 2.009496565328645068e-01 0.000000000000000000e+00 0.000000000000000000e+00 7.128063729213872379e-02 8.962090075390083399e-02
1.550000000000000000e+02 1.641531873744249415e-01 9.470695406307487463e-02 0.000000000000000000e+00 0.000000000000000000e+00 8.279753140865273031e-02 7.028451817768407994e-02
1.600000000000000000e+02 2.502562338114881421e-02 2.310134802511054075e-01 0.000000000000000000e+00 0.000000000000000000e+00 8.086113795409238802e-02 1.147330425111113827e-01
1.650000000000000000e+02 2.347466941950945851e-02 1.026928506356222792e-01 0.000000000000000000e+00 0.000000000000000000e+00 5.668992998977838427e-02 1.073223500992281504e-01
1.700000000000000000e+02 6.790284717075752152e-02 2.237536365003906236e-01 0.000000000000000000e+00 0.000000000000000000e+00 8.102575272512557714e-02 1.100703598226024926e-01
1.750000000000000000e+02 1.639387434231988905e-01 1.965129361878332759e-01 0.000000000000000000e+00 0.000000000000000000e+00 7.692683050190628202e-02 1.000792431149206130e-01
1.800000000000000000e+02 1.140870873308987565e-01 2.236610303665604871e-01 0.000000000000000000e+00 0.000000000000000000e+00 7.436192751204277751e-02 6.864538801700839632e-02
1.850000000000000000e+02 9.300949894378764127e-02 1.088409133494400854e-01 0.000000000000000000e+00 0.000000000000000000e+00 8.514623076617679198e-02 8.587961333326782354e-02
1.900000000000000000e+02 3.332937181558072448e-02 1.813033382513336289e-01 0.000000000000000000e+00 0.000000000000000000e+00 5.119866927842840060e-02 6.584303378204382773e-02
1.950000000000000000e+02 4.058243796005341769e-02 2.855963337081603506e-02 0.000000000000000000e+00 0.000000000000000000e+00 9.505957646325989552e-02 5.659601855921837787e-02
2.000000000000000000e+02 9.782760987590954915e-02 2.787180735100527329e-01 0.000000000000000000e+00 1.000000000000000000e+00 7.200184333833758998e-02 7.299657438494067119e-02
2.050000000000000000e+02 1.075735981972171934e-01 1.222349558877610792e-01 0.000000000000000000e+00 0.000000000000000000e+00 8.640377243872257584e-02 7.707848037453515766e-02
2.100000000000000000e+02 5.713751083895367289e-02 1.051742156944146245e-01 0.000000000000000000e+00 0.000000000000000000e+00 7.900082410523046050e-02 8.801741743518319561e-02
2.150000000000000000e+02 1.357611684914351857e-01 1.843821492547009777e-01 0.000000000000000000e+00 0.000000000000000000e+00 6.983907158504408519e-02 8.771981416240021145e-02
2.200000000000000000e+02 2.122074531058709135e-01 1.323361647228484261e-01 1.000000000000000000e+00 0.000000000000000000e+00 4.119552779095472794e-02 7.255927287788428715e-02
2.250000000000000000e+02 7.984204259833542483e-02 1.252825491836105087e-01 0.000000000000000000e+00 0.000000000000000000e+00 7.812431226308547139e-02 7.968492666054831364e-02
2.300000000000000000e+02 1.681431316677464705e-01 1.348195096767123291e-01 1.000000000000000000e+00 0.000000000000000000e+00 4.459205600708555234e-02 9.098302777694218524e-02
2.350000000000000000e+02 2.092357057111973173e-01 2.204582106026251598e-01 0.000000000000000000e+00 0.000000000000000000e+00 6.477486772507370927e-02 7.863398250476466567e-02
2.400000000000000000e+02 1.145979481704933606e-01 1.413581108989834800e-01 0.000000000000000000e+00 0.000000000000000000e+00 7.299362926204898405e-02 8.408721797953970511e-02
2.450000000000000000e+02 2.338428340724477139e-01 1.476106286394736622e-01 0.000000000000000000e+00 0.000000000000000000e+00 7.157941295728335873e-02 9.984670786993123104e-02
2.500000000000000000e+02 8.440735586784273159e-02 1.593189020419066015e-01 0.000000000000000000e+00 0.000000000000000000e+00 9.940325438163578886e-02 8.738967102110102581e-02
2.550000000000000000e+02 1.909187947070212499e-01 7.743533042829046920e-02 0.000000000000000000e+00 0.000000000000000000e+00 5.986115947956428818e-02 7.882842300992803919e-02
2.600000000000000000e+02 2.385002973396754822e-01 2.308103214738999875e-01 0.000000000000000000e+00 0.000000000000000000e+00 7.912900202841999242e-02 7.233286105578257130e-02
2.650000000000000000e+02 1.944237198720834559e-01 7.351658491214370372e-02 0.000000000000000000e+00 0.000000000000000000e+00 1.066716164131370492e-01 7.797679568533386063e-02
2.700000000000000000e+02 1.440943932184483578e-01 2.440972551193823781e-01 0.000000000000000000e+00 0.000000000000000000e+00 7.782002917816439880e-02 8.623909036093017899e-02
2.750000000000000000e+02 1.785942599071995152e-01 2.279307655314522785e-01 0.000000000000000000e+00 0.000000000000000000e+00 8.015400502922374881e-02 7.240659756414627446e-02
2.800000000000000000e+02 1.774888469605120644e-01 2.059104858737704213e-01 0.000000000000000000e+00 0.000000000000000000e+00 7.178767128383591045e-02 9.489709695740299045e-02
2.850000000000000000e+02 4.239132851184857463e-03 1.737941097710933858e-01 0.000000000000000000e+00 0.000000000000000000e+00 6.247047463703366867e-03 6.042873731489147721e-02
2.900000000000000000e+02 1.045891048342207641e-01 1.173995002037235419e-01 0.000000000000000000e+00 0.000000000000000000e+00 5.136885543688325673e-02 1.042252925077759851e-01
2.950000000000000000e+02 2.220691303516432458e-01 1.694995339235762233e-01 0.000000000000000000e+00 0.000000000000000000e+00 6.434848459391030728e-02 8.839180198533187760e-02
3.000000000000000000e+02 8.434040983719663653e-02 9.410876468667524197e-02 0.000000000000000000e+00 0.000000000000000000e+00 1.012183342793731289e-01 8.972172732700338382e-02
3.050000000000000000e+02 1.074333249188786643e-01 1.730668360062977418e-01 0.000000000000000000e+00 0.000000000000000000e+00 8.644085450992461395e-02 7.314368160089430859e-02
3.100000000000000000e+02 9.360535944310846568e-02 1.806630617106522174e-01 0.000000000000000000e+00 0.000000000000000000e+00 1.060133954427378428e-01 5.889639928325581669e-02
3.150000000000000000e+02 1.504555614534806851e-01 7.123475986763977419e-02 0.000000000000000000e+00 0.000000000000000000e+00 6.249122461024304159e-02 6.014571307401881534e-02
3.200000000000000000e+02 6.956657861180867708e-02 1.354833172457812762e-01 0.000000000000000000e+00 0.000000000000000000e+00 7.747399861968057300e-02 7.536423388415192104e-02
3.250000000000000000e+02 2.722661430769275984e-02 2.478048718343695833e-01 0.000000000000000000e+00 0.000000000000000000e+00 8.038837709356354277e-02 8.149181283851329727e-02
3.300000000000000000e+02 1.717449645694031080e-01 5.014948841514196148e-02 0.000000000000000000e+00 0.000000000000000000e+00 8.615661593891650594e-02 3.760854941514287647e-02
3.350000000000000000e+02 2.161056013533316222e-01 2.466147046499376772e-01 0.000000000000000000e+00 0.000000000000000000e+00 8.561742157727891822e-02 7.410541379758166236e-02
3.400000000000000000e+02 6.979132434452729739e-02 1.716765223812029562e-01 0.000000000000000000e+00 0.000000000000000000e+00 5.667424189661998679e-02 6.575797073038587570e-02
3.450000000000000000e+02 1.560024667837827950e-01 1.279467288834928995e-01 0.000000000000000000e+00 0.000000000000000000e+00 7.034913478021537214e-02 4.740145759346856003e-02
3.500000000000000000e+02 2.153011219364995843e-01 1.487621557479263945e-01 0.000000000000000000e+00 0.000000000000000000e+00 8.509596262540453093e-02 6.983959422771426895e-02
3.550000000000000000e+02 1.459769033282429795e-01 3.166984286843592400e-02 0.000000000000000000e+00 0.000000000000000000e+00 6.062467264170146031e-02 4.336187861487890427e-02
3.600000000000000000e+02 1.227468945583009841e-01 0.000000000000000000e+00 0.000000000000000000e+00 0.000000000000000000e+00 5.672893016917944509e-02 0.000000000000000000e+00
3.650000000000000000e+02 7.518810176526872883e-04 1.219489746093620069e-01 0.000000000000000000e+00 0.000000000000000000e+00 2.206771097069431219e-03 5.197585245921247654e-02
3.700000000000000000e+02 1.416619069110114926e-01 1.929043644930623219e-02 0.000000000000000000e+00 0.000000000000000000e+00 8.507822708449934435e-02 8.865506875296705336e-03
3.750000000000000000e+02 1.696379519943701231e-02 1.544390960017023862e-01 0.000000000000000000e+00 0.000000000000000000e+00 1.031914575027786593e-02 6.774065550025185067e-02
3.800000000000000000e+02 6.005422091133537366e-02 1.954320122052756736e-01 0.000000000000000000e+00 0.000000000000000000e+00 5.736540763319104147e-02 9.271992281398358515e-02
3.850000000000000000e+02 1.561040094704099768e-01 1.567169040806297153e-01 0.000000000000000000e+00 0.000000000000000000e+00 6.527106069301864821e-02 8.722870998669142450e-02
3.900000000000000000e+02 4.471196465888223337e-02 1.539299019594524698e-01 0.000000000000000000e+00 0.000000000000000000e+00 7.226731154008829427e-02 6.779624890144551885e-02
3.950000000000000000e+02 6.502485862824982157e-03 1.086704201340894932e-01 0.000000000000000000e+00 0.000000000000000000e+00 8.016727035917940031e-03 6.698076697908822430e-02
4.000000000000000000e+02 1.459208176409781954e-01 9.553459513378002865e-02 0.000000000000000000e+00 0.000000000000000000e+00 8.252003431677615297e-02 8.026259370182203812e-02
4.050000000000000000e+02 1.251355609369875777e-01 1.391588914415438638e-01 0.000000000000000000e+00 0.000000000000000000e+00 8.168496856804935424e-02 8.995673662006899163e-02
4.100000000000000000e+02 1.671189201871911556e-01 3.270776905913169719e-02 0.000000000000000000e+00 0.000000000000000000e+00 7.164940646066600416e-02 1.127691299147781240e-01
4.150000000000000000e+02 7.035729654385340648e-02 9.972935674732681666e-02 0.000000000000000000e+00 0.000000000000000000e+00 3.677651316628163108e-02 7.225409770409975396e-02
4.200000000000000000e+02 4.696256381604181629e-02 9.414651049672143057e-02 0.000000000000000000e+00 0.000000000000000000e+00 6.638595128186398908e-02 8.612731428457634508e-02
4.250000000000000000e+02 8.503012510979128524e-02 5.821580083263180189e-02 0.000000000000000000e+00 0.000000000000000000e+00 5.094140431905187782e-02 8.709150720663555445e-02
4.300000000000000000e+02 0.000000000000000000e+00 7.752360990921243478e-02 0.000000000000000000e+00 0.000000000000000000e+00 0.000000000000000000e+00 7.150876953401082148e-02
4.350000000000000000e+02 5.803697383348344410e-03 1.869451338184155986e-01 0.000000000000000000e+00 0.000000000000000000e+00 2.423651772868433765e-02 1.032983530012982765e-01
4.400000000000000000e+02 1.125215859770672538e-01 5.778751464853813108e-02 0.000000000000000000e+00 0.000000000000000000e+00 7.908036397953738250e-02 8.695353405788351642e-02
4.450000000000000000e+02 7.141435842040950999e-02 1.296741544434386328e-01 0.000000000000000000e+00 0.000000000000000000e+00 9.106289627022244593e-02 5.965943546015301663e-02
4.500000000000000000e+02 1.787518483160650817e-01 8.823397734298471518e-02 0.000000000000000000e+00 0.000000000000000000e+00 5.272142707824960944e-02 4.483454821854206129e-02
4.550000000000000000e+02 9.563685637835313280e-02 3.938124156422405722e-03 0.000000000000000000e+00 0.000000000000000000e+00 5.444847049048276433e-02 9.750971086571250807e-03
4.600000000000000000e+02 1.017679423540721190e-01 1.495214235060551566e-01 0.000000000000000000e+00 0.000000000000000000e+00 5.646040014387362915e-02 7.740099528229245351e-02
4.650000000000000000e+02 8.432588660720959084e-02 1.038297805073134794e-01 0.000000000000000000e+00 0.000000000000000000e+00 7.865541004362543165e-02 9.058150414135171524e-02
4.700000000000000000e+02 1.549109860685349838e-01 5.350520935195598321e-02 0.000000000000000000e+00 0.000000000000000000e+00 8.662133675148454837e-02 3.942430423488206548e-02
4.750000000000000000e+02 7.684692872010406850e-02 1.190432531769046037e-01 0.000000000000000000e+00 0.000000000000000000e+00 8.495749486736416112e-02 6.661952270587301328e-02
4.800000000000000000e+02 6.284576205812912597e-02 1.628477373642673032e-01 0.000000000000000000e+00 0.000000000000000000e+00 1.075372751107158825e-01 7.593119618049382069e-02
4.850000000000000000e+02 1.819980051779106558e-02 0.000000000000000000e+00 0.000000000000000000e+00 0.000000000000000000e+00 5.832490701241824921e-02 0.000000000000000000e+00
4.900000000000000000e+02 1.482266859330533260e-01 1.011851118253918880e-01 0.000000000000000000e+00 0.000000000000000000e+00 8.602797742868506514e-02 7.981908281593308452e-02
4.950000000000000000e+02 0.000000000000000000e+00 4.851444857418440613e-04 0.000000000000000000e+00 0.000000000000000000e+00 0.000000000000000000e+00 2.037640458336386056e-03
