0.000000000000000000e+00 0.000000000000000000e+00 0.000000000000000000e+00 0.000000000000000000e+00 0.000000000000000000e+00 0.000000000000000000e+00 0.000000000000000000e+00
5.000000000000000000e+00 7.570342109775911599e-01 6.389216386542272419e-01 1.000000000000000000e+00 1.000000000000000000e+00 7.894764135591880727e-02 9.905905090323356699e-02
1.000000000000000000e+01 5.244356477190199595e-01 6.007765183210480586e-01 1.000000000000000000e+00 1.000000000000000000e+00 7.833090012612291264e-02 8.304378445465927794e-02
1.500000000000000000e+01 5.914332665319472770e-01 6.829585333482719456e-01 1.000000000000000000e+00 1.000000000000000000e+00 4.130885953142060529e-02 9.427189178417806625e-02
2.000000000000000000e+01 5.672105027617125872e-01 5.982742269517247191e-01 1.000000000000000000e+00 1.000000000000000000e+00 5.141668486694601914e-02 9.761726015765909148e-02
2.500000000000000000e+01 4.533367463858442581e-01 5.079947570661647038e-01 1.000000000000000000e+00 1.000000000000000000e+00 4.792245793169185725e-02 8.514269372816668513e-02
3.000000000000000000e+01 4.583819671771430793e-01 6.555110573807840790e-01 1.000000000000000000e+00 1.000000000000000000e+00 8.135987944806129246e-02 1.044565534688448039e-01
3.500000000000000000e+01 4.044195079005000748e-01 5.456097481795330051e-01 1.000000000000000000e+00 1.000000000000000000e+00 6.454064455874060358e-02 1.043482960394522818e-01
4.000000000000000000e+01 5.033894739601361135e-01 5.277937778405572544e-01 1.000000000000000000e+00 1.000000000000000000e+00 4.935045721025166365e-02 6.841893161308108817e-02
4.500000000000000000e+01 4.953234699320449019e-01 5.110445235933769315e-01 1.000000000000000000e+00 1.000000000000000000e+00 1.163653516569953805e-01 1.271273316422792121e-01
5.000000000000000000e+01 4.546810729639606530e-01 3.451356054784085470e-01 1.000000000000000000e+00 0.000000000000000000e+00 6.088558877618690385e-02 1.048654971118408302e-01
5.500000000000000000e+01 3.917466729990334295e-01 3.857456323374983120e-01 1.000000000000000000e+00 1.000000000000000000e+00 9.110600603591283153e-02 9.512177611355251972e-02
6.000000000000000000e+01 3.824172932760215859e-01 5.440458466006010685e-01 1.000000000000000000e+00 1.000000000000000000e+00 9.281298047803920870e-02 1.174368725415464026e-01
6.500000000000000000e+01 4.146186672204387191e-01 4.299704978388363408e-01 1.000000000000000000e+00 1.000000000000000000e+00 7.838613623177784206e-02 9.280064608696991790e-02
7.000000000000000000e+01 3.560891235694613743e-01 3.420793187071905495e-01 1.000000000000000000e+00 0.000000000000000000e+00 6.416752794961888551e-02 9.682173736990022650e-02
7.500000000000000000e+01 4.367401304188693878e-01 3.872517350900057109e-01 1.000000000000000000e+00 1.000000000000000000e+00 9.695976927367977449e-02 5.203533188478857291e-02
8.000000000000000000e+01 3.624000340661100439e-01 2.794779698431280046e-01 1.000000000000000000e+00 0.000000000000000000e+00 8.693718347859054341e-02 9.611006150193622533e-02
8.500000000000000000e+01 3.055410701209737012e-01 2.501095434521356520e-01 1.000000000000000000e+00 0.000000000000000000e+00 7.657252813081855125e-02 9.919854530142466209e-02
9.000000000000000000e+01 1.835627893841110803e-01 3.799005032291812300e-01 1.000000000000000000e+00 0.000000000000000000e+00 4.135385710396589920e-02 1.141123752736821900e-01
9.500000000000000000e+01 3.103051511439713916e-01 2.486395057982238033e-01 0.000000000000000000e+00 0.000000000000000000e+00 9.824705965120117401e-02 1.115135151445549450e-01
1.000000000000000000e+02 3.094887935048445948e-01 3.883131885735967570e-01 0.000000000000000000e+00 1.000000000000000000e+00 8.866792660247635460e-02 8.925647277522230638e-02
1.050000000000000000e+02 2.839720924978945682e-01 2.925292330538890040e-01 1.000000000000000000e+00 0.000000000000000000e+00 7.661026408046951730e-02 9.337306636959276374e-02
1.100000000000000000e+02 2.907477636872479176e-01 4.039858319907571049e-01 0.000000000000000000e+00 1.000000000000000000e+00 1.039714717520278248e-01 8.869312137494059223e-02
1.150000000000000000e+02 1.554672954594052414e-01 3.998531870691172108e-01 0.000000000000000000e+00 1.000000000000000000e+00 5.879227825358224191e-02 9.953341391605227684e-02
1.200000000000000000e+02 2.736059215123385902e-01 2.350084907845874649e-01 0.000000000000000000e+00 0.000000000000000000e+00 9.420622263103145544e-02 7.358921900354691015e-02
1.250000000000000000e+02 2.379708303099069000e-01 2.177895581288344096e-01 0.000000000000000000e+00 0.000000000000000000e+00 6.815415676154217006e-02 9.266137738876593921e-02
1.300000000000000000e+02 2.069294490580079471e-01 1.340273074565257461e-01 0.000000000000000000e+00 0.000000000000000000e+00 1.114219079523257050e-01 7.062054363154071646e-02
1.350000000000000000e+02 2.686422616076091230e-01 2.515561567482916816e-01 0.000000000000000000e+00 0.000000000000000000e+00 1.092959333985084464e-01 7.751174688016078396e-02
1.400000000000000000e+02 2.402371154301855272e-01 2.105270007522607734e-01 0.000000000000000000e+00 0.000000000000000000e+00 1.051791503836065067e-01 9.365152227250672645e-02
1.450000000000000000e+02 1.200401730837506731e-01 1.946910552428700591e-01 0.000000000000000000e+00 0.000000000000000000e+00 5.951905938312876398e-02 7.860237898793474842e-02
1.500000000000000000e+02 1.833781002057158216e-01 2.842315505980759216e-01 0.000000000000000000e+00 1.000000000000000000e+00 8.591584932527147889e-02 7.093307986076881344e-02
1.550000000000000000e+02 3.003214638669267078e-01 3.059455823059029633e-01 1.000000000000000000e+00 1.000000000000000000e+00 8.336785827908427260e-02 8.170922921973525210e-02
1.600000000000000000e+02 4.165137934279421472e-01 2.023520534750028743e-01 1.000000000000000000e+00 0.000000000000000000e+00 1.046882342977168007e-01 1.107155577318185424e-01
1.650000000000000000e+02 3.383956051314520042e-01 2.013001451757342741e-01 1.000000000000000000e+00 0.000000000000000000e+00 8.605047769532768454e-02 6.609246887755050592e-02
1.700000000000000000e+02 2.900274350848322524e-01 2.333812092903877478e-01 0.000000000000000000e+00 0.000000000000000000e+00 9.974460250548401741e-02 8.418098145084730588e-02
1.750000000000000000e+02 2.268923604328978993e-01 1.750103455894406745e-01 0.000000000000000000e+00 0.000000000000000000e+00 6.841134835842264950e-02 8.698009186989677510e-02
1.800000000000000000e+02 8.802502266482963023e-02 2.458407896177736696e-01 0.000000000000000000e+00 1.000000000000000000e+00 8.825728316402219054e-02 5.898204556162095491e-02
1.850000000000000000e+02 2.586003313668018833e-01 3.100844859078955018e-01 1.000000000000000000e+00 1.000000000000000000e+00 6.539302347092423862e-02 7.516772126221639427e-02
1.900000000000000000e+02 2.115099847411923695e-01 2.936346500051595365e-01 0.000000000000000000e+00 0.000000000000000000e+00 6.269300851115769402e-02 9.289460726795326084e-02
1.950000000000000000e+02 2.209388499725261357e-01 6.005020469827713342e-02 0.000000000000000000e+00 0.000000000000000000e+00 1.069531308321235025e-01 8.860201339866116688e-02
2.000000000000000000e+02 1.989509869545719734e-01 1.343933167348499991e-01 0.000000000000000000e+00 0.000000000000000000e+00 6.784103270726543622e-02 8.817323042490227136e-02
2.050000000000000000e+02 2.203608221094299213e-01 1.049835717931953960e-01 0.000000000000000000e+00 0.000000000000000000e+00 9.075322620620335234e-02 8.543195165805314573e-02
2.100000000000000000e+02 2.529800544702768272e-01 2.895670347952518098e-01 0.000000000000000000e+00 1.000000000000000000e+00 8.787252036217090001e-02 7.530738114426123453e-02
2.150000000000000000e+02 1.006515274320527037e-01 2.645878954506908909e-01 0.000000000000000000e+00 1.000000000000000000e+00 9.584575212725321425e-02 7.090426518424147728e-02
2.200000000000000000e+02 1.816955972728045432e-01 1.390880982009879696e-01 0.000000000000000000e+00 0.000000000000000000e+00 9.120999591838142850e-02 8.164900508856927364e-02
2.250000000000000000e+02 2.155917619700358223e-01 2.313542964674392410e-01 0.000000000000000000e+00 0.000000000000000000e+00 1.164275270366008086e-01 6.992411126832384638e-02
2.300000000000000000e+02 1.335392940747009149e-01 2.076124480218553836e-01 0.000000000000000000e+00 0.000000000000000000e+00 8.659443700619046114e-02 1.000413655633144439e-01
2.350000000000000000e+02 7.385475054527948502e-02 2.824144946635461229e-01 0.000000000000000000e+00 0.000000000000000000e+00 4.669309837163271304e-02 9.618907525630460142e-02
2.400000000000000000e+02 9.108121184586247254e-02 2.233541706687981188e-01 0.000000000000000000e+00 0.000000000000000000e+00 6.875354264861438525e-02 6.975164890704314835e-02
2.450000000000000000e+02 2.169575673975809305e-01 5.880864746816059224e-02 0.000000000000000000e+00 0.000000000000000000e+00 9.255157442162675885e-02 6.942121280443104558e-02
2.500000000000000000e+02 1.071328310764504133e-01 1.880201138104168890e-01 0.000000000000000000e+00 0.000000000000000000e+00 8.829532029542892790e-02 1.005078106267931065e-01
2.550000000000000000e+02 1.436861413492459549e-01 1.064163716331164300e-01 0.000000000000000000e+00 0.000000000000000000e+00 1.254550255415326498e-01 8.286294999579142673e-02
2.600000000000000000e+02 4.330211862926825611e-02 2.615033262699262284e-01 0.000000000000000000e+00 0.000000000000000000e+00 9.319639870917924285e-02 8.822479139314408358e-02
2.650000000000000000e+02 1.642436733572414098e-01 1.719618023548240837e-01 0.000000000000000000e+00 0.000000000000000000e+00 6.345675268495722110e-02 7.826262929664747070e-02
2.700000000000000000e+02 7.136923219634740134e-02 3.293628199324584171e-01 0.000000000000000000e+00 1.000000000000000000e+00 6.448495640747654856e-02 7.983263597655244903e-02
2.750000000000000000e+02 7.286252485108883625e-02 1.617684634584322656e-01 0.000000000000000000e+00 0.000000000000000000e+00 6.341459206539468152e-02 8.341875496257840361e-02
2.800000000000000000e+02 3.138031880107532146e-02 1.082126312704244225e-01 0.000000000000000000e+00 0.000000000000000000e+00 3.837511422265511146e-02 8.357008737470209003e-02
2.850000000000000000e+02 1.419117147414976077e-01 1.651938460235372053e-01 0.000000000000000000e+00 0.000000000000000000e+00 6.030100261226573749e-02 1.061048052331177438e-01
2.900000000000000000e+02 1.088319578438654567e-01 2.198028389797122145e-02 0.000000000000000000e+00 0.000000000000000000e+00 9.316875138863824068e-02 9.711898179898625916e-02
2.950000000000000000e+02 8.482311979699848348e-02 1.296415514886065656e-01 0.000000000000000000e+00 0.000000000000000000e+00 6.058988740146038082e-02 6.944581001016776611e-02
3.000000000000000000e+02 1.056869517069480846e-01 1.414683022145553359e-01 0.000000000000000000e+00 0.000000000000000000e+00 6.270209897340411898e-02 7.335364057360571621e-02
3.050000000000000000e+02 9.176889255798256761e-02 1.865622331034099413e-01 0.000000000000000000e+00 0.000000000000000000e+00 8.913476490594939017e-02 7.034046124016427037e-02
3.100000000000000000e+02 9.526590722302120950e-02 2.245924207369417724e-01 0.000000000000000000e+00 1.000000000000000000e+00 3.234249804489097713e-02 5.331198568559610690e-02
3.150000000000000000e+02 1.524701547122988554e-01 4.560581745730283437e-02 0.000000000000000000e+00 0.000000000000000000e+00 5.217410785403290424e-02 6.051586189791294951e-02
3.200000000000000000e+02 2.373034285027610102e-01 1.896276498325934201e-01 1.000000000000000000e+00 0.000000000000000000e+00 5.932134419885749105e-02 7.293770202604533959e-02
3.250000000000000000e+02 1.655364915508350521e-01 2.157287357657238780e-01 0.000000000000000000e+00 0.000000000000000000e+00 9.923619931234987923e-02 9.299140516652176780e-02
3.300000000000000000e+02 1.051244257833557488e-01 6.610842246206236061e-02 0.000000000000000000e+00 0.000000000000000000e+00 7.592394688344915321e-02 8.392984854448351517e-02
3.350000000000000000e+02 1.748328271459561323e-01 1.956292899411899988e-01 0.000000000000000000e+00 0.000000000000000000e+00 7.970335686031626565e-02 7.330105704279102352e-02
3.400000000000000000e+02 1.188406294168434796e-01 2.182021061761524883e-01 0.000000000000000000e+00 0.000000000000000000e+00 7.646262743640334925e-02 7.164972363761037966e-02
3.450000000000000000e+02 9.874568850087206417e-02 1.463514183536709923e-01 0.000000000000000000e+00 0.000000000000000000e+00 6.030109632324750363e-02 4.996189057720244742e-02
3.500000000000000000e+02 1.045985120418733844e-01 2.016230761192579490e-01 0.000000000000000000e+00 0.000000000000000000e+00 3.455866715261762812e-02 7.122221214075556694e-02
3.550000000000000000e+02 3.196317521642936255e-01 3.910738878825397585e-02 0.000000000000000000e+00 0.000000000000000000e+00 9.264107753523370681e-02 8.765642924809989578e-02
3.600000000000000000e+02 2.059654643761164028e-01 8.514840307671396602e-02 0.000000000000000000e+00 0.000000000000000000e+00 8.824028565978725425e-02 8.588963937038539276e-02
3.650000000000000000e+02 1.952608474625635582e-01 2.121350525685374855e-01 0.000000000000000000e+00 0.000000000000000000e+00 8.117564925285611355e-02 7.496287762785551478e-02
3.700000000000000000e+02 1.165606744819901869e-01 5.037034885001303273e-03 0.000000000000000000e+00 0.000000000000000000e+00 4.239276639575680072e-02 1.736147314024346147e-02
3.750000000000000000e+02 1.824481085526077073e-01 8.792408006445207036e-02 0.000000000000000000e+00 0.000000000000000000e+00 9.199352958905838984e-02 8.256918709178077964e-02
3.800000000000000000e+02 1.649840771743038004e-01 1.950375731303425897e-01 0.000000000000000000e+00 0.000000000000000000e+00 9.436460477146176029e-02 9.469104005709931549e-02
3.850000000000000000e+02 7.392907520126981713e-02 5.154276861017472594e-02 0.000000000000000000e+00 0.000000000000000000e+00 4.981642325110712671e-02 8.829335020914072518e-02
3.900000000000000000e+02 1.624633154112256339e-01 1.300931343444385324e-01 0.000000000000000000e+00 0.000000000000000000e+00 9.389701500802045964e-02 6.855291536114808959e-02
3.950000000000000000e+02 3.081133693344788663e-02 1.207734979205028064e-01 0.000000000000000000e+00 0.000000000000000000e+00 9.468342153398520700e-02 5.874751461822748377e-02
4.000000000000000000e+02 1.179189954111976163e-01 2.145189909519988058e-01 0.000000000000000000e+00 0.000000000000000000e+00 9.931287572152221188e-02 6.562123009707172827e-02
4.050000000000000000e+02 1.249889747016391384e-01 1.893424354285055122e-01 0.000000000000000000e+00 0.000000000000000000e+00 9.887122752580189411e-02 7.647458532723969138e-02
4.100000000000000000e+02 1.949777033020459738e-01 1.512444091699073900e-01 0.000000000000000000e+00 0.000000000000000000e+00 8.631464912310153614e-02 7.748738435728481921e-02
4.150000000000000000e+02 1.506102992504272653e-01 1.261953429476480315e-01 0.000000000000000000e+00 0.000000000000000000e+00 5.952884354578980713e-02 5.647026871890700045e-02
4.200000000000000000e+02 9.744919913257303612e-02 5.219177583206683485e-02 0.000000000000000000e+00 0.000000000000000000e+00 8.370951119381092598e-02 7.549422102415850877e-02
4.250000000000000000e+02 1.554024965206107500e-01 1.703785881349901554e-01 0.000000000000000000e+00 0.000000000000000000e+00 9.564490777335042659e-02 9.363718173549177848e-02
4.300000000000000000e+02 5.876372537700920440e-02 2.056571601118216408e-01 0.000000000000000000e+00 1.000000000000000000e+00 7.675240578894861054e-02 4.336070313342030996e-02
4.350000000000000000e+02 1.974999756635336667e-01 1.707981160908734197e-01 0.000000000000000000e+00 0.000000000000000000e+00 7.880847880861233112e-02 8.178434377111351572e-02
4.400000000000000000e+02 1.070230365596806232e-01 1.373054506135447661e-01 0.000000000000000000e+00 0.000000000000000000e+00 6.087017434612275457e-02 7.160141050488681713e-02
4.450000000000000000e+02 2.325528931597740101e-01 0.000000000000000000e+00 0.000000000000000000e+00 0.000000000000000000e+00 6.506611691555211352e-02 0.000000000000000000e+00
4.500000000000000000e+02 1.287650360525938731e-01 1.728972705701762869e-01 0.000000000000000000e+00 0.000000000000000000e+00 6.827992451383597949e-02 6.977879598426169061e-02
4.550000000000000000e+02 1.656444302112367317e-01 0.000000000000000000e+00 0.000000000000000000e+00 0.000000000000000000e+00 9.119061719494514495e-02 0.000000000000000000e+00
4.600000000000000000e+02 1.213844768065094754e-01 1.946949185794286663e-01 0.000000000000000000e+00 0.000000000000000000e+00 6.462154547027014473e-02 6.826469322226384751e-02
4.650000000000000000e+02 2.353721549124642431e-01 1.914091008414966488e-01 1.000000000000000000e+00 1.000000000000000000e+00 6.409005633722056339e-02 5.003848228089727984e-02
4.700000000000000000e+02 1.160325043783625165e-01 1.290846784715646289e-01 0.000000000000000000e+00 0.000000000000000000e+00 6.303873600486438467e-02 6.981266514486329788e-02
4.750000000000000000e+02 1.047650694112165076e-01 1.379261392900381078e-01 0.000000000000000000e+00 0.000000000000000000e+00 4.788610749017407214e-02 7.795775931396776992e-02
4.800000000000000000e+02 6.144781434941470888e-02 1.293820806849989569e-01 0.000000000000000000e+00 0.000000000000000000e+00 7.620192401393287296e-02 7.435347347992883604e-02
4.850000000000000000e+02 8.950771307134346155e-02 8.823253406234178586e-02 0.000000000000000000e+00 0.000000000000000000e+00 5.504360023902362536e-02 6.703234999275134443e-02
4.900000000000000000e+02 1.118031643957000804e-01 1.609666885357353139e-01 0.000000000000000000e+00 0.000000000000000000e+00 9.663720645747021776e-02 6.563678877160608605e-02
4.950000000000000000e+02 1.270058475887526073e-01 1.184227139725187172e-01 0.000000000000000000e+00 0.000000000000000000e+00 6.848344962663630020e-02 5.490049770504985827e-02
