0.000000000000000000e+00 0.000000000000000000e+00 0.000000000000000000e+00 0.000000000000000000e+00 0.000000000000000000e+00 0.000000000000000000e+00 0.000000000000000000e+00
5.000000000000000000e+00 1.076828762587640764e-01 1.687640463307574223e-01 0.000000000000000000e+00 0.000000000000000000e+00 5.593974271144672855e-02 5.610520281976259793e-02
1.000000000000000000e+01 1.061324263450160038e-01 7.408017098191947702e-02 0.000000000000000000e+00 0.000000000000000000e+00 6.448871288979468597e-02 7.120778470309539754e-02
1.500000000000000000e+01 3.542552890259650922e-01 2.398187722763944763e-01 1.000000000000000000e+00 0.000000000000000000e+00 6.980666664741226601e-02 8.385276128687360608e-02
2.000000000000000000e+01 1.763328502042791623e-01 1.964066540246914572e-01 0.000000000000000000e+00 0.000000000000000000e+00 7.869663684211611332e-02 6.562191040737569425e-02
2.500000000000000000e+01 1.242745772620156008e-01 1.924708983515773242e-01 0.000000000000000000e+00 0.000000000000000000e+00 5.719724592669161306e-02 6.245758354279189878e-02
3.000000000000000000e+01 2.128582389418949838e-01 3.132959389727366650e-01 0.000000000000000000e+00 1.000000000000000000e+00 8.571040802382376422e-02 8.016677937142663302e-02
3.500000000000000000e+01 2.589763032691841937e-01 2.087360516683465783e-01 0.000000000000000000e+00 0.000000000000000000e+00 1.092103502068540316e-01 6.201274111369562553e-02
4.000000000000000000e+01 1.729982776393383381e-01 2.350330991925078938e-01 0.000000000000000000e+00 0.000000000000000000e+00 5.244862150557094704e-02 8.233062648997682698e-02
4.500000000000000000e+01 2.402813831280125600e-01 2.891032716443160400e-01 0.000000000000000000e+00 0.000000000000000000e+00 1.007774710116346312e-01 9.594626316336410388e-02
5.000000000000000000e+01 1.396694542888992641e-01 1.228938591992584650e-01 0.000000000000000000e+00 0.000000000000000000e+00 7.618693569379017538e-02 8.491634686513045704e-02
5.500000000000000000e+01 1.413644547990970390e-01 1.667362293430623699e-01 0.000000000000000000e+00 0.000000000000000000e+00 1.257607188888591743e-01 7.071567078427577757e-02
6.000000000000000000e+01 1.441907139484410461e-01 2.413189173732379067e-01 0.000000000000000000e+00 0.000000000000000000e+00 8.392874586496897049e-02 1.158541856137844522e-01
6.500000000000000000e+01 1.960862698178763297e-01 3.902280422319447384e-01 0.000000000000000000e+00 1.000000000000000000e+00 6.858417140374650778e-02 6.278972889329757778e-02
7.000000000000000000e+01 1.189854620113016404e-01 1.664705012742359325e-01 0.000000000000000000e+00 0.000000000000000000e+00 6.005035303088488569e-02 9.126051655651679084e-02
7.500000000000000000e+01 2.448574434436714964e-01 3.391539772948304332e-01 0.000000000000000000e+00 1.000000000000000000e+00 9.894637649786205968e-02 7.990023663870729487e-02
8.000000000000000000e+01 2.273920238213427980e-01 2.239502400021137762e-01 0.000000000000000000e+00 0.000000000000000000e+00 7.457074764444997228e-02 1.089178132829844992e-01
8.500000000000000000e+01 2.046780592727568404e-01 2.428370305959060560e-01 0.000000000000000000e+00 0.000000000000000000e+00 8.791836385219571615e-02 1.263202039623514128e-01
9.000000000000000000e+01 1.419329995870432237e-01 2.457086361279332554e-01 0.000000000000000000e+00 0.000000000000000000e+00 1.159404913396527986e-01 8.202244485361184778e-02
9.500000000000000000e+01 2.302476418166637673e-01 1.815294311382143755e-01 0.000000000000000000e+00 0.000000000000000000e+00 1.029781640692037092e-01 6.746480022507372887e-02
1.000000000000000000e+02 1.785933093838376617e-01 2.508607977972452385e-01 1.000000000000000000e+00 0.000000000000000000e+00 4.244422252885660801e-02 9.903130431617347684e-02
1.050000000000000000e+02 1.650713197908035001e-01 2.628321868458536881e-01 0.000000000000000000e+00 0.000000000000000000e+00 9.653227059120113307e-02 1.141204986067732158e-01
1.100000000000000000e+02 1.972735191886486883e-01 2.247970243241853294e-01 0.000000000000000000e+00 1.000000000000000000e+00 9.579042532932446896e-02 5.873609131909224290e-02
1.150000000000000000e+02 1.435283142022017733e-01 3.877842885000920559e-01 0.000000000000000000e+00 1.000000000000000000e+00 9.106075551884844355e-02 8.529921151918327948e-02
1.200000000000000000e+02 2.155477578120458815e-01 1.381609970079225036e-01 0.000000000000000000e+00 0.000000000000000000e+00 6.284060823726943246e-02 8.918639330467705018e-02
1.250000000000000000e+02 2.166018832257056784e-02 1.919165102954028257e-01 0.000000000000000000e+00 0.000000000000000000e+00 8.257797549271254922e-02 8.462462087627620200e-02
1.300000000000000000e+02 8.205345415880967164e-02 1.158771458379255145e-02 0.000000000000000000e+00 0.000000000000000000e+00 5.983967958337123305e-02 1.093953059070879169e-01
1.350000000000000000e+02 2.172078090105580284e-01 2.977031832123943067e-01 1.000000000000000000e+00 0.000000000000000000e+00 5.692033258873727825e-02 8.987825328462312191e-02
1.400000000000000000e+02 1.015906771435849676e-01 1.602813923235815452e-01 0.000000000000000000e+00 0.000000000000000000e+00 7.898628673520925736e-02 6.456468719034637316e-02
1.450000000000000000e+02 1.944145143726847269e-01 2.378873941765992372e-01 0.000000000000000000e+00 0.000000000000000000e+00 6.303301461905105874e-02 9.544747723136866313e-02
1.500000000000000000e+02 1.512466530700779799e-01 2.419027257763806948e-01 0.000000000000000000e+00 0.000000000000000000e+00 1.086390385089267413e-01 7.760865734090138801e-02
1.550000000000000000e+02 1.973434570364481222e-01 1.497759890302726160e-01 0.000000000000000000e+00 0.000000000000000000e+00 7.052872864108464257e-02 6.939064045961636229e-02
1.600000000000000000e+02 2.181668086358576064e-01 1.189127701986004287e-01 0.000000000000000000e+00 0.000000000000000000e+00 8.083072873495315835e-02 4.872268053535909471e-02
1.650000000000000000e+02 1.114644401249886840e-01 2.392702892535892578e-01 0.000000000000000000e+00 0.000000000000000000e+00 9.715973627417594238e-02 9.378961576686199730e-02
1.700000000000000000e+02 1.214010248608930337e-01 2.113988240219616954e-01 0.000000000000000000e+00 0.000000000000000000e+00 6.827855561544811380e-02 8.195733105255190165e-02
1.750000000000000000e+02 4.573257612551317325e-02 2.103241973031359235e-01 0.000000000000000000e+00 0.000000000000000000e+00 7.744242862525699267e-02 8.854416970166165135e-02
1.800000000000000000e+02 2.405955917657904286e-01 2.710677053870563791e-01 0.000000000000000000e+00 0.000000000000000000e+00 8.654638717424129046e-02 7.917072487352416754e-02
1.850000000000000000e+02 1.579255335157195295e-01 9.298601029519512617e-02 0.000000000000000000e+00 0.000000000000000000e+00 6.536210530484304337e-02 9.283466069277253319e-02
1.900000000000000000e+02 5.227360787404726483e-02 1.725817049870613240e-01 0.000000000000000000e+00 0.000000000000000000e+00 3.635006572821934678e-02 7.069062763687052053e-02
1.950000000000000000e+02 1.302953248099197048e-01 2.296882446401816297e-02 0.000000000000000000e+00 0.000000000000000000e+00 8.390046070839693448e-02 2.248852924706875797e-02
2.000000000000000000e+02 2.324402995110727288e-01 1.158205720693577800e-01 0.000000000000000000e+00 0.000000000000000000e+00 8.168630316541848624e-02 8.990591632602841499e-02
2.050000000000000000e+02 2.741534228681393737e-01 1.486645770715618042e-01 1.000000000000000000e+00 0.000000000000000000e+00 6.396616030671220532e-02 8.923119019299460830e-02
2.100000000000000000e+02 1.128294132694009910e-01 1.244010547026795088e-01 0.000000000000000000e+00 0.000000000000000000e+00 5.751856117925231021e-02 9.094404504865571948e-02
2.150000000000000000e+02 1.523203380175306154e-01 1.136648979697989226e-01 0.000000000000000000e+00 0.000000000000000000e+00 8.446718788992915727e-02 8.014670876467241967e-02
2.200000000000000000e+02 1.182719707061231362e-01 1.635234188935982269e-01 0.000000000000000000e+00 0.000000000000000000e+00 7.108792931637690493e-02 9.023252395003868165e-02
2.250000000000000000e+02 7.890253633584756732e-02 2.096707564238702859e-01 0.000000000000000000e+00 0.000000000000000000e+00 6.478477884145140975e-02 7.745825701713311695e-02
2.300000000000000000e+02 2.273443365052419673e-01 1.225759731209242337e-01 0.000000000000000000e+00 0.000000000000000000e+00 9.081603841276392197e-02 6.672518919083017530e-02
2.350000000000000000e+02 1.763702118883841985e-01 2.077238180995120143e-01 0.000000000000000000e+00 0.000000000000000000e+00 6.980673158490721675e-02 9.985091172512891577e-02
2.400000000000000000e+02 8.271704541737198713e-02 1.531340162949973160e-01 0.000000000000000000e+00 0.000000000000000000e+00 3.364878885288363763e-02 1.007410521058230840e-01
2.450000000000000000e+02 9.262033965829685744e-02 1.388883713522923169e-01 0.000000000000000000e+00 0.000000000000000000e+00 5.661693634369178302e-02 8.359629393432703448e-02
2.500000000000000000e+02 2.104718608524938639e-01 5.809457340513320134e-02 0.000000000000000000e+00 0.000000000000000000e+00 8.332919077905986960e-02 8.908775992577755432e-02
2.550000000000000000e+02 1.010957092289235665e-01 3.211247117148106293e-03 0.000000000000000000e+00 0.000000000000000000e+00 6.010355390439645062e-02 4.698715776792727374e-03
2.600000000000000000e+02 8.803299207326178988e-02 1.784831601703601445e-01 0.000000000000000000e+00 0.000000000000000000e+00 4.439543882897569599e-02 8.144061774593611136e-02
2.650000000000000000e+02 1.535852563231945300e-01 1.722051099609653024e-01 0.000000000000000000e+00 0.000000000000000000e+00 8.521341809884577789e-02 9.383775557429435699e-02
2.700000000000000000e+02 1.406241752090177100e-01 3.052093611551672248e-01 0.000000000000000000e+00 1.000000000000000000e+00 6.218392856370570654e-02 7.091794311049913480e-02
2.750000000000000000e+02 1.514065537505428216e-01 1.547915231917138812e-01 0.000000000000000000e+00 0.000000000000000000e+00 8.038871625826853051e-02 7.761670863652929409e-02
2.800000000000000000e+02 2.431153295173806017e-01 7.236573388361208781e-02 0.000000000000000000e+00 0.000000000000000000e+00 7.565435859707235478e-02 8.679486431740451868e-02
2.850000000000000000e+02 1.235244892249764970e-01 1.499549381955460892e-01 0.000000000000000000e+00 0.000000000000000000e+00 6.617767806646475404e-02 7.171826288360812207e-02
2.900000000000000000e+02 2.083729971186501495e-01 7.846481240841302052e-02 0.000000000000000000e+00 0.000000000000000000e+00 8.123148323196907605e-02 8.773871035414619601e-02
2.950000000000000000e+02 1.297059523212989729e-01 8.339559991487117963e-02 0.000000000000000000e+00 0.000000000000000000e+00 5.402043849675101927e-02 5.309288790855036522e-02
3.000000000000000000e+02 3.241537050961129651e-01 8.430209360878702929e-02 1.000000000000000000e+00 0.000000000000000000e+00 8.044377302007593711e-02 6.859994362694030179e-02
3.050000000000000000e+02 1.756977180413555328e-01 1.812663132405947786e-01 0.000000000000000000e+00 0.000000000000000000e+00 7.941417934970379511e-02 9.889526222803148026e-02
3.100000000000000000e+02 1.824684999366513183e-01 2.022392085360346647e-01 0.000000000000000000e+00 0.000000000000000000e+00 7.623572669854333794e-02 7.930125553622713319e-02
3.150000000000000000e+02 1.450816825866607651e-01 3.241246395774144418e-02 0.000000000000000000e+00 0.000000000000000000e+00 7.505415674879208077e-02 1.003597774670372672e-01
3.200000000000000000e+02 1.788256019383187567e-01 9.465010581868950335e-02 0.000000000000000000e+00 0.000000000000000000e+00 5.167171597811635181e-02 5.042553126717207179e-02
3.250000000000000000e+02 5.990812889493950244e-02 2.101728469021542089e-01 0.000000000000000000e+00 0.000000000000000000e+00 5.685353447453352776e-02 5.935231323144051635e-02
3.300000000000000000e+02 1.480519433169850685e-01 8.093182343259477940e-02 0.000000000000000000e+00 0.000000000000000000e+00 9.271222930697539666e-02 7.694222049300809829e-02
3.350000000000000000e+02 1.960235408881768615e-01 2.736717719990943154e-01 0.000000000000000000e+00 1.000000000000000000e+00 7.288897046028547377e-02 6.111313276796243033e-02
3.400000000000000000e+02 1.177971144470420367e-01 2.161700323929731660e-01 0.000000000000000000e+00 0.000000000000000000e+00 8.326004375324695672e-02 8.184658524535219637e-02
3.450000000000000000e+02 8.982545431333095742e-02 2.015521635502836306e-01 0.000000000000000000e+00 0.000000000000000000e+00 1.174038194486702047e-01 9.440632951082122970e-02
3.500000000000000000e+02 9.672988599236941043e-02 9.842497393179920617e-02 0.000000000000000000e+00 0.000000000000000000e+00 1.004084217701374238e-01 7.116700123838737291e-02
3.550000000000000000e+02 2.297403974492664980e-01 5.107447421101721924e-02 0.000000000000000000e+00 0.000000000000000000e+00 9.446937484643733174e-02 5.119569220562955603e-02
3.600000000000000000e+02 8.290249569164231946e-02 1.272946310772154199e-01 0.000000000000000000e+00 0.000000000000000000e+00 7.648204444973948080e-02 4.245155300345413579e-02
3.650000000000000000e+02 1.481135995546715156e-01 1.651519204476310787e-01 0.000000000000000000e+00 0.000000000000000000e+00 1.366255070826797313e-01 9.030637261539839478e-02
3.700000000000000000e+02 1.061248227716234116e-01 4.128879217282390574e-02 0.000000000000000000e+00 0.000000000000000000e+00 1.043923147274190555e-01 4.019984727156281773e-02
3.750000000000000000e+02 1.729407180791692478e-01 8.518125749094368482e-02 0.000000000000000000e+00 0.000000000000000000e+00 9.680879456059753030e-02 7.536648733292490576e-02
3.800000000000000000e+02 5.934960883413367000e-02 1.267440802941610933e-01 0.000000000000000000e+00 0.000000000000000000e+00 8.794911245983269565e-02 9.966681511398095550e-02
3.850000000000000000e+02 1.203240315217571632e-01 4.925616703946904262e-02 0.000000000000000000e+00 0.000000000000000000e+00 7.839017999451877716e-02 5.056107677432880587e-02
3.900000000000000000e+02 7.415561871198331212e-02 9.787482302153131808e-02 0.000000000000000000e+00 0.000000000000000000e+00 6.505660232945929822e-02 6.027469516644107239e-02
3.950000000000000000e+02 0.000000000000000000e+00 2.047299230871648668e-01 0.000000000000000000e+00 0.000000000000000000e+00 0.000000000000000000e+00 1.138320691800017020e-01
4.000000000000000000e+02 1.271687924293605498e-01 2.548061937688773093e-01 0.000000000000000000e+00 0.000000000000000000e+00 6.341950848411533059e-02 8.108960956389595076e-02
4.050000000000000000e+02 3.126206914112193425e-01 1.344912573588716020e-01 0.000000000000000000e+00 0.000000000000000000e+00 9.518699908543074018e-02 1.009297169511172015e-01
4.100000000000000000e+02 1.327814636293433437e-01 1.878428280097401426e-01 0.000000000000000000e+00 0.000000000000000000e+00 6.127377613231714537e-02 8.232706500237192693e-02
4.150000000000000000e+02 1.160079692092536030e-01 5.180917297643432284e-02 0.000000000000000000e+00 0.000000000000000000e+00 5.944378948031045495e-02 7.602586355008833507e-02
4.200000000000000000e+02 2.663827428419214827e-01 1.321088478391782561e-01 0.000000000000000000e+00 0.000000000000000000e+00 7.926073982971218457e-02 7.399540760724464261e-02
4.250000000000000000e+02 1.417625008303308731e-01 1.753300794778015759e-01 0.000000000000000000e+00 0.000000000000000000e+00 1.176054525895753600e-01 8.923608605189964349e-02
4.300000000000000000e+02 1.565334861049614557e-01 1.584011229897356876e-01 0.000000000000000000e+00 0.000000000000000000e+00 9.307652333513663501e-02 6.029996388748601333e-02
4.350000000000000000e+02 2.176312515521347524e-01 1.943728966990733997e-01 0.000000000000000000e+00 0.000000000000000000e+00 8.148996669920695324e-02 9.905570692931557619e-02
4.400000000000000000e+02 1.147816564615492529e-01 5.783078943704258318e-02 0.000000000000000000e+00 0.000000000000000000e+00 8.052930258951120079e-02 4.566296387405072155e-02
4.450000000000000000e+02 1.438134690247900305e-01 1.517719700744354916e-02 0.000000000000000000e+00 0.000000000000000000e+00 9.608176764759691901e-02 1.015103594888770583e-01
4.500000000000000000e+02 1.582833006205628390e-01 1.014661141770321073e-01 0.000000000000000000e+00 0.000000000000000000e+00 7.981170207562655883e-02 6.688059304128105009e-02
4.550000000000000000e+02 1.940813677543871962e-01 3.205082752124594619e-02 0.000000000000000000e+00 0.000000000000000000e+00 6.261715107227085186e-02 5.621673927195688925e-02
4.600000000000000000e+02 2.691039639938591077e-01 1.905453795559320651e-01 0.000000000000000000e+00 0.000000000000000000e+00 8.670430751999044783e-02 9.560377196380002995e-02
4.650000000000000000e+02 1.977205636034627401e-01 2.349216248234042292e-01 0.000000000000000000e+00 0.000000000000000000e+00 6.973095424042143053e-02 7.182014501323677469e-02
4.700000000000000000e+02 1.681239324988510753e-01 5.915948049188061303e-02 0.000000000000000000e+00 0.000000000000000000e+00 1.012800440252014100e-01 8.692874986439996787e-02
4.750000000000000000e+02 2.154759147356470894e-01 9.199640722190671749e-02 1.000000000000000000e+00 0.000000000000000000e+00 5.668522135964313563e-02 8.731769830434689406e-02
4.800000000000000000e+02 1.395704915002695945e-01 2.357299921195579184e-01 0.000000000000000000e+00 0.000000000000000000e+00 7.425353612024496175e-02 8.136774815058642196e-02
4.850000000000000000e+02 6.979753727554628695e-02 5.072708090643201703e-03 0.000000000000000000e+00 0.000000000000000000e+00 6.872930776855168400e-02 7.055498847902973159e-02
4.900000000000000000e+02 1.786191244521833921e-01 1.045810286963805985e-01 0.000000000000000000e+00 0.000000000000000000e+00 6.803112554000229073e-02 8.136614058673340144e-02
4.950000000000000000e+02 1.407931783398477799e-01 1.349249188805575761e-01 0.000000000000000000e+00 0.000000000000000000e+00 8.613889773821532814e-02 8.778022065220082715e-02
