0.000000000000000000e+00 0.000000000000000000e+00 0.000000000000000000e+00 0.000000000000000000e+00 0.000000000000000000e+00 0.000000000000000000e+00 0.000000000000000000e+00
5.000000000000000000e+00 1.680119688796365973e-01 2.165714795120865510e-01 0.000000000000000000e+00 0.000000000000000000e+00 4.954013921003545817e-02 7.659875948788125166e-02
1.000000000000000000e+01 1.898546345111870315e-01 1.581307700644609404e-01 0.000000000000000000e+00 0.000000000000000000e+00 6.910526760121431245e-02 6.662715009916801712e-02
1.500000000000000000e+01 3.465612473428077989e-01 2.900160722709893002e-01 1.000000000000000000e+00 1.000000000000000000e+00 5.805272197835479459e-02 6.766533519455412982e-02
2.000000000000000000e+01 2.113167882224108729e-01 2.597364288768046481e-01 1.000000000000000000e+00 1.000000000000000000e+00 5.410641045195005439e-02 6.505883770961724821e-02
2.500000000000000000e+01 1.896636467863735409e-01 2.449232415936974105e-01 0.000000000000000000e+00 0.000000000000000000e+00 6.794201652673510783e-02 7.951499955458267432e-02
3.000000000000000000e+01 2.514390293885381822e-01 2.361643883868507210e-01 0.000000000000000000e+00 0.000000000000000000e+00 7.160490068779469530e-02 6.776892006642082356e-02
3.500000000000000000e+01 1.797053418228710675e-01 2.215626973994674620e-01 0.000000000000000000e+00 0.000000000000000000e+00 6.586648564972609476e-02 6.724874442086536952e-02
4.000000000000000000e+01 1.430240442599799711e-01 2.781643883608386214e-01 0.000000000000000000e+00 1.000000000000000000e+00 5.917564963264751454e-02 7.290632955446606223e-02
4.500000000000000000e+01 3.036245194846448614e-01 3.162714665640868894e-01 1.000000000000000000e+00 1.000000000000000000e+00 6.775409291262214639e-02 7.965534646014336972e-02
5.000000000000000000e+01 2.008147506883362632e-01 1.842335884936778245e-01 1.000000000000000000e+00 0.000000000000000000e+00 4.889524701079862867e-02 7.291622094561844847e-02
5.500000000000000000e+01 2.638287215581547329e-01 1.065615541937370292e-01 1.000000000000000000e+00 0.000000000000000000e+00 6.129839851731225253e-02 6.255645331823635191e-02
6.000000000000000000e+01 2.349180166983804163e-01 2.964131192919745583e-01 1.000000000000000000e+00 0.000000000000000000e+00 5.644026124119702614e-02 8.325373114299776389e-02
6.500000000000000000e+01 1.621203549278818490e-01 1.978309484331171042e-01 0.000000000000000000e+00 0.000000000000000000e+00 7.629009248476741056e-02 5.721689580600270580e-02
7.000000000000000000e+01 2.487214297173069022e-01 1.766406849582565219e-01 1.000000000000000000e+00 0.000000000000000000e+00 5.747955430191024895e-02 9.893154726126447696e-02
7.500000000000000000e+01 1.813943876306992053e-01 3.099842504194155746e-01 1.000000000000000000e+00 1.000000000000000000e+00 3.626274741830984999e-02 7.180036672694069255e-02
8.000000000000000000e+01 2.724199244209359883e-01 2.428692405767677032e-01 1.000000000000000000e+00 1.000000000000000000e+00 5.089548544704002725e-02 6.776406039759905187e-02
8.500000000000000000e+01 2.097935703739259306e-01 1.112634760114769722e-01 1.000000000000000000e+00 0.000000000000000000e+00 4.927518402533846709e-02 6.677654096378923820e-02
9.000000000000000000e+01 1.589435067666461754e-01 1.573319491182383623e-01 0.000000000000000000e+00 0.000000000000000000e+00 6.079980738509695865e-02 7.011286253606677232e-02
9.500000000000000000e+01 2.576864530577244183e-01 3.790177694200459746e-02 0.000000000000000000e+00 0.000000000000000000e+00 7.608724197633728870e-02 6.829442579691910598e-02
1.000000000000000000e+02 1.427562603787902451e-01 2.418958823959742044e-01 0.000000000000000000e+00 0.000000000000000000e+00 4.948374145436095634e-02 9.235456996427933440e-02
1.050000000000000000e+02 1.597641892969075827e-01 1.071588007182155133e-01 0.000000000000000000e+00 0.000000000000000000e+00 5.042259462599139180e-02 7.615613966581129268e-02
1.100000000000000000e+02 1.604611057524947815e-01 1.401219565582319526e-01 0.000000000000000000e+00 0.000000000000000000e+00 9.206386281317151254e-02 9.839771494159312015e-02
1.150000000000000000e+02 6.211905565145044161e-02 2.613108837727105560e-01 0.000000000000000000e+00 0.000000000000000000e+00 9.522738098644686899e-02 9.560020086640802495e-02
1.200000000000000000e+02 8.205509778989091008e-02 2.005051122275713082e-01 0.000000000000000000e+00 0.000000000000000000e+00 7.206322477386167824e-02 6.663713060982291714e-02
1.250000000000000000e+02 1.624162460008162778e-01 1.097118663212404144e-01 0.000000000000000000e+00 0.000000000000000000e+00 7.719442125394648802e-02 5.145848112268988639e-02
1.300000000000000000e+02 1.724040742080295008e-01 1.329600695393355070e-01 0.000000000000000000e+00 0.000000000000000000e+00 9.915317126552539162e-02 6.046513331243319467e-02
1.350000000000000000e+02 1.724757070377022639e-01 2.683905979187102275e-01 0.000000000000000000e+00 0.000000000000000000e+00 1.030872686820364093e-01 9.391793090409240874e-02
1.400000000000000000e+02 8.804033019363292911e-02 1.329879629173946476e-01 0.000000000000000000e+00 0.000000000000000000e+00 7.103702752968485412e-02 9.326320758282651002e-02
1.450000000000000000e+02 1.650396227432677498e-01 9.812057111253895403e-02 0.000000000000000000e+00 0.000000000000000000e+00 7.136440520040994440e-02 5.703307053965869788e-02
1.500000000000000000e+02 1.404794698785779561e-01 2.092267482051179961e-01 0.000000000000000000e+00 0.000000000000000000e+00 7.440632820821893589e-02 9.879527507006455322e-02
1.550000000000000000e+02 2.275578993162857555e-01 1.903784924179805493e-01 1.000000000000000000e+00 0.000000000000000000e+00 6.289342470776035365e-02 7.040023766848366171e-02
1.600000000000000000e+02 1.389275024447386188e-02 9.895315492551395864e-02 0.000000000000000000e+00 0.000000000000000000e+00 5.757540397339359212e-02 9.113716799905846599e-02
1.650000000000000000e+02 6.681073566837593403e-02 1.254607294546023211e-01 0.000000000000000000e+00 0.000000000000000000e+00 6.000534373324664661e-02 1.106890168939650837e-01
1.700000000000000000e+02 1.826517638765220164e-01 1.739805636201079975e-01 1.000000000000000000e+00 0.000000000000000000e+00 4.826843891884834148e-02 7.135889630287180208e-02
1.750000000000000000e+02 1.175472135930706319e-01 2.119312837631671387e-01 0.000000000000000000e+00 0.000000000000000000e+00 4.858495282687203681e-02 9.354636692179159330e-02
1.800000000000000000e+02 1.046802796223293558e-01 1.425018226790661646e-01 0.000000000000000000e+00 0.000000000000000000e+00 8.413333399394121170e-02 6.057243060996449907e-02
1.850000000000000000e+02 1.223795038305794253e-01 1.574387962512533434e-01 0.000000000000000000e+00 0.000000000000000000e+00 5.553281664715756238e-02 7.350078049943203906e-02
1.900000000000000000e+02 1.163297239352400342e-01 2.130052887574816478e-01 0.000000000000000000e+00 0.000000000000000000e+00 8.498065011497762944e-02 8.973616118099826677e-02
1.950000000000000000e+02 2.559354248823240141e-01 9.224160177758652934e-02 0.000000000000000000e+00 0.000000000000000000e+00 9.854883257946796260e-02 1.173585905968766163e-01
2.000000000000000000e+02 2.521909604266422966e-01 1.667949648492663972e-01 0.000000000000000000e+00 0.000000000000000000e+00 7.820015972046077957e-02 8.745451252642226503e-02
2.050000000000000000e+02 5.220817890000935962e-02 1.754953153105612007e-01 0.000000000000000000e+00 0.000000000000000000e+00 4.247936461418461151e-02 7.831485710182312099e-02
2.100000000000000000e+02 1.994058480186861049e-01 1.245274009154625217e-01 1.000000000000000000e+00 0.000000000000000000e+00 5.303909905246625284e-02 7.207760657917437752e-02
2.150000000000000000e+02 1.412553133301681363e-01 1.326615825774251634e-01 0.000000000000000000e+00 0.000000000000000000e+00 6.902863784791594959e-02 8.041243508733110501e-02
2.200000000000000000e+02 1.562835131701971469e-01 1.440226629436429095e-01 0.000000000000000000e+00 0.000000000000000000e+00 8.400962460424590827e-02 6.686438049748699708e-02
2.250000000000000000e+02 8.667324195217054883e-02 2.549093602262233471e-01 0.000000000000000000e+00 0.000000000000000000e+00 6.971316472028035727e-02 9.328838414548963620e-02
2.300000000000000000e+02 2.183050621992124740e-01 1.631406153185443464e-01 0.000000000000000000e+00 0.000000000000000000e+00 6.215094416938280603e-02 8.684488818016634915e-02
2.350000000000000000e+02 1.195962457963172659e-01 2.775622973156045004e-01 0.000000000000000000e+00 0.000000000000000000e+00 7.450545487149079493e-02 7.782190636392845307e-02
2.400000000000000000e+02 8.571673254899710159e-02 1.775176194563245213e-01 0.000000000000000000e+00 0.000000000000000000e+00 6.216753323553477623e-02 8.772808583907694413e-02
2.450000000000000000e+02 1.623855667533912750e-01 4.215451367579684666e-02 0.000000000000000000e+00 0.000000000000000000e+00 9.047819290560640826e-02 6.201697816728796858e-02
2.500000000000000000e+02 6.794279517610826713e-02 1.502794402725044498e-01 0.000000000000000000e+00 0.000000000000000000e+00 6.994910898674121247e-02 1.116131385051479658e-01
2.550000000000000000e+02 1.710818542008233634e-01 4.879849128064864955e-02 0.000000000000000000e+00 0.000000000000000000e+00 7.537857888051803512e-02 7.687572063519333698e-02
2.600000000000000000e+02 0.000000000000000000e+00 2.016015874633029781e-01 0.000000000000000000e+00 0.000000000000000000e+00 0.000000000000000000e+00 7.886950708229281681e-02
2.650000000000000000e+02 2.145287162801521874e-01 1.275431252616284206e-01 0.000000000000000000e+00 0.000000000000000000e+00 8.278388315074479420e-02 9.258110174148379001e-02
2.700000000000000000e+02 1.844884188047862458e-02 1.731055963962527255e-01 0.000000000000000000e+00 0.000000000000000000e+00 7.482054027801425533e-02 7.099985653331740421e-02
2.750000000000000000e+02 1.800710037921677761e-02 1.709267146748484623e-01 0.000000000000000000e+00 0.000000000000000000e+00 2.878070748368074042e-02 8.754514828744733301e-02
2.800000000000000000e+02 8.363222276005227718e-02 1.863916942995044179e-01 0.000000000000000000e+00 0.000000000000000000e+00 7.461111250242771775e-02 6.836213836007802580e-02
2.850000000000000000e+02 1.535577341479684443e-01 2.989673854942447723e-02 0.000000000000000000e+00 0.000000000000000000e+00 8.852079098595808104e-02 1.048539285158645168e-01
2.900000000000000000e+02 1.484334832631925283e-01 5.659509934720859808e-02 0.000000000000000000e+00 0.000000000000000000e+00 6.983522824273624696e-02 8.591090629592153249e-02
2.950000000000000000e+02 7.869177286793727077e-02 1.667985089775203822e-01 0.000000000000000000e+00 0.000000000000000000e+00 5.171350940111849731e-02 5.218763927377773060e-02
3.000000000000000000e+02 1.505248053365294547e-01 1.084728253666562559e-01 0.000000000000000000e+00 0.000000000000000000e+00 6.923212159093931894e-02 6.490314022232102076e-02
3.050000000000000000e+02 1.361557836262881627e-01 1.886656370354963252e-01 0.000000000000000000e+00 0.000000000000000000e+00 6.331386894730132997e-02 9.372306394517085359e-02
3.100000000000000000e+02 4.399559917773160356e-02 1.745510895184215205e-01 0.000000000000000000e+00 0.000000000000000000e+00 3.496349814913778109e-02 8.509939966027249558e-02
3.150000000000000000e+02 1.460082296155902903e-01 6.069699825816654570e-02 0.000000000000000000e+00 0.000000000000000000e+00 6.693711171301117147e-02 6.540418122698184178e-02
3.200000000000000000e+02 3.949753959609113990e-02 1.211184081381211086e-01 0.000000000000000000e+00 0.000000000000000000e+00 7.320088617195394387e-02 8.551923219631706041e-02
3.250000000000000000e+02 1.300196418959100042e-01 2.760124058744677922e-01 0.000000000000000000e+00 0.000000000000000000e+00 8.671167012072260316e-02 7.745159282382031718e-02
3.300000000000000000e+02 9.244714792644533052e-02 5.420412891053474208e-02 0.000000000000000000e+00 0.000000000000000000e+00 5.449864075857280971e-02 4.676259743503765470e-02
3.350000000000000000e+02 7.484544446704224918e-02 2.599226523219249074e-01 0.000000000000000000e+00 1.000000000000000000e+00 5.966412351202057124e-02 6.418615771761400357e-02
3.400000000000000000e+02 1.164069851347723505e-01 1.527479995256499357e-01 0.000000000000000000e+00 0.000000000000000000e+00 6.537091158921949641e-02 7.390331173428789369e-02
3.450000000000000000e+02 4.149651351597220816e-02 2.192341964887253858e-01 0.000000000000000000e+00 0.000000000000000000e+00 5.865959089417319139e-02 6.845676009320710020e-02
3.500000000000000000e+02 1.734239291864611565e-01 2.428203256296624646e-01 0.000000000000000000e+00 0.000000000000000000e+00 6.122241079603132213e-02 7.448877640362559782e-02
3.550000000000000000e+02 1.135828158764788515e-01 5.249526768764267715e-02 0.000000000000000000e+00 0.000000000000000000e+00 8.135840131488465687e-02 8.816621244715981687e-02
3.600000000000000000e+02 1.445654288335228022e-01 1.824739045915174107e-01 0.000000000000000000e+00 0.000000000000000000e+00 6.223424346918650374e-02 1.012254592095967326e-01
3.650000000000000000e+02 6.796364020288356289e-02 2.827504167961998882e-01 0.000000000000000000e+00 1.000000000000000000e+00 6.726826266688236411e-02 7.148324769577965587e-02
3.700000000000000000e+02 1.619192884562603019e-01 3.169340307167717134e-03 0.000000000000000000e+00 0.000000000000000000e+00 5.360957818330840119e-02 1.006566265972171428e-02
3.750000000000000000e+02 1.493880439756517242e-01 1.132265666150459038e-01 0.000000000000000000e+00 0.000000000000000000e+00 6.536705673952473983e-02 7.742614853717731671e-02
3.800000000000000000e+02 9.714508298869865832e-02 1.024738620795701688e-01 0.000000000000000000e+00 0.000000000000000000e+00 6.159939461491819451e-02 7.108969809253062877e-02
3.850000000000000000e+02 1.560585846545255173e-01 7.167851719138826003e-04 0.000000000000000000e+00 0.000000000000000000e+00 1.078364242156749642e-01 2.148323610183788639e-03
3.900000000000000000e+02 2.176844550971823167e-01 6.217356256482342580e-02 0.000000000000000000e+00 0.000000000000000000e+00 9.119902033291191201e-02 7.343526697955261862e-02
3.950000000000000000e+02 1.453834377112569465e-01 6.627041561464204478e-02 0.000000000000000000e+00 0.000000000000000000e+00 7.426144748418360420e-02 6.625525888497962868e-02
4.000000000000000000e+02 9.329994332736887830e-02 1.900770348087528483e-01 0.000000000000000000e+00 0.000000000000000000e+00 5.020386091288048247e-02 9.598620485336985253e-02
4.050000000000000000e+02 1.886100109614830544e-01 1.770974369978847995e-01 0.000000000000000000e+00 0.000000000000000000e+00 7.179504460486912931e-02 1.065185543335312734e-01
4.100000000000000000e+02 3.010194438387160665e-03 1.633837671788293533e-01 0.000000000000000000e+00 0.000000000000000000e+00 6.149774946275374937e-02 9.851600962794489214e-02
4.150000000000000000e+02 5.978456823385082386e-02 1.335036518443180054e-01 0.000000000000000000e+00 0.000000000000000000e+00 6.662370535490549917e-02 9.160322688198009600e-02
4.200000000000000000e+02 1.623840636413609040e-01 6.921322988318256986e-02 0.000000000000000000e+00 0.000000000000000000e+00 7.451622131009343064e-02 4.673401056592383501e-02
4.250000000000000000e+02 1.240021664860325220e-03 1.249359494820822813e-01 0.000000000000000000e+00 0.000000000000000000e+00 1.308053232763770404e-02 7.216917456240058704e-02
4.300000000000000000e+02 6.627696694933314647e-02 1.526876498992274234e-01 0.000000000000000000e+00 0.000000000000000000e+00 7.451522782704389503e-02 6.872704181216464370e-02
4.350000000000000000e+02 2.076093657304067114e-02 1.495015823705125868e-01 0.000000000000000000e+00 0.000000000000000000e+00 5.750884421330965807e-02 8.550429757672181608e-02
4.400000000000000000e+02 1.027227533882946464e-01 6.289095616907304509e-02 0.000000000000000000e+00 0.000000000000000000e+00 6.176187165523560479e-02 7.274676001905477918e-02
4.450000000000000000e+02 1.343796050984564505e-01 0.000000000000000000e+00 0.000000000000000000e+00 0.000000000000000000e+00 1.095179586642039404e-01 0.000000000000000000e+00
4.500000000000000000e+02 1.152040677952288900e-01 9.931808049273098404e-02 0.000000000000000000e+00 0.000000000000000000e+00 7.351069530427051246e-02 8.242560988294463098e-02
4.550000000000000000e+02 1.196523348517410934e-01 1.213961613401314255e-01 0.000000000000000000e+00 0.000000000000000000e+00 8.930739115546157403e-02 8.513117625614054218e-02
4.600000000000000000e+02 2.073117544904566345e-01 1.036687277583242250e-01 0.000000000000000000e+00 0.000000000000000000e+00 6.755819377006221094e-02 8.186884695814813928e-02
4.650000000000000000e+02 1.584544524097334928e-01 1.144123786167048767e-01 0.000000000000000000e+00 0.000000000000000000e+00 7.756055487869176202e-02 6.354036376820765275e-02
4.700000000000000000e+02 1.952943547678174796e-01 3.499757115099196014e-02 0.000000000000000000e+00 0.000000000000000000e+00 8.619522582751426576e-02 7.226967013776218474e-02
4.750000000000000000e+02 1.132976001304216995e-01 6.469126068984128175e-02 0.000000000000000000e+00 0.000000000000000000e+00 7.084135907972195778e-02 7.518307991608154384e-02
4.800000000000000000e+02 5.896284740073583913e-02 1.105012204820913641e-01 0.000000000000000000e+00 0.000000000000000000e+00 5.396462841723741188e-02 8.512307096732342482e-02
4.850000000000000000e+02 1.324366061996328781e-01 0.000000000000000000e+00 0.000000000000000000e+00 0.000000000000000000e+00 8.836522856688130978e-02 0.000000000000000000e+00
4.900000000000000000e+02 1.563020770562664474e-01 4.195776250773559923e-03 0.000000000000000000e+00 0.000000000000000000e+00 7.489681705066432438e-02 4.055569108019835452e-03
4.950000000000000000e+02 3.512901994377549270e-02 8.030064509109167969e-02 0.000000000000000000e+00 0.000000000000000000e+00 6.465920680463152492e-02 7.870889332828744089e-02
