0.000000000000000000e+00 0.000000000000000000e+00 0.000000000000000000e+00 0.000000000000000000e+00 0.000000000000000000e+00 0.000000000000000000e+00 0.000000000000000000e+00
5.000000000000000000e+00 1.682286296864282105e-01 1.033749267460591995e-02 0.000000000000000000e+00 0.000000000000000000e+00 6.210712256156093042e-02 2.494424520490497524e-02
1.000000000000000000e+01 2.635392225066005012e-01 1.129041363653714852e-01 1.000000000000000000e+00 0.000000000000000000e+00 3.699366940582955038e-02 5.423560265636744038e-02
1.500000000000000000e+01 1.256384662689418452e-01 2.111763514712316214e-01 0.000000000000000000e+00 0.000000000000000000e+00 7.263142597571717318e-02 7.880134728690715851e-02
2.000000000000000000e+01 1.578324665062998400e-01 2.118792377865768017e-01 0.000000000000000000e+00 1.000000000000000000e+00 5.920411325497011712e-02 5.604925347780687073e-02
2.500000000000000000e+01 9.452053748920044574e-02 6.650177586118186102e-02 0.000000000000000000e+00 0.000000000000000000e+00 6.137330743312498921e-02 7.407640060555896466e-02
3.000000000000000000e+01 1.537658835147394099e-01 1.984654954213498079e-01 1.000000000000000000e+00 0.000000000000000000e+00 4.113678678241431547e-02 8.419300438850010893e-02
3.500000000000000000e+01 2.146758498549319327e-01 3.362014299450358790e-01 0.000000000000000000e+00 0.000000000000000000e+00 6.539190759465203506e-02 9.432256829921463470e-02
4.000000000000000000e+01 1.735761779871921595e-01 2.104588233854403911e-01 1.000000000000000000e+00 0.000000000000000000e+00 4.116210157689074306e-02 7.082104317887089051e-02
4.500000000000000000e+01 1.253690330997216940e-01 2.743346784176111108e-01 0.000000000000000000e+00 1.000000000000000000e+00 6.757468667916201321e-02 7.061928642626058572e-02
5.000000000000000000e+01 1.290694917305601486e-01 1.290866891236404634e-01 0.000000000000000000e+00 0.000000000000000000e+00 4.602512121475996199e-02 7.138380629315750625e-02
5.500000000000000000e+01 7.259067621091792877e-02 2.482792580617728950e-01 0.000000000000000000e+00 0.000000000000000000e+00 4.173692461796403574e-02 1.018597084249891066e-01
6.000000000000000000e+01 1.421389370900755234e-01 3.629439409557895235e-01 0.000000000000000000e+00 1.000000000000000000e+00 9.304613918469049894e-02 8.376605938151064634e-02
6.500000000000000000e+01 1.936250646822450239e-01 2.313474945148344397e-01 0.000000000000000000e+00 0.000000000000000000e+00 6.862334403456604726e-02 8.507591897361507782e-02
7.000000000000000000e+01 8.931908557082265943e-02 2.535801994966130346e-01 0.000000000000000000e+00 0.000000000000000000e+00 5.060210068997926525e-02 9.552721048888705713e-02
7.500000000000000000e+01 1.062875318038988687e-01 2.547465555723584796e-01 0.000000000000000000e+00 0.000000000000000000e+00 5.793359673502997825e-02 8.690723252206732086e-02
8.000000000000000000e+01 1.200614799744415262e-01 2.325690300276184175e-01 0.000000000000000000e+00 0.000000000000000000e+00 6.565310013780208120e-02 8.307076656898207401e-02
8.500000000000000000e+01 1.156042488637284843e-01 1.997581265308041309e-01 0.000000000000000000e+00 0.000000000000000000e+00 3.765849995367366587e-02 1.057883500801439364e-01
9.000000000000000000e+01 2.002327141718464321e-01 2.486138271091128116e-01 1.000000000000000000e+00 0.000000000000000000e+00 5.210633011206169257e-02 8.169070254268534503e-02
9.500000000000000000e+01 1.098037344889580130e-01 1.345536423770716805e-01 0.000000000000000000e+00 0.000000000000000000e+00 4.893436472725556236e-02 4.818466127644809721e-02
1.000000000000000000e+02 1.059582193395851163e-01 3.360351022690816203e-01 0.000000000000000000e+00 1.000000000000000000e+00 4.663362410697160371e-02 7.933511234810620982e-02
1.050000000000000000e+02 1.267933804157589939e-01 2.626937106004775813e-01 0.000000000000000000e+00 0.000000000000000000e+00 4.334065160300804714e-02 8.032713418613743328e-02
1.100000000000000000e+02 1.378996864424009150e-01 1.903762917085848883e-01 0.000000000000000000e+00 0.000000000000000000e+00 6.341778491088997938e-02 5.374296312992436764e-02
1.150000000000000000e+02 8.337432870993537193e-02 3.208983167018096827e-01 0.000000000000000000e+00 0.000000000000000000e+00 7.499799826176152540e-02 9.229522676426636651e-02
1.200000000000000000e+02 4.809439522849506127e-02 2.651478887932728901e-01 0.000000000000000000e+00 0.000000000000000000e+00 7.626448110529150670e-02 8.708603534228245846e-02
1.250000000000000000e+02 2.226352894461986198e-01 4.348774340521614074e-02 0.000000000000000000e+00 0.000000000000000000e+00 6.626372868778650227e-02 9.480252543186480640e-02
1.300000000000000000e+02 1.609753981483139085e-01 1.351313398867285132e-01 0.000000000000000000e+00 0.000000000000000000e+00 8.269553739240299850e-02 4.050650161493288270e-02
1.350000000000000000e+02 1.810698572535544559e-01 2.101792793840281670e-01 0.000000000000000000e+00 0.000000000000000000e+00 8.364952118809863835e-02 9.373455244328500469e-02
1.400000000000000000e+02 9.077361250725054370e-03 2.505815731999030960e-01 0.000000000000000000e+00 0.000000000000000000e+00 2.369338412618632664e-02 9.380671376817141527e-02
1.450000000000000000e+02 1.923922116522663317e-01 1.656605632421359886e-01 0.000000000000000000e+00 0.000000000000000000e+00 8.609437212787030003e-02 8.441528234224569827e-02
1.500000000000000000e+02 7.488674517935327291e-02 2.870739820715396684e-01 0.000000000000000000e+00 0.000000000000000000e+00 6.798610373284144637e-02 9.429336804412456752e-02
1.550000000000000000e+02 7.036517099420916410e-02 2.249353576002647015e-01 0.000000000000000000e+00 0.000000000000000000e+00 7.303430609995630041e-02 9.329092939512434457e-02
1.600000000000000000e+02 1.140191199467272681e-01 1.727175410918799781e-01 0.000000000000000000e+00 0.000000000000000000e+00 8.759821324164238088e-02 6.595214262362765478e-02
1.650000000000000000e+02 1.432715099733667397e-01 2.922900960840081330e-01 0.000000000000000000e+00 0.000000000000000000e+00 1.009726947658495938e-01 8.451706350388121791e-02
1.700000000000000000e+02 1.334513497132416016e-01 1.255291928709467431e-01 0.000000000000000000e+00 0.000000000000000000e+00 7.886532340901422633e-02 8.612108365161126600e-02
1.750000000000000000e+02 2.462518189879692870e-02 1.678518930209552396e-01 0.000000000000000000e+00 0.000000000000000000e+00 5.744500050012502773e-02 1.067344982765395245e-01
1.800000000000000000e+02 2.421592642862070710e-01 2.166684872949473650e-01 0.000000000000000000e+00 0.000000000000000000e+00 8.267191477021272605e-02 9.558010365803637498e-02
1.850000000000000000e+02 1.000846092594262216e-01 1.849674434871703965e-01 0.000000000000000000e+00 0.000000000000000000e+00 6.971483112327531151e-02 1.012654872242498838e-01
1.900000000000000000e+02 7.898370917945513048e-02 2.202017911809024953e-01 0.000000000000000000e+00 0.000000000000000000e+00 9.530718496912264637e-02 1.083961606213274809e-01
1.950000000000000000e+02 6.998117653395311000e-02 8.703639006401164835e-02 0.000000000000000000e+00 0.000000000000000000e+00 4.062861483732914392e-02 4.648214389679820174e-02
2.000000000000000000e+02 4.823348566175614249e-02 3.053693630582207663e-01 0.000000000000000000e+00 0.000000000000000000e+00 7.086983259853844863e-02 8.981723003012660744e-02
2.050000000000000000e+02 1.371189069192857157e-01 1.445105898836013814e-01 0.000000000000000000e+00 0.000000000000000000e+00 8.001628664447010819e-02 6.092011568165141971e-02
2.100000000000000000e+02 1.265799054321387618e-01 1.298163782860483340e-01 0.000000000000000000e+00 0.000000000000000000e+00 7.463496770438216021e-02 8.607409060638882004e-02
2.150000000000000000e+02 1.009380911820597915e-01 1.702119585405026392e-01 0.000000000000000000e+00 0.000000000000000000e+00 6.402114218256649281e-02 8.742312581898128987e-02
2.200000000000000000e+02 1.285742083403101088e-01 1.722564592259172578e-01 0.000000000000000000e+00 0.000000000000000000e+00 8.404598537382325374e-02 7.674903542922065225e-02
2.250000000000000000e+02 5.631283125447668347e-02 9.519892200678677086e-02 0.000000000000000000e+00 0.000000000000000000e+00 6.995225701576086863e-02 9.380181876308268940e-02
2.300000000000000000e+02 8.612994282389120626e-02 1.133030316398327131e-01 0.000000000000000000e+00 0.000000000000000000e+00 7.780009944653239196e-02 5.173215409169790863e-02
2.350000000000000000e+02 5.927217764035448699e-02 2.405050524823276470e-01 0.000000000000000000e+00 0.000000000000000000e+00 6.279444852489493578e-02 8.676239606778919644e-02
2.400000000000000000e+02 2.598391518226790889e-02 1.905892730552130598e-01 0.000000000000000000e+00 0.000000000000000000e+00 6.655140641349041597e-02 1.112949972995446596e-01
2.450000000000000000e+02 1.152331199982418869e-01 2.486435875726525357e-02 0.000000000000000000e+00 0.000000000000000000e+00 4.743266255098785300e-02 1.120030840792798771e-01
2.500000000000000000e+02 3.037844086624539794e-02 1.401088979223264197e-01 0.000000000000000000e+00 0.000000000000000000e+00 3.919132517275260991e-02 5.669519914887983375e-02
2.550000000000000000e+02 2.690991607500455105e-03 3.099417409732909204e-02 0.000000000000000000e+00 0.000000000000000000e+00 6.184246039913113627e-03 6.211778214166836093e-02
2.600000000000000000e+02 4.104521552041209137e-02 2.037431344510498010e-01 0.000000000000000000e+00 0.000000000000000000e+00 1.442468068058023675e-02 7.967667028225550174e-02
2.650000000000000000e+02 2.438332718972732460e-01 3.053985108173272803e-02 0.000000000000000000e+00 0.000000000000000000e+00 8.610306512934773338e-02 7.869598620248208221e-02
2.700000000000000000e+02 1.588308074496014577e-01 2.655394722884508729e-01 0.000000000000000000e+00 0.000000000000000000e+00 7.503814046645408686e-02 7.483240255905873606e-02
2.750000000000000000e+02 1.496991456156486489e-01 1.628750527990381891e-01 0.000000000000000000e+00 0.000000000000000000e+00 6.768216598506111847e-02 6.376666853063762963e-02
2.800000000000000000e+02 1.479760437748620615e-02 8.385409868920054577e-02 0.000000000000000000e+00 0.000000000000000000e+00 6.846892912650404117e-02 5.781565921422903570e-02
2.850000000000000000e+02 4.459928915375934583e-02 6.030639416249798657e-02 0.000000000000000000e+00 0.000000000000000000e+00 7.775235348885653486e-02 4.648404432398788033e-02
2.900000000000000000e+02 1.893764568377844237e-01 1.392976151713656574e-01 0.000000000000000000e+00 0.000000000000000000e+00 5.943422001608894556e-02 6.852494073559169119e-02
2.950000000000000000e+02 7.713142201508568774e-02 1.235001354180370187e-01 0.000000000000000000e+00 0.000000000000000000e+00 7.031165671670092099e-02 9.969478486506480608e-02
3.000000000000000000e+02 6.744676936966484404e-02 1.946744645485477820e-01 0.000000000000000000e+00 0.000000000000000000e+00 4.183683523106464935e-02 7.246367187545611765e-02
3.050000000000000000e+02 1.085698433248814404e-01 1.371179252206939370e-01 0.000000000000000000e+00 0.000000000000000000e+00 7.926529895091026512e-02 6.830390025803148579e-02
3.100000000000000000e+02 4.522216084227605876e-02 1.035607117785698889e-01 0.000000000000000000e+00 0.000000000000000000e+00 6.509458727968563119e-02 7.832399038622391008e-02
3.150000000000000000e+02 1.766189547381267766e-01 5.320721109062374887e-02 0.000000000000000000e+00 0.000000000000000000e+00 9.258080488182543477e-02 1.095088533133035114e-01
3.200000000000000000e+02 1.901713365324761706e-01 6.621372577321396613e-02 0.000000000000000000e+00 0.000000000000000000e+00 6.791188748573073752e-02 6.245724567166889563e-02
3.250000000000000000e+02 8.347502888529216569e-02 1.700730030443179941e-01 0.000000000000000000e+00 0.000000000000000000e+00 8.002021992851174326e-02 7.933098253210742190e-02
3.300000000000000000e+02 1.561657735734775510e-01 2.703303070583302874e-03 0.000000000000000000e+00 0.000000000000000000e+00 7.636714575192911358e-02 4.816635070837503065e-03
3.350000000000000000e+02 2.032609279260934321e-01 9.558189169780668959e-02 0.000000000000000000e+00 0.000000000000000000e+00 7.499043205392244560e-02 8.196908848509019963e-02
3.400000000000000000e+02 1.014427261605355401e-01 6.307082627993312873e-02 0.000000000000000000e+00 0.000000000000000000e+00 9.405004773187725098e-02 7.950189942894508865e-02
3.450000000000000000e+02 1.320556291252336645e-01 1.442158013373269765e-01 0.000000000000000000e+00 0.000000000000000000e+00 7.524746222072924151e-02 8.657996029801399984e-02
3.500000000000000000e+02 1.477101642431637163e-01 2.697055952997692296e-01 0.000000000000000000e+00 1.000000000000000000e+00 5.255466763151776799e-02 5.955204050174305735e-02
3.550000000000000000e+02 1.907610416728533487e-01 2.628699649985022369e-02 0.000000000000000000e+00 0.000000000000000000e+00 8.035841512864407010e-02 4.146488020835913113e-02
3.600000000000000000e+02 1.741306378094720775e-01 2.262375038666632546e-02 0.000000000000000000e+00 0.000000000000000000e+00 7.417245760059913706e-02 1.207391840694750917e-01
3.650000000000000000e+02 1.146958568856331906e-01 1.318449424673839299e-01 0.000000000000000000e+00 0.000000000000000000e+00 6.197127261778968832e-02 7.591039456060456880e-02
3.700000000000000000e+02 9.881364576617970852e-02 1.265921094249307030e-02 0.000000000000000000e+00 0.000000000000000000e+00 6.717014576388266600e-02 6.931029452080102182e-02
3.750000000000000000e+02 8.002391465823831262e-02 1.726785386599600791e-01 0.000000000000000000e+00 0.000000000000000000e+00 6.562987197208336454e-02 7.898326909395667061e-02
3.800000000000000000e+02 3.463845764572079378e-03 1.971385899208427384e-01 0.000000000000000000e+00 0.000000000000000000e+00 1.900336994245097793e-03 7.360979389243191284e-02
3.850000000000000000e+02 9.565298441688427356e-02 6.963450427538689369e-02 0.000000000000000000e+00 0.000000000000000000e+00 7.535054539077742919e-02 4.951908497725977798e-02
3.900000000000000000e+02 4.419764937639096211e-03 1.128975820865485008e-01 0.000000000000000000e+00 0.000000000000000000e+00 3.416658218753986648e-03 6.996916726798439734e-02
3.950000000000000000e+02 1.187103491693636270e-01 6.262721707915433478e-02 0.000000000000000000e+00 0.000000000000000000e+00 8.003366389851603035e-02 6.973468454564633878e-02
4.000000000000000000e+02 2.217042029064810182e-01 1.501927676703555536e-01 0.000000000000000000e+00 0.000000000000000000e+00 8.800842115674824273e-02 7.878947647940615084e-02
4.050000000000000000e+02 3.272270231091665288e-02 8.902681139446466663e-02 0.000000000000000000e+00 0.000000000000000000e+00 4.447541805368770279e-02 8.368591123725839520e-02
4.100000000000000000e+02 2.672850865841268631e-01 1.920093441459902461e-01 0.000000000000000000e+00 0.000000000000000000e+00 8.192710530757847665e-02 8.984227794878668627e-02
4.150000000000000000e+02 2.254893559235604441e-03 1.025184707654434868e-01 0.000000000000000000e+00 0.000000000000000000e+00 2.697436707906966658e-02 8.566106626100236654e-02
4.200000000000000000e+02 1.088040294762544213e-01 6.217297528685707814e-02 0.000000000000000000e+00 0.000000000000000000e+00 5.382785855594672542e-02 8.900551217339612575e-02
4.250000000000000000e+02 2.139995839531444177e-01 8.530939234575281305e-02 0.000000000000000000e+00 0.000000000000000000e+00 1.006288965199875485e-01 4.283663814607922837e-02
4.300000000000000000e+02 1.331513591613269973e-02 1.316963097474550259e-01 0.000000000000000000e+00 0.000000000000000000e+00 1.065919117961724866e-01 8.225646546688912542e-02
4.350000000000000000e+02 1.649707255683829366e-01 1.989337273214366875e-01 0.000000000000000000e+00 0.000000000000000000e+00 8.611017321462242913e-02 8.843730577801565962e-02
4.400000000000000000e+02 1.541441184017148802e-01 9.732462995039993514e-02 0.000000000000000000e+00 0.000000000000000000e+00 7.125389510523624792e-02 9.726748745555133246e-02
4.450000000000000000e+02 4.131242726467926341e-02 4.133294631263429580e-02 0.000000000000000000e+00 0.000000000000000000e+00 7.252945864343433857e-02 5.118582460804805417e-02
4.500000000000000000e+02 1.286995232132945588e-01 1.629725477806150125e-01 0.000000000000000000e+00 0.000000000000000000e+00 8.990135773539453812e-02 6.980862648313136687e-02
4.550000000000000000e+02 1.037670483601749460e-01 5.152980926102601611e-02 0.000000000000000000e+00 0.000000000000000000e+00 1.006185088564843511e-01 4.480920830815933453e-02
4.600000000000000000e+02 1.131249536763541813e-01 1.750073885523823203e-01 0.000000000000000000e+00 0.000000000000000000e+00 7.011842607476939659e-02 6.332322016345842686e-02
4.650000000000000000e+02 2.039952503123858008e-01 1.377257866183914381e-01 0.000000000000000000e+00 0.000000000000000000e+00 9.836788728869950982e-02 8.947090273083406486e-02
4.700000000000000000e+02 8.940025413740274041e-02 1.813536137668164683e-01 0.000000000000000000e+00 0.000000000000000000e+00 5.090712302895467750e-02 7.610577840706066188e-02
4.750000000000000000e+02 3.542061782459633018e-02 1.145067143747093424e-01 0.000000000000000000e+00 0.000000000000000000e+00 6.870799003909623670e-02 7.558521551728222820e-02
4.800000000000000000e+02 1.337002997966444118e-01 3.236882463099508694e-02 0.000000000000000000e+00 0.000000000000000000e+00 6.620250771588637173e-02 8.245489225094371211e-02
4.850000000000000000e+02 1.094439498824099771e-01 1.053853937496208870e-01 0.000000000000000000e+00 0.000000000000000000e+00 5.612320241141790372e-02 7.515698211421976971e-02
4.900000000000000000e+02 1.045031401129714321e-01 6.944573888299568343e-02 0.000000000000000000e+00 0.000000000000000000e+00 7.948824984843375074e-02 8.497272442826225847e-02
4.950000000000000000e+02 3.879561837965918997e-02 2.467175827603852040e-02 0.000000000000000000e+00 0.000000000000000000e+00 6.482820175971744370e-02 7.256819933490379904e-02
