0.000000000000000000e+00 0.000000000000000000e+00 0.000000000000000000e+00 0.000000000000000000e+00 0.000000000000000000e+00 0.000000000000000000e+00 0.000000000000000000e+00
5.000000000000000000e+00 1.761552937516413508e-01 1.546603432148177526e-01 0.000000000000000000e+00 0.000000000000000000e+00 7.943995754723176539e-02 8.902199303535725250e-02
1.000000000000000000e+01 1.220463367466956550e-01 1.357408185382298904e-01 0.000000000000000000e+00 0.000000000000000000e+00 7.644139582439940517e-02 6.113547651035754898e-02
1.500000000000000000e+01 1.754658677694469204e-01 2.741321455121357165e-01 0.000000000000000000e+00 1.000000000000000000e+00 5.963654583835165113e-02 7.273165292141853255e-02
2.000000000000000000e+01 1.178546188889591784e-01 2.601791505488516565e-01 0.000000000000000000e+00 0.000000000000000000e+00 5.114445631081058347e-02 7.963245287121059612e-02
2.500000000000000000e+01 1.151292905669605710e-01 2.987261251805893858e-01 0.000000000000000000e+00 1.000000000000000000e+00 6.232695577049311708e-02 7.069528011287286307e-02
3.000000000000000000e+01 1.781753572884997305e-01 1.486053672932032832e-01 0.000000000000000000e+00 0.000000000000000000e+00 9.559259286631585639e-02 6.360537778639435702e-02
3.500000000000000000e+01 1.557370291250587679e-01 2.651155529710426673e-01 0.000000000000000000e+00 0.000000000000000000e+00 6.286213125316866823e-02 9.041338016800710975e-02
4.000000000000000000e+01 4.267812722162820510e-02 2.098348244577782074e-01 0.000000000000000000e+00 0.000000000000000000e+00 4.383102521425547016e-02 1.031973317706403048e-01
4.500000000000000000e+01 7.418822685096267133e-02 3.942081567955799670e-01 0.000000000000000000e+00 1.000000000000000000e+00 5.344680809444061348e-02 6.359197708879676947e-02
5.000000000000000000e+01 1.438939382641069020e-01 1.369725677382775120e-01 0.000000000000000000e+00 0.000000000000000000e+00 7.193473443684611501e-02 9.538654041986566190e-02
5.500000000000000000e+01 1.065052814401574038e-01 2.518765478960008908e-01 0.000000000000000000e+00 1.000000000000000000e+00 6.179437301577687947e-02 5.947137839421370864e-02
6.000000000000000000e+01 1.377897274417350659e-01 3.882195983190560584e-01 0.000000000000000000e+00 1.000000000000000000e+00 5.893061808430357512e-02 1.011915705667171400e-01
6.500000000000000000e+01 1.013192274693889561e-01 3.058251032011482518e-01 0.000000000000000000e+00 1.000000000000000000e+00 7.279523890197797664e-02 7.313453432684527411e-02
7.000000000000000000e+01 2.347027482556605926e-01 2.254893475754913834e-01 1.000000000000000000e+00 0.000000000000000000e+00 6.030596692955269428e-02 1.016472388599741344e-01
7.500000000000000000e+01 3.858698347195717998e-02 3.327405445681763663e-01 0.000000000000000000e+00 1.000000000000000000e+00 3.859332631913182932e-02 8.695045799203122983e-02
8.000000000000000000e+01 7.317339670196108814e-02 2.369070745222341401e-01 0.000000000000000000e+00 0.000000000000000000e+00 9.619043983708860934e-02 8.265293909539711548e-02
8.500000000000000000e+01 2.457131431027719248e-01 1.548248537260369651e-01 0.000000000000000000e+00 0.000000000000000000e+00 8.175344920529759030e-02 7.129454837877627349e-02
9.000000000000000000e+01 1.245799183830827994e-01 1.251533296079410940e-01 0.000000000000000000e+00 0.000000000000000000e+00 6.596931170143238710e-02 1.062345633847041615e-01
9.500000000000000000e+01 9.354426470460226739e-02 2.149992587708893788e-01 0.000000000000000000e+00 0.000000000000000000e+00 6.613987721425655664e-02 6.643890278506119074e-02
1.000000000000000000e+02 1.610984685466784749e-01 2.524444071451207305e-01 0.000000000000000000e+00 0.000000000000000000e+00 6.296895881874409184e-02 8.635835446099485169e-02
1.050000000000000000e+02 1.087986137334028547e-01 1.748449033962484189e-01 0.000000000000000000e+00 0.000000000000000000e+00 6.685836561755775787e-02 9.770407266017418213e-02
1.100000000000000000e+02 1.929953612357605819e-01 1.213800963724177145e-01 0.000000000000000000e+00 0.000000000000000000e+00 7.318540707781498456e-02 7.767572140293392546e-02
1.150000000000000000e+02 1.060266374626237240e-01 2.668688681251948358e-01 0.000000000000000000e+00 0.000000000000000000e+00 7.264171521083399863e-02 1.231645377544780678e-01
1.200000000000000000e+02 6.563173919833362180e-02 2.410869175755109561e-01 0.000000000000000000e+00 0.000000000000000000e+00 2.624218125151649497e-02 1.049094095973747975e-01
1.250000000000000000e+02 1.668610720672834558e-01 1.628426167566725813e-01 0.000000000000000000e+00 0.000000000000000000e+00 7.008163361238348155e-02 6.422400860468580053e-02
1.300000000000000000e+02 7.108369827908750382e-02 4.941790934618021935e-02 0.000000000000000000e+00 0.000000000000000000e+00 8.948380013707224467e-02 6.669677477063139237e-02
1.350000000000000000e+02 1.600700419927409413e-01 2.111309865734269098e-01 0.000000000000000000e+00 0.000000000000000000e+00 6.457598220902313613e-02 9.362946421148765630e-02
1.400000000000000000e+02 3.591676475366088056e-02 1.539119848887365305e-01 0.000000000000000000e+00 0.000000000000000000e+00 6.346029334637813546e-02 7.775687908628564626e-02
1.450000000000000000e+02 1.001270510687606030e-01 1.593253731400879336e-01 0.000000000000000000e+00 0.000000000000000000e+00 7.072230244968299995e-02 1.106523934091900307e-01
1.500000000000000000e+02 9.233493534620013099e-02 2.534913075614553812e-01 0.000000000000000000e+00 0.000000000000000000e+00 6.446854344417152216e-02 1.009023352196890960e-01
1.550000000000000000e+02 1.245689193224849972e-01 1.642655307938353515e-01 0.000000000000000000e+00 0.000000000000000000e+00 9.386153028814746280e-02 7.045993577580900169e-02
1.600000000000000000e+02 1.510659547325085006e-01 1.916952988563217219e-01 0.000000000000000000e+00 0.000000000000000000e+00 7.212347394774615283e-02 9.969758535891384832e-02
1.650000000000000000e+02 1.418599789843749126e-01 3.029710698799988888e-01 0.000000000000000000e+00 0.000000000000000000e+00 6.342477246867386786e-02 1.015853670813305215e-01
1.700000000000000000e+02 8.000152122438083935e-02 2.016673806997935636e-01 0.000000000000000000e+00 0.000000000000000000e+00 7.209472065989398770e-02 6.720472527632598281e-02
1.750000000000000000e+02 1.697580852230509418e-01 2.601545350643332255e-01 0.000000000000000000e+00 0.000000000000000000e+00 6.622329916796289295e-02 1.058023178411439391e-01
1.800000000000000000e+02 1.790497470362651389e-01 2.132890529239349076e-01 0.000000000000000000e+00 0.000000000000000000e+00 6.592479220474438406e-02 8.633639920189363492e-02
1.850000000000000000e+02 1.089739932829211638e-01 2.453864470081874027e-01 0.000000000000000000e+00 0.000000000000000000e+00 4.878954458408344547e-02 6.979023319551101723e-02
1.900000000000000000e+02 9.530986939050770101e-02 1.803390018072574263e-01 0.000000000000000000e+00 0.000000000000000000e+00 7.064283468471446725e-02 9.889838758245211858e-02
1.950000000000000000e+02 8.249747706631890831e-02 7.232065848211252646e-02 0.000000000000000000e+00 0.000000000000000000e+00 7.933243191785697979e-02 4.022434074515231217e-02
2.000000000000000000e+02 8.028541608792946760e-02 1.409720230223945880e-01 0.000000000000000000e+00 0.000000000000000000e+00 5.488660998616470832e-02 9.939865650991326629e-02
2.050000000000000000e+02 1.043608138057257467e-01 9.681908054528513830e-02 0.000000000000000000e+00 0.000000000000000000e+00 1.024589533681217884e-01 4.813151432346555320e-02
2.100000000000000000e+02 2.972947404775602015e-02 1.277889819503108815e-01 0.000000000000000000e+00 0.000000000000000000e+00 7.569344643234546255e-02 7.245951684164420037e-02
2.150000000000000000e+02 1.519468750978964500e-01 2.029948423909683775e-01 0.000000000000000000e+00 0.000000000000000000e+00 8.113837220873437728e-02 8.075529871832126672e-02
2.200000000000000000e+02 3.872963338325204063e-02 1.188361879035076951e-01 0.000000000000000000e+00 0.000000000000000000e+00 3.801566675337281209e-02 7.955276954374217169e-02
2.250000000000000000e+02 1.629968181768372826e-01 2.840723527049239874e-02 0.000000000000000000e+00 0.000000000000000000e+00 5.826268282748913591e-02 5.841189540638704047e-02
2.300000000000000000e+02 9.968232180488814653e-02 9.780982690143483205e-02 0.000000000000000000e+00 0.000000000000000000e+00 6.148542105004935893e-02 9.047404997187302733e-02
2.350000000000000000e+02 5.754479137052596893e-02 1.190143771697406982e-01 0.000000000000000000e+00 0.000000000000000000e+00 5.877515804966756963e-02 7.183523469190272737e-02
2.400000000000000000e+02 6.676781707780464481e-02 1.804342950117638344e-01 0.000000000000000000e+00 0.000000000000000000e+00 5.726906641674840703e-02 8.793306831779512667e-02
2.450000000000000000e+02 2.459786016881990722e-01 1.214275873063630912e-01 0.000000000000000000e+00 0.000000000000000000e+00 1.108231711730982699e-01 5.235595461844531201e-02
2.500000000000000000e+02 1.642996922930261283e-01 1.233483095208740832e-01 0.000000000000000000e+00 0.000000000000000000e+00 7.079866012853598678e-02 8.638369573293130932e-02
2.550000000000000000e+02 1.298634219189258765e-04 6.956720337590267811e-02 0.000000000000000000e+00 1.000000000000000000e+00 5.685477885790574115e-03 1.678325524859725776e-02
2.600000000000000000e+02 1.528494240902618373e-01 2.382754126816403750e-01 0.000000000000000000e+00 0.000000000000000000e+00 6.253834035508354372e-02 7.339835969306950092e-02
2.650000000000000000e+02 4.547800417448568527e-02 1.330326886092596250e-01 0.000000000000000000e+00 0.000000000000000000e+00 4.790020255986290887e-02 6.636902055552111601e-02
2.700000000000000000e+02 1.806128537301971981e-01 3.109789505035966961e-01 0.000000000000000000e+00 1.000000000000000000e+00 6.945508206698364218e-02 6.787415577026900682e-02
2.750000000000000000e+02 7.835425363163059376e-02 1.385175190990242666e-01 0.000000000000000000e+00 0.000000000000000000e+00 7.892292178275968351e-02 6.907579440835531770e-02
2.800000000000000000e+02 9.046229642750558408e-02 2.010434488879583037e-01 0.000000000000000000e+00 1.000000000000000000e+00 7.923605892047325128e-02 5.418502309176186083e-02
2.850000000000000000e+02 1.757869733863170747e-01 1.218735901988628190e-01 0.000000000000000000e+00 0.000000000000000000e+00 9.497916383397490836e-02 7.476301423742336139e-02
2.900000000000000000e+02 1.045913184775035393e-01 9.932810699304139845e-02 0.000000000000000000e+00 0.000000000000000000e+00 7.816194127533918068e-02 8.154300628113458904e-02
2.950000000000000000e+02 5.441889737664068472e-02 1.794700715713734573e-01 0.000000000000000000e+00 0.000000000000000000e+00 7.099679008533224533e-02 9.776278801767568361e-02
3.000000000000000000e+02 1.751302009641223512e-01 1.237559610964636958e-01 0.000000000000000000e+00 0.000000000000000000e+00 6.334893258457653664e-02 6.919096388972119371e-02
3.050000000000000000e+02 1.610732424458407308e-01 2.008284086215821884e-01 0.000000000000000000e+00 0.000000000000000000e+00 8.772896621056608391e-02 9.175737256189894775e-02
3.100000000000000000e+02 4.735427573526805600e-02 2.273754424757661874e-01 0.000000000000000000e+00 1.000000000000000000e+00 7.674303417702237062e-02 5.879585022654832543e-02
3.150000000000000000e+02 1.144305506595439947e-01 1.041347576425542681e-01 0.000000000000000000e+00 0.000000000000000000e+00 5.265334108154746257e-02 6.881593343302191967e-02
3.200000000000000000e+02 7.283378678509039306e-02 1.187973794073872852e-01 0.000000000000000000e+00 0.000000000000000000e+00 6.305727698387998681e-02 7.582488223534430971e-02
3.250000000000000000e+02 1.744320108364698016e-02 2.515821163764204726e-01 0.000000000000000000e+00 0.000000000000000000e+00 4.505410189206413007e-02 9.524947971384217782e-02
3.300000000000000000e+02 5.432706212081420821e-02 1.273736162399575489e-01 0.000000000000000000e+00 0.000000000000000000e+00 6.734232756608368731e-02 5.410522876356798488e-02
3.350000000000000000e+02 6.680021679771953880e-02 2.889881194020414990e-01 0.000000000000000000e+00 1.000000000000000000e+00 5.298489036251282508e-02 7.177497478673573739e-02
3.400000000000000000e+02 1.025347901552036145e-01 1.909776848820811668e-01 0.000000000000000000e+00 0.000000000000000000e+00 8.345153018100037734e-02 9.622757257656765206e-02
3.450000000000000000e+02 3.870757449437726982e-02 1.861746088159514090e-01 0.000000000000000000e+00 0.000000000000000000e+00 8.173216446618856990e-02 6.454036673876653585e-02
3.500000000000000000e+02 1.222353912749468696e-01 2.040222126982814410e-01 0.000000000000000000e+00 0.000000000000000000e+00 8.383998335245926303e-02 7.746608151650755114e-02
3.550000000000000000e+02 1.743297079775492364e-01 4.997117007578325693e-02 0.000000000000000000e+00 0.000000000000000000e+00 7.572645924138218798e-02 6.465008392283223826e-02
3.600000000000000000e+02 6.789244669897540052e-02 1.250997087117102224e-01 0.000000000000000000e+00 0.000000000000000000e+00 8.364528927652249701e-02 8.270969447969100941e-02
3.650000000000000000e+02 1.143851423088005151e-02 1.664047532300790277e-01 0.000000000000000000e+00 1.000000000000000000e+00 1.217646452088692183e-02 4.598183131853956357e-02
3.700000000000000000e+02 7.790580994945098259e-02 1.114127569131836276e-02 0.000000000000000000e+00 0.000000000000000000e+00 7.161776420164001067e-02 1.159794304279777866e-02
3.750000000000000000e+02 8.021966695510293621e-02 8.395096498828534537e-02 0.000000000000000000e+00 0.000000000000000000e+00 7.684012941610014746e-02 5.717143700612093565e-02
3.800000000000000000e+02 2.299947349909557404e-01 1.051924076061181434e-01 0.000000000000000000e+00 0.000000000000000000e+00 9.236002989815988995e-02 9.022830019165790916e-02
3.850000000000000000e+02 3.296292738056808697e-02 7.884585093926796406e-02 0.000000000000000000e+00 0.000000000000000000e+00 1.077893316527172851e-01 6.366095318747470866e-02
3.900000000000000000e+02 1.197082117521488104e-01 7.849072502095785775e-02 0.000000000000000000e+00 0.000000000000000000e+00 5.917005623466931041e-02 7.193287388722127695e-02
3.950000000000000000e+02 3.243168965288573125e-02 2.187919247018412783e-01 0.000000000000000000e+00 0.000000000000000000e+00 6.746702836076476362e-02 8.092195217468020618e-02
4.000000000000000000e+02 5.491515447187209770e-02 2.512629953784557002e-01 0.000000000000000000e+00 1.000000000000000000e+00 6.111245534402363205e-02 6.662707421840628752e-02
4.050000000000000000e+02 1.209632451782228363e-01 1.587419911314036369e-01 0.000000000000000000e+00 0.000000000000000000e+00 6.571250531664206418e-02 9.086679240454452466e-02
4.100000000000000000e+02 1.321793308188756455e-01 2.412476320836931531e-01 0.000000000000000000e+00 0.000000000000000000e+00 9.970200265470144374e-02 8.884736792876019029e-02
4.150000000000000000e+02 9.935543542294515695e-02 1.084111569677466969e-01 0.000000000000000000e+00 0.000000000000000000e+00 8.983144409281706988e-02 6.703211723212466888e-02
4.200000000000000000e+02 8.240533283866297021e-02 8.453766012754460046e-02 0.000000000000000000e+00 0.000000000000000000e+00 8.912325318545973041e-02 7.524584678679144267e-02
4.250000000000000000e+02 1.902748284226762343e-01 2.280117757325970107e-01 0.000000000000000000e+00 0.000000000000000000e+00 7.672834998670602369e-02 9.296057180166285294e-02
4.300000000000000000e+02 1.147377692054417225e-01 7.538617576073061710e-02 0.000000000000000000e+00 0.000000000000000000e+00 8.468335095636851662e-02 8.921347438620119696e-02
4.350000000000000000e+02 1.286355116644889718e-01 1.952455278374835568e-01 0.000000000000000000e+00 0.000000000000000000e+00 4.676339651722059149e-02 7.708091664584250380e-02
4.400000000000000000e+02 1.018502565561962420e-01 2.181517869551282129e-01 0.000000000000000000e+00 0.000000000000000000e+00 9.719044290202673297e-02 9.268251006079847309e-02
4.450000000000000000e+02 1.084307757794467607e-02 3.727615346921487466e-02 0.000000000000000000e+00 0.000000000000000000e+00 1.808365173414560809e-02 6.759042165687055570e-02
4.500000000000000000e+02 2.757751408381918790e-01 1.403162866068963233e-01 1.000000000000000000e+00 0.000000000000000000e+00 7.064681715703134690e-02 1.102335510014030573e-01
4.550000000000000000e+02 1.733326252695372438e-01 9.389143756632238602e-02 0.000000000000000000e+00 0.000000000000000000e+00 7.293242812711919765e-02 5.987296236343048889e-02
4.600000000000000000e+02 1.095069429183033183e-01 1.362471026273101848e-01 0.000000000000000000e+00 0.000000000000000000e+00 5.089185421020762240e-02 5.013455788552753645e-02
4.650000000000000000e+02 1.774196688536759381e-01 1.321574782254998082e-01 0.000000000000000000e+00 0.000000000000000000e+00 1.083601244909018629e-01 6.736313953016558054e-02
4.700000000000000000e+02 8.966874981886888141e-02 1.927373059866809013e-01 0.000000000000000000e+00 0.000000000000000000e+00 8.995318809483669742e-02 7.043250888252519659e-02
4.750000000000000000e+02 7.005443807571124643e-04 1.210750488272418490e-01 0.000000000000000000e+00 0.000000000000000000e+00 2.116855598394149721e-03 6.390057681286641367e-02
4.800000000000000000e+02 7.086416057018454784e-02 1.743910341242023154e-01 0.000000000000000000e+00 0.000000000000000000e+00 6.925127221345644957e-02 6.347657047871689551e-02
4.850000000000000000e+02 2.982649213656778445e-02 1.052530082582202597e-01 0.000000000000000000e+00 0.000000000000000000e+00 4.607586244978488510e-02 7.836015337541217540e-02
4.900000000000000000e+02 1.818251582706735814e-01 1.417281934921751085e-01 0.000000000000000000e+00 0.000000000000000000e+00 8.194972460489001465e-02 7.671361738501521199e-02
4.950000000000000000e+02 1.195802277574137956e-01 1.161985092101911893e-01 0.000000000000000000e+00 0.000000000000000000e+00 4.796100859004645556e-02 5.386802629256710190e-02
