0.000000000000000000e+00 0.000000000000000000e+00 0.000000000000000000e+00 0.000000000000000000e+00 0.000000000000000000e+00 0.000000000000000000e+00 0.000000000000000000e+00
5.000000000000000000e+00 4.200886734453906368e-01 1.436974695782786693e-01 1.000000000000000000e+00 0.000000000000000000e+00 8.457368173713543380e-02 9.664009937118651916e-02
1.000000000000000000e+01 3.733498794583841596e-01 1.854540528489141415e-01 1.000000000000000000e+00 0.000000000000000000e+00 8.041013099047900070e-02 8.254789858153435689e-02
1.500000000000000000e+01 3.411422946789125499e-01 3.232713777244679565e-01 0.000000000000000000e+00 1.000000000000000000e+00 1.075240076624149055e-01 8.986052494917221023e-02
2.000000000000000000e+01 3.436382876051504165e-01 2.535601778774433379e-01 0.000000000000000000e+00 0.000000000000000000e+00 9.931754490263834667e-02 9.930759827253123062e-02
2.500000000000000000e+01 4.172358945726709623e-01 3.711677322628506026e-01 1.000000000000000000e+00 1.000000000000000000e+00 7.982915012912879249e-02 8.230715861115299459e-02
3.000000000000000000e+01 2.898350061211696915e-01 4.442448447289509827e-01 1.000000000000000000e+00 1.000000000000000000e+00 7.423893608996956495e-02 7.918391536761057448e-02
3.500000000000000000e+01 4.161412062221646613e-01 3.087508295403001979e-01 1.000000000000000000e+00 1.000000000000000000e+00 7.924743351945821856e-02 7.380763506156398646e-02
4.000000000000000000e+01 3.176321068437991113e-01 4.330696973317184062e-01 1.000000000000000000e+00 1.000000000000000000e+00 6.831111240104757731e-02 9.668934928597662515e-02
4.500000000000000000e+01 2.772274646308569013e-01 4.237117174758657789e-01 0.000000000000000000e+00 1.000000000000000000e+00 8.095510924503314387e-02 1.101881978534424988e-01
5.000000000000000000e+01 2.541053133794265451e-01 3.354146206603706992e-01 1.000000000000000000e+00 1.000000000000000000e+00 5.201276858205410719e-02 8.165457705351467088e-02
5.500000000000000000e+01 2.073513846675382466e-01 2.562873768547850317e-01 0.000000000000000000e+00 0.000000000000000000e+00 8.408193374498727779e-02 7.162398115490392625e-02
6.000000000000000000e+01 3.142443422493997884e-01 3.987743080432317733e-01 1.000000000000000000e+00 0.000000000000000000e+00 7.519449751301275631e-02 1.184904725242545837e-01
6.500000000000000000e+01 1.850062279551748790e-01 3.944235655021005593e-01 0.000000000000000000e+00 1.000000000000000000e+00 6.321165362123430664e-02 1.063787494191507227e-01
7.000000000000000000e+01 2.800528936714287154e-01 2.908257191190789515e-01 1.000000000000000000e+00 0.000000000000000000e+00 7.419519674692233446e-02 8.201276868808604625e-02
7.500000000000000000e+01 2.054252883007239849e-01 4.738798484124043253e-01 0.000000000000000000e+00 1.000000000000000000e+00 6.296983404190997780e-02 5.866470927894006787e-02
8.000000000000000000e+01 2.461281963065602429e-01 3.427186093234855790e-01 1.000000000000000000e+00 0.000000000000000000e+00 6.260507481379107286e-02 1.084797728280475215e-01
8.500000000000000000e+01 2.490203805481212007e-01 2.423933560392301234e-01 1.000000000000000000e+00 0.000000000000000000e+00 5.416994581167996342e-02 8.531864022817398086e-02
9.000000000000000000e+01 2.773069090994479957e-01 2.669650752148172712e-01 1.000000000000000000e+00 0.000000000000000000e+00 6.422595944799068535e-02 1.072910659164826586e-01
9.500000000000000000e+01 1.774009528169421535e-01 1.576335775394893390e-01 0.000000000000000000e+00 0.000000000000000000e+00 6.202029967628910206e-02 9.712736964278380347e-02
1.000000000000000000e+02 2.210525845776886433e-01 2.927407897398802139e-01 1.000000000000000000e+00 0.000000000000000000e+00 6.077693493274551745e-02 9.666095253040352109e-02
1.050000000000000000e+02 1.218229610311506034e-01 2.638722009807908386e-01 0.000000000000000000e+00 0.000000000000000000e+00 7.971965230263748647e-02 1.132926671628683574e-01
1.100000000000000000e+02 3.390578198516640551e-01 2.229573470204656849e-01 1.000000000000000000e+00 0.000000000000000000e+00 9.329278188627480872e-02 1.039938811031993482e-01
1.150000000000000000e+02 2.604396990463920258e-01 4.291189676673979880e-01 1.000000000000000000e+00 0.000000000000000000e+00 6.056806574927552783e-02 1.331535002414505342e-01
1.200000000000000000e+02 1.753465708856012661e-01 3.355116988526622990e-01 0.000000000000000000e+00 0.000000000000000000e+00 8.411880331608294348e-02 1.060416783837768717e-01
1.250000000000000000e+02 1.792440077784050179e-01 2.503442399794060802e-01 0.000000000000000000e+00 0.000000000000000000e+00 6.222738754562569252e-02 1.115445801227377409e-01
1.300000000000000000e+02 1.443885620078436127e-01 2.278693884490325949e-01 0.000000000000000000e+00 0.000000000000000000e+00 6.675518348955616910e-02 1.220474843481032939e-01
1.350000000000000000e+02 1.789239932175814562e-01 3.462359093005946131e-01 0.000000000000000000e+00 1.000000000000000000e+00 6.989222899702296488e-02 8.837396883530843072e-02
1.400000000000000000e+02 1.182901258573363645e-01 3.719723665138211510e-01 0.000000000000000000e+00 0.000000000000000000e+00 6.253450619350529871e-02 1.190439717585680818e-01
1.450000000000000000e+02 2.109157600706719760e-01 1.644394775609729076e-01 1.000000000000000000e+00 0.000000000000000000e+00 5.553967553979352600e-02 9.032998500850160373e-02
1.500000000000000000e+02 1.165956386014332935e-01 3.653485593447935442e-01 0.000000000000000000e+00 1.000000000000000000e+00 5.469097996678069784e-02 9.196738683468727582e-02
1.550000000000000000e+02 3.122990691764318538e-01 2.269480327581123169e-01 1.000000000000000000e+00 0.000000000000000000e+00 7.629249730999469736e-02 8.461196892991199037e-02
1.600000000000000000e+02 1.195949886789406946e-01 3.206203468417715974e-01 0.000000000000000000e+00 0.000000000000000000e+00 5.960594881365968017e-02 9.904884355342771785e-02
1.650000000000000000e+02 2.113128860995133196e-01 2.701366757775834349e-01 0.000000000000000000e+00 0.000000000000000000e+00 6.206767999895684840e-02 1.035226906329470425e-01
1.700000000000000000e+02 2.988525797749225221e-01 3.312272416520026241e-01 0.000000000000000000e+00 0.000000000000000000e+00 8.734780700729086189e-02 9.941784140873143050e-02
1.750000000000000000e+02 2.747078250181836934e-01 2.682755704271074793e-01 0.000000000000000000e+00 0.000000000000000000e+00 8.794881435889147225e-02 1.074452164216757877e-01
1.800000000000000000e+02 2.257007397750236399e-01 2.841879264204524858e-01 0.000000000000000000e+00 0.000000000000000000e+00 6.689059268059630026e-02 9.405898075615998222e-02
1.850000000000000000e+02 5.500962164904799057e-02 3.707663541160673981e-01 0.000000000000000000e+00 1.000000000000000000e+00 4.789394247244992825e-02 8.673087278724776750e-02
1.900000000000000000e+02 1.112731734770355113e-01 3.090901363956291004e-01 0.000000000000000000e+00 0.000000000000000000e+00 6.098267739998461390e-02 1.144924718015530585e-01
1.950000000000000000e+02 1.653545141985224010e-01 1.732674339468593394e-01 0.000000000000000000e+00 0.000000000000000000e+00 7.159951511826496973e-02 9.694379604035453790e-02
2.000000000000000000e+02 2.117057109286562822e-01 3.473176858429532499e-01 0.000000000000000000e+00 1.000000000000000000e+00 8.544693109105026829e-02 8.668996947509180484e-02
2.050000000000000000e+02 1.893172692028464166e-01 2.633013694162459895e-01 1.000000000000000000e+00 0.000000000000000000e+00 4.054244006958942353e-02 1.162409345450721027e-01
2.100000000000000000e+02 1.270279734179679543e-01 2.141551199503680392e-01 0.000000000000000000e+00 0.000000000000000000e+00 8.551547815917692752e-02 7.875642387085582397e-02
2.150000000000000000e+02 1.932930092487581131e-01 1.875006449052478152e-01 0.000000000000000000e+00 0.000000000000000000e+00 8.091896800832643066e-02 1.091713843827344516e-01
2.200000000000000000e+02 1.200674116743150888e-01 2.074561543643280714e-01 0.000000000000000000e+00 0.000000000000000000e+00 7.124221395266426560e-02 8.018425145674772103e-02
2.250000000000000000e+02 1.082911939813101798e-01 1.651495953055265586e-01 0.000000000000000000e+00 0.000000000000000000e+00 5.990079167695345347e-02 7.937867444092434888e-02
2.300000000000000000e+02 1.669910914386778800e-01 1.819625377778215369e-01 0.000000000000000000e+00 0.000000000000000000e+00 5.870806375937653171e-02 7.485132105376579581e-02
2.350000000000000000e+02 1.098059839025139900e-01 2.632466220217443142e-01 0.000000000000000000e+00 0.000000000000000000e+00 8.454688518628414307e-02 1.303906542937655066e-01
2.400000000000000000e+02 9.518751483550322301e-02 2.325356589973805455e-01 0.000000000000000000e+00 0.000000000000000000e+00 6.759097893577079019e-02 1.139785688387098955e-01
2.450000000000000000e+02 2.300046124383651747e-01 2.264971365311667650e-01 0.000000000000000000e+00 0.000000000000000000e+00 7.392631840285542044e-02 1.169221295876786137e-01
2.500000000000000000e+02 2.825167451870385094e-01 2.483052452296262425e-01 0.000000000000000000e+00 0.000000000000000000e+00 9.781114491161987945e-02 1.124260595568645077e-01
2.550000000000000000e+02 5.914167231918824458e-02 6.997247015351240607e-02 0.000000000000000000e+00 0.000000000000000000e+00 5.933169319157773069e-02 9.877656331427157876e-02
2.600000000000000000e+02 2.550476950627990069e-01 2.160784273073007022e-01 0.000000000000000000e+00 0.000000000000000000e+00 7.243580433760507531e-02 6.227055224880617690e-02
2.650000000000000000e+02 7.849154728446626483e-02 2.140596567588894383e-01 0.000000000000000000e+00 0.000000000000000000e+00 7.751417371003112289e-02 8.693695379180377270e-02
2.700000000000000000e+02 2.103099864864687585e-01 2.597625280046443885e-01 1.000000000000000000e+00 0.000000000000000000e+00 5.583098009873783962e-02 1.095746999578890019e-01
2.750000000000000000e+02 2.274657321216238814e-01 2.626157214726448919e-01 0.000000000000000000e+00 0.000000000000000000e+00 8.804797128315351717e-02 8.129448825898558106e-02
2.800000000000000000e+02 1.012198049494392460e-01 2.456330331338659190e-01 0.000000000000000000e+00 0.000000000000000000e+00 7.348516393101188482e-02 8.386641891900646628e-02
2.850000000000000000e+02 2.713676675820766993e-01 2.105185982502037201e-01 1.000000000000000000e+00 0.000000000000000000e+00 7.449662481836449857e-02 7.977717647814694391e-02
2.900000000000000000e+02 2.332261403263508615e-01 1.700479470766158852e-01 0.000000000000000000e+00 0.000000000000000000e+00 7.018365045751950859e-02 8.851943161245852398e-02
2.950000000000000000e+02 2.012792684110817909e-01 1.889415808953847364e-01 0.000000000000000000e+00 0.000000000000000000e+00 6.449567627529008418e-02 8.483295937356942484e-02
3.000000000000000000e+02 9.035782909960803078e-02 2.866635793954513955e-01 0.000000000000000000e+00 0.000000000000000000e+00 6.058480921742365188e-02 1.143653268911289933e-01
3.050000000000000000e+02 2.729603460523264968e-01 2.872660569126729291e-01 0.000000000000000000e+00 0.000000000000000000e+00 8.588645981271224306e-02 8.699332746511516390e-02
3.100000000000000000e+02 2.262398117454914315e-01 3.628629363948753794e-01 1.000000000000000000e+00 0.000000000000000000e+00 5.891860138913652262e-02 1.141527734510766334e-01
3.150000000000000000e+02 1.367962221284535762e-01 4.495886873963563651e-02 0.000000000000000000e+00 0.000000000000000000e+00 5.729369025645115326e-02 5.093993324647765053e-02
3.200000000000000000e+02 1.194895444938018914e-01 2.082473011095900550e-01 0.000000000000000000e+00 0.000000000000000000e+00 8.938354665132475230e-02 9.102333990714724099e-02
3.250000000000000000e+02 7.528424897562513429e-02 2.302851895890161982e-01 0.000000000000000000e+00 0.000000000000000000e+00 7.014233673402005265e-02 7.513156608960475102e-02
3.300000000000000000e+02 1.083538338556103015e-01 1.229428391870065890e-01 0.000000000000000000e+00 0.000000000000000000e+00 6.061248556992778619e-02 9.955178232216849166e-02
3.350000000000000000e+02 1.248883483890253221e-01 3.358709424296515977e-01 0.000000000000000000e+00 1.000000000000000000e+00 7.335062461428078218e-02 7.978813462949264912e-02
3.400000000000000000e+02 2.304581050596327396e-01 3.477509073313062582e-01 0.000000000000000000e+00 0.000000000000000000e+00 6.616987381926855982e-02 1.171130552392101870e-01
3.450000000000000000e+02 1.111257054742317979e-01 2.613799383592897430e-01 0.000000000000000000e+00 0.000000000000000000e+00 8.470907178136294347e-02 7.968118688087444390e-02
3.500000000000000000e+02 1.077103501738738978e-01 3.190411478909808696e-01 0.000000000000000000e+00 0.000000000000000000e+00 9.254409259722276571e-02 9.846817291597181887e-02
3.550000000000000000e+02 1.536984476282332035e-01 1.143516158788805415e-01 0.000000000000000000e+00 0.000000000000000000e+00 8.734154402199052758e-02 1.022703414410026934e-01
3.600000000000000000e+02 9.732114558772121671e-02 9.607795375961687701e-02 0.000000000000000000e+00 0.000000000000000000e+00 7.472399505481011617e-02 8.428049168279552750e-02
3.650000000000000000e+02 1.479333181173384526e-01 1.921815652012858477e-01 0.000000000000000000e+00 0.000000000000000000e+00 8.162824276282508451e-02 9.268845078753537581e-02
3.700000000000000000e+02 8.360197955436757256e-02 6.277997883809950663e-02 0.000000000000000000e+00 0.000000000000000000e+00 8.083670275011903272e-02 5.943427609991171201e-02
3.750000000000000000e+02 1.528072097654806748e-02 2.064905479084453432e-01 0.000000000000000000e+00 0.000000000000000000e+00 8.355733456984246188e-02 8.497359191449287141e-02
3.800000000000000000e+02 1.674703873555796196e-01 1.916793219045106467e-01 0.000000000000000000e+00 0.000000000000000000e+00 8.341108989196638346e-02 8.719290044083992386e-02
3.850000000000000000e+02 2.011318284199688500e-01 1.248635015808482879e-01 0.000000000000000000e+00 0.000000000000000000e+00 7.043512854303270176e-02 9.259849672762021644e-02
3.900000000000000000e+02 9.987086820908000484e-02 1.732168988452464364e-01 0.000000000000000000e+00 0.000000000000000000e+00 6.479856068333703090e-02 1.026391892017615298e-01
3.950000000000000000e+02 1.895366298893493562e-01 1.937746031309435235e-01 0.000000000000000000e+00 0.000000000000000000e+00 9.352304398647391659e-02 9.557494758794084222e-02
4.000000000000000000e+02 1.443899531281250259e-01 2.782678227086863854e-01 0.000000000000000000e+00 0.000000000000000000e+00 8.916402984094420892e-02 1.111780123464050640e-01
4.050000000000000000e+02 1.675043664498306606e-01 2.194916102114838341e-01 0.000000000000000000e+00 0.000000000000000000e+00 7.515791099651261686e-02 9.717124349430097952e-02
4.100000000000000000e+02 1.431360103472535394e-01 2.477779499128164586e-01 0.000000000000000000e+00 0.000000000000000000e+00 8.909847491487578319e-02 1.131830088077923901e-01
4.150000000000000000e+02 1.298354387001258714e-01 1.959820964873602578e-01 0.000000000000000000e+00 0.000000000000000000e+00 7.894319120993564809e-02 1.033738971689596581e-01
4.200000000000000000e+02 1.709308242894954921e-01 1.833083030121807899e-01 0.000000000000000000e+00 0.000000000000000000e+00 9.587862127182741889e-02 1.068878953269380150e-01
4.250000000000000000e+02 1.408252034737956238e-01 2.104864612385094202e-01 0.000000000000000000e+00 0.000000000000000000e+00 7.577918577021140745e-02 9.058577406510226471e-02
4.300000000000000000e+02 1.875026016236076287e-01 2.604024754668500252e-01 0.000000000000000000e+00 0.000000000000000000e+00 6.282561181493080682e-02 8.105215812938361408e-02
4.350000000000000000e+02 6.217540954630288580e-02 2.755404019849070352e-01 0.000000000000000000e+00 0.000000000000000000e+00 1.117834872695618875e-01 8.370923534235073793e-02
4.400000000000000000e+02 1.518370314246098030e-01 1.984252861675551149e-01 0.000000000000000000e+00 0.000000000000000000e+00 8.605010289441741844e-02 7.950019432091144644e-02
4.450000000000000000e+02 1.684335552555550897e-01 1.007796144864377685e-01 0.000000000000000000e+00 0.000000000000000000e+00 7.061589224063383186e-02 6.967118686280458772e-02
4.500000000000000000e+02 2.098548619854967989e-01 2.042871055993238372e-01 0.000000000000000000e+00 0.000000000000000000e+00 7.011784536609273755e-02 7.654639334428114950e-02
4.550000000000000000e+02 1.718037061472282301e-01 1.595212778926832775e-01 0.000000000000000000e+00 0.000000000000000000e+00 7.377840812959556016e-02 8.211821078579982502e-02
4.600000000000000000e+02 1.674998456588507045e-01 2.863415696440723690e-01 0.000000000000000000e+00 0.000000000000000000e+00 7.725107171161248176e-02 1.058734290107888887e-01
4.650000000000000000e+02 1.936437431931067876e-01 2.904877864147268340e-01 0.000000000000000000e+00 0.000000000000000000e+00 6.432999880911517698e-02 1.120205756916865664e-01
4.700000000000000000e+02 1.582834394595006577e-01 2.547257377875736806e-01 0.000000000000000000e+00 0.000000000000000000e+00 8.846681469559383726e-02 1.232481790021959372e-01
4.750000000000000000e+02 2.095987613401957828e-01 2.106366886511288339e-01 0.000000000000000000e+00 0.000000000000000000e+00 7.374046807401465897e-02 1.010282535488263023e-01
4.800000000000000000e+02 1.329486996309291180e-01 2.860307154618597636e-01 0.000000000000000000e+00 1.000000000000000000e+00 7.453794523722313825e-02 7.620578360203326962e-02
4.850000000000000000e+02 1.689510307261037347e-01 1.742694534167316678e-01 0.000000000000000000e+00 0.000000000000000000e+00 8.281161394810193643e-02 9.616631218238652634e-02
4.900000000000000000e+02 2.181314878541359137e-01 1.814965311585853835e-01 0.000000000000000000e+00 0.000000000000000000e+00 8.461166949942929005e-02 7.885563279996606056e-02
4.950000000000000000e+02 2.073853821230747518e-01 1.737161561309690794e-01 0.000000000000000000e+00 0.000000000000000000e+00 7.454138466407708719e-02 1.179021521976784947e-01
