0.000000000000000000e+00 0.000000000000000000e+00 0.000000000000000000e+00 0.000000000000000000e+00 0.000000000000000000e+00 0.000000000000000000e+00 0.000000000000000000e+00
5.000000000000000000e+00 6.508345201495926990e-02 2.255279516210560442e-01 0.000000000000000000e+00 1.000000000000000000e+00 7.501559484396688737e-02 6.295265256759664807e-02
1.000000000000000000e+01 1.010036795939843746e-01 1.865417333820706403e-01 0.000000000000000000e+00 0.000000000000000000e+00 7.832570628214924335e-02 7.134741099695585120e-02
1.500000000000000000e+01 1.420213985673844381e-01 2.852263135257599447e-01 0.000000000000000000e+00 1.000000000000000000e+00 9.161978999747771857e-02 7.702882800478955128e-02
2.000000000000000000e+01 8.057019015044998567e-02 2.271194692072440735e-01 0.000000000000000000e+00 0.000000000000000000e+00 5.375326927522125486e-02 8.929386685085494157e-02
2.500000000000000000e+01 1.263437866382894625e-01 1.417957225328602133e-01 0.000000000000000000e+00 0.000000000000000000e+00 5.686402045698121105e-02 8.173598631297041006e-02
3.000000000000000000e+01 1.816763685728504107e-01 2.951558339853105895e-01 0.000000000000000000e+00 0.000000000000000000e+00 6.470397373418436404e-02 1.029450945668241718e-01
3.500000000000000000e+01 1.185020571975675396e-01 3.330786694773378853e-01 0.000000000000000000e+00 1.000000000000000000e+00 6.655967412446722742e-02 7.812053756711787034e-02
4.000000000000000000e+01 9.115432772836705444e-02 2.560516647309751814e-01 0.000000000000000000e+00 0.000000000000000000e+00 8.592971316588593478e-02 1.057735174350374896e-01
4.500000000000000000e+01 1.115730093021216202e-01 3.357969115870518273e-01 0.000000000000000000e+00 0.000000000000000000e+00 5.917764273654919222e-02 1.045738059798986402e-01
5.000000000000000000e+01 6.748101655701188584e-02 2.513617900751634049e-01 0.000000000000000000e+00 0.000000000000000000e+00 6.505356759053565474e-02 1.024702835220997893e-01
5.500000000000000000e+01 1.214291869180588596e-01 2.533372662198928871e-01 0.000000000000000000e+00 0.000000000000000000e+00 9.758780458997171059e-02 9.153055903242557356e-02
6.000000000000000000e+01 1.145589791664742424e-01 3.918888677656512942e-01 0.000000000000000000e+00 1.000000000000000000e+00 5.498357748079500673e-02 9.861409464756609733e-02
6.500000000000000000e+01 1.038769604233416854e-01 2.644944391605146827e-01 0.000000000000000000e+00 0.000000000000000000e+00 7.066114765435192735e-02 8.510894938009987143e-02
7.000000000000000000e+01 2.064004175872571900e-01 2.796364697179972714e-01 0.000000000000000000e+00 0.000000000000000000e+00 7.021861102758132633e-02 1.011328801028914121e-01
7.500000000000000000e+01 2.117784072726196509e-01 3.136300694896850261e-01 0.000000000000000000e+00 0.000000000000000000e+00 8.028680939510121628e-02 9.081002688539870082e-02
8.000000000000000000e+01 1.441805094076691607e-01 1.646967584042841604e-01 0.000000000000000000e+00 0.000000000000000000e+00 7.863861068079219807e-02 1.080019823443833377e-01
8.500000000000000000e+01 8.768679318311425885e-02 2.557844057204453070e-01 0.000000000000000000e+00 0.000000000000000000e+00 8.023309844522018286e-02 1.383597622313686160e-01
9.000000000000000000e+01 1.365441643729242704e-01 2.753103089132202252e-01 0.000000000000000000e+00 0.000000000000000000e+00 5.820412207092767048e-02 1.145418051809488497e-01
9.500000000000000000e+01 1.829083905495162369e-03 1.382250886268349965e-01 0.000000000000000000e+00 0.000000000000000000e+00 1.362229953650241849e-03 8.878743170662682649e-02
1.000000000000000000e+02 1.215728295335625486e-01 3.867030925566155575e-01 0.000000000000000000e+00 0.000000000000000000e+00 6.741467023731637087e-02 1.093503111402807509e-01
1.050000000000000000e+02 5.821200887991888340e-02 3.164878949760284721e-01 0.000000000000000000e+00 0.000000000000000000e+00 8.151716350781421094e-02 1.266858501112252400e-01
1.100000000000000000e+02 9.459747757073040664e-03 2.410341996418080834e-01 0.000000000000000000e+00 0.000000000000000000e+00 3.178277536531701891e-02 1.263005894267803242e-01
1.150000000000000000e+02 1.048883448347365660e-01 3.652405456772585546e-01 0.000000000000000000e+00 0.000000000000000000e+00 5.446023724163712859e-02 1.036363141549171141e-01
1.200000000000000000e+02 1.327120277459109543e-02 3.770241848238121696e-01 0.000000000000000000e+00 1.000000000000000000e+00 1.512084627441272200e-02 9.828245934659637917e-02
1.250000000000000000e+02 1.754764605993621718e-01 1.859440378019089068e-01 0.000000000000000000e+00 0.000000000000000000e+00 5.112859540696259447e-02 1.084527444719306649e-01
1.300000000000000000e+02 8.716744635777246009e-02 1.177601719035063776e-01 0.000000000000000000e+00 0.000000000000000000e+00 7.125128866204154254e-02 1.255285762629489432e-01
1.350000000000000000e+02 8.278836612508719273e-02 3.397273625305585742e-01 0.000000000000000000e+00 0.000000000000000000e+00 7.303105540973148235e-02 1.082290879313929505e-01
1.400000000000000000e+02 7.623644511577924721e-02 2.247204684027571953e-01 0.000000000000000000e+00 0.000000000000000000e+00 6.395636172759966431e-02 9.875666233279926931e-02
1.450000000000000000e+02 1.732371824030002061e-01 1.833818243935294856e-01 0.000000000000000000e+00 0.000000000000000000e+00 5.857430261826571810e-02 1.143570347156298295e-01
1.500000000000000000e+02 1.152750287862337186e-01 2.292968129823352297e-01 0.000000000000000000e+00 0.000000000000000000e+00 7.374716440553329144e-02 8.385065084952435244e-02
1.550000000000000000e+02 2.243229754963526335e-01 2.541791295068683842e-01 0.000000000000000000e+00 0.000000000000000000e+00 7.185077107058047974e-02 1.118854461183238086e-01
1.600000000000000000e+02 1.730007810954778402e-01 2.288633890880493738e-01 0.000000000000000000e+00 0.000000000000000000e+00 8.738902772753444348e-02 8.502693280479299565e-02
1.650000000000000000e+02 6.856942725498417490e-02 3.474400870875424818e-01 0.000000000000000000e+00 1.000000000000000000e+00 7.670234709550921570e-02 9.505837127163747902e-02
1.700000000000000000e+02 4.124425828993909249e-02 3.131351573285101053e-01 0.000000000000000000e+00 0.000000000000000000e+00 2.937884709008203518e-02 1.074877340590651154e-01
1.750000000000000000e+02 1.113414344182176718e-01 1.959854401775152910e-01 0.000000000000000000e+00 0.000000000000000000e+00 7.805838638377411709e-02 1.119915854445036607e-01
1.800000000000000000e+02 8.262187458945095819e-02 3.104862281517499767e-01 0.000000000000000000e+00 0.000000000000000000e+00 6.263190160554085728e-02 9.971999827025102014e-02
1.850000000000000000e+02 1.169620240777137499e-01 2.845190438796160182e-01 1.000000000000000000e+00 0.000000000000000000e+00 2.950142932310949317e-02 9.479994806594065071e-02
1.900000000000000000e+02 5.636763875913559929e-02 2.941200518065100189e-01 0.000000000000000000e+00 0.000000000000000000e+00 3.288295219531019165e-02 9.796246296006891341e-02
1.950000000000000000e+02 7.536047790040296783e-03 9.686973201475439221e-02 0.000000000000000000e+00 0.000000000000000000e+00 4.315571121496108997e-02 1.413340861219415934e-01
2.000000000000000000e+02 1.205997162224602820e-01 2.941951208883611946e-01 0.000000000000000000e+00 0.000000000000000000e+00 9.534020965571862738e-02 9.743716235029314943e-02
2.050000000000000000e+02 7.925984579955103193e-02 2.582445579778900879e-01 0.000000000000000000e+00 0.000000000000000000e+00 6.482486421403779731e-02 1.036704845157300492e-01
2.100000000000000000e+02 1.009813888562311329e-01 4.085934310021206994e-01 0.000000000000000000e+00 1.000000000000000000e+00 6.838933975012528865e-02 6.559829500257327584e-02
2.150000000000000000e+02 4.366175037347020532e-02 3.376255503962556359e-01 0.000000000000000000e+00 0.000000000000000000e+00 9.434903341740763505e-02 1.174972887042690650e-01
2.200000000000000000e+02 2.831007775568851192e-01 1.829758790987522366e-01 0.000000000000000000e+00 0.000000000000000000e+00 8.008156064143552577e-02 1.019001092184937118e-01
2.250000000000000000e+02 1.274916909977986124e-01 2.165486503208422508e-01 0.000000000000000000e+00 0.000000000000000000e+00 7.984444102022614231e-02 7.637246023705117348e-02
2.300000000000000000e+02 2.225348920552740889e-02 2.260342591630118414e-01 0.000000000000000000e+00 1.000000000000000000e+00 7.912522457245912966e-02 5.852108607325343798e-02
2.350000000000000000e+02 1.010841517907092868e-01 2.899149765604656648e-01 0.000000000000000000e+00 0.000000000000000000e+00 9.619350972098739128e-02 1.338453560678672938e-01
2.400000000000000000e+02 9.189120994789301555e-02 2.542009711936049077e-01 0.000000000000000000e+00 0.000000000000000000e+00 6.847128410387226527e-02 1.016593673605655779e-01
2.450000000000000000e+02 1.044834688374497028e-01 2.432643903937853069e-01 0.000000000000000000e+00 0.000000000000000000e+00 7.596448130618610461e-02 8.845070303925313404e-02
2.500000000000000000e+02 2.202254140879277011e-01 1.777754911986502706e-01 0.000000000000000000e+00 0.000000000000000000e+00 8.174108086776057935e-02 1.192263345524041812e-01
2.550000000000000000e+02 8.459376230933438046e-02 9.611036360795036093e-02 0.000000000000000000e+00 0.000000000000000000e+00 6.570587183446184587e-02 8.549583739165314555e-02
2.600000000000000000e+02 2.044198121798856127e-01 2.664031736737586531e-01 0.000000000000000000e+00 0.000000000000000000e+00 6.247045159589477425e-02 9.166444577733035004e-02
2.650000000000000000e+02 1.074629565190004798e-01 2.356301682186807134e-01 0.000000000000000000e+00 0.000000000000000000e+00 8.399416960875000226e-02 1.092279975286513799e-01
2.700000000000000000e+02 7.540485392570958623e-02 2.524305632832944957e-01 0.000000000000000000e+00 0.000000000000000000e+00 5.348591702383097279e-02 1.262688915537180101e-01
2.750000000000000000e+02 7.267409545587882880e-02 1.764503890810124598e-01 0.000000000000000000e+00 0.000000000000000000e+00 7.474273472685850905e-02 1.015272471043560387e-01
2.800000000000000000e+02 1.376518991305621109e-01 2.590025406757768822e-01 0.000000000000000000e+00 0.000000000000000000e+00 8.477018048899610803e-02 1.076590323881877059e-01
2.850000000000000000e+02 1.690674222182939057e-01 2.632080219464074111e-01 0.000000000000000000e+00 0.000000000000000000e+00 5.792497247988782905e-02 9.935367824250837532e-02
2.900000000000000000e+02 1.118662172846042607e-01 2.294963435842557187e-01 0.000000000000000000e+00 0.000000000000000000e+00 9.368357516643263661e-02 8.735974438255354746e-02
2.950000000000000000e+02 1.120734374545566264e-01 2.630312909685091904e-01 0.000000000000000000e+00 0.000000000000000000e+00 6.514624995710006916e-02 1.048886728708500471e-01
3.000000000000000000e+02 7.284289704359638018e-02 2.162272766326136519e-01 0.000000000000000000e+00 0.000000000000000000e+00 6.149935694573827744e-02 1.349961930475499505e-01
3.050000000000000000e+02 8.897713715101969456e-02 2.414037700670095266e-01 0.000000000000000000e+00 0.000000000000000000e+00 5.904185490059733754e-02 1.070615786606665815e-01
3.100000000000000000e+02 4.285474566998682955e-02 3.381996126389145707e-01 0.000000000000000000e+00 0.000000000000000000e+00 7.461676878501616317e-02 1.191990357710951132e-01
3.150000000000000000e+02 4.310505767390734877e-02 1.149613081055961966e-01 0.000000000000000000e+00 0.000000000000000000e+00 6.764463611639234819e-02 1.384219200622549273e-01
3.200000000000000000e+02 1.720587348657119653e-01 3.085930154338593079e-01 0.000000000000000000e+00 0.000000000000000000e+00 6.986735108892444535e-02 9.582154483959363922e-02
3.250000000000000000e+02 1.809955360630409460e-01 2.892244191753979843e-01 0.000000000000000000e+00 0.000000000000000000e+00 9.141291859022795951e-02 9.529615182688130903e-02
3.300000000000000000e+02 1.418662564175015017e-01 2.297662780669050553e-01 0.000000000000000000e+00 0.000000000000000000e+00 6.125991828048726190e-02 1.282337944184404332e-01
3.350000000000000000e+02 1.928034068477299245e-01 2.840289789608655968e-01 0.000000000000000000e+00 0.000000000000000000e+00 6.846417978960964157e-02 1.130687911911070487e-01
3.400000000000000000e+02 1.752025266982074891e-01 2.567866200438853608e-01 0.000000000000000000e+00 0.000000000000000000e+00 6.868788890262832181e-02 1.221636650583237393e-01
3.450000000000000000e+02 1.249442552389316841e-01 1.963887392921575270e-01 0.000000000000000000e+00 0.000000000000000000e+00 6.021733785911390080e-02 1.050009751265512242e-01
3.500000000000000000e+02 8.646039912414517359e-02 2.590467398376291586e-01 0.000000000000000000e+00 0.000000000000000000e+00 5.574007972960191154e-02 1.326065136729632221e-01
3.550000000000000000e+02 1.698383596464866085e-01 9.280746964205441318e-02 0.000000000000000000e+00 0.000000000000000000e+00 5.907103902706911658e-02 1.158852276787579044e-01
3.600000000000000000e+02 5.044770807201322260e-02 1.443894149868348575e-01 0.000000000000000000e+00 0.000000000000000000e+00 7.834124286028686102e-02 1.222895334631005915e-01
3.650000000000000000e+02 4.060235736258521744e-02 2.680499006158441611e-01 0.000000000000000000e+00 0.000000000000000000e+00 6.231384772434981484e-02 1.204405763299722792e-01
3.700000000000000000e+02 1.779638072565568330e-01 3.722695195576257443e-02 0.000000000000000000e+00 0.000000000000000000e+00 8.222975761933874750e-02 9.893743509391859925e-02
3.750000000000000000e+02 1.120873690242804033e-01 1.268089256190108038e-01 0.000000000000000000e+00 0.000000000000000000e+00 8.355521845190301555e-02 8.788647344384940829e-02
3.800000000000000000e+02 9.926154337468737210e-02 1.905473572532437321e-01 0.000000000000000000e+00 0.000000000000000000e+00 8.991478223964786964e-02 9.273523681236105209e-02
3.850000000000000000e+02 1.428200901863370675e-01 1.120736532962615939e-01 0.000000000000000000e+00 0.000000000000000000e+00 7.413332693769368598e-02 9.897101611642081243e-02
3.900000000000000000e+02 1.416629448067470709e-01 1.737749972677632981e-01 0.000000000000000000e+00 0.000000000000000000e+00 7.422803838534013099e-02 1.214598225078607485e-01
3.950000000000000000e+02 2.754602812900841524e-01 1.648730902418532873e-01 0.000000000000000000e+00 0.000000000000000000e+00 8.622574100613732140e-02 1.179680492751938314e-01
4.000000000000000000e+02 6.516358738536809359e-02 2.375364870927565430e-01 0.000000000000000000e+00 0.000000000000000000e+00 9.174548043627948901e-02 9.837948104023140627e-02
4.050000000000000000e+02 1.518165062336773452e-01 2.112236733018030554e-01 0.000000000000000000e+00 0.000000000000000000e+00 6.724806680967669592e-02 1.288825953774578592e-01
4.100000000000000000e+02 1.641476481927935382e-01 2.101995837635811104e-01 0.000000000000000000e+00 0.000000000000000000e+00 6.821005556248392609e-02 1.087951652151924326e-01
4.150000000000000000e+02 9.611844963719724799e-02 2.796205072818963577e-01 0.000000000000000000e+00 0.000000000000000000e+00 7.151617499562429314e-02 1.306645002095082331e-01
4.200000000000000000e+02 1.475847479109962945e-01 1.132897025839122024e-01 0.000000000000000000e+00 0.000000000000000000e+00 7.463514437921339728e-02 1.385065680878762029e-01
4.250000000000000000e+02 1.882989150290066138e-01 2.611576815420665332e-01 0.000000000000000000e+00 0.000000000000000000e+00 5.392652847454604964e-02 1.052477921372547143e-01
4.300000000000000000e+02 1.344737019640002140e-01 2.112048673214281802e-01 0.000000000000000000e+00 0.000000000000000000e+00 7.885659434280420377e-02 6.829236794113144327e-02
4.350000000000000000e+02 2.464775153499090266e-01 2.487275516742923354e-01 0.000000000000000000e+00 0.000000000000000000e+00 9.012707829320856789e-02 1.183902047892825687e-01
4.400000000000000000e+02 8.082412747680309262e-02 1.750687170911555124e-01 0.000000000000000000e+00 0.000000000000000000e+00 4.665920060578699485e-02 8.602641161169860551e-02
4.450000000000000000e+02 1.895477940823434848e-01 1.049576909162830696e-01 0.000000000000000000e+00 0.000000000000000000e+00 7.787407846372446096e-02 1.033147493745774914e-01
4.500000000000000000e+02 2.920334390222252274e-01 2.242269737658280082e-01 1.000000000000000000e+00 0.000000000000000000e+00 7.806834011756226543e-02 1.084286265036811941e-01
4.550000000000000000e+02 4.422633964742871127e-02 2.148666897871748804e-01 0.000000000000000000e+00 0.000000000000000000e+00 9.047750776269071482e-02 1.230088106826977140e-01
4.600000000000000000e+02 8.361819162910652525e-02 1.377821429749050142e-01 0.000000000000000000e+00 0.000000000000000000e+00 6.276420732474045916e-02 9.423051684651712057e-02
4.650000000000000000e+02 4.177011233212202940e-02 1.964106436144700818e-01 0.000000000000000000e+00 0.000000000000000000e+00 7.573639089887433673e-02 8.823351079851492196e-02
4.700000000000000000e+02 1.101546546211502886e-01 2.167629834177492998e-01 0.000000000000000000e+00 0.000000000000000000e+00 6.885433174888938579e-02 1.159851261462897937e-01
4.750000000000000000e+02 1.676996265481071335e-01 1.772466523863026333e-01 0.000000000000000000e+00 0.000000000000000000e+00 5.689377347170097854e-02 9.693680256554032537e-02
4.800000000000000000e+02 1.189963413440927875e-01 2.460672533601698520e-01 0.000000000000000000e+00 0.000000000000000000e+00 5.765741501565666699e-02 1.016898246269750672e-01
4.850000000000000000e+02 6.169721811266064282e-02 1.389748186495453064e-01 0.000000000000000000e+00 0.000000000000000000e+00 7.340581145129686236e-02 1.104421250157237161e-01
4.900000000000000000e+02 1.081354027649401167e-01 1.816383521735353834e-01 0.000000000000000000e+00 0.000000000000000000e+00 7.368065806334193890e-02 8.644163883285911620e-02
4.950000000000000000e+02 5.013950815240381109e-02 1.717012997034090271e-01 0.000000000000000000e+00 0.000000000000000000e+00 4.802770015367455181e-02 1.289300083734543634e-01
