0.000000000000000000e+00 0.000000000000000000e+00 0.000000000000000000e+00 0.000000000000000000e+00 0.000000000000000000e+00 0.000000000000000000e+00 0.000000000000000000e+00
5.000000000000000000e+00 3.893061996125785074e-01 1.483481182610405791e-01 1.000000000000000000e+00 0.000000000000000000e+00 7.483407842758353634e-02 8.125316336118158789e-02
1.000000000000000000e+01 2.650929978175248225e-01 1.943358901790507576e-01 0.000000000000000000e+00 0.000000000000000000e+00 8.445042960223760053e-02 8.223071157220081251e-02
1.500000000000000000e+01 2.615114832649814702e-01 3.232899918433363440e-01 1.000000000000000000e+00 1.000000000000000000e+00 7.302842354879765518e-02 7.336617529879967126e-02
2.000000000000000000e+01 2.499536552918694698e-01 2.417527392973573830e-01 1.000000000000000000e+00 1.000000000000000000e+00 3.639823917576662932e-02 4.287039762470499366e-02
2.500000000000000000e+01 3.862731940592237789e-01 1.863952303277406630e-01 1.000000000000000000e+00 0.000000000000000000e+00 8.829860496677198467e-02 6.868927756479542568e-02
3.000000000000000000e+01 2.674974633508109267e-01 2.905354000911802292e-01 0.000000000000000000e+00 0.000000000000000000e+00 9.803902510974063511e-02 1.078223552502412391e-01
3.500000000000000000e+01 2.792184209273479434e-01 2.576907372363556048e-01 1.000000000000000000e+00 1.000000000000000000e+00 5.040344452100455064e-02 6.033410459643427648e-02
4.000000000000000000e+01 2.141833368371567070e-01 2.336583850453500255e-01 0.000000000000000000e+00 1.000000000000000000e+00 6.727842741735051701e-02 6.323875601280473657e-02
4.500000000000000000e+01 1.974297374582597575e-01 3.211318586256390883e-01 0.000000000000000000e+00 1.000000000000000000e+00 9.723345114118780996e-02 7.553273380739206067e-02
5.000000000000000000e+01 1.229487042983559569e-01 2.575976005221590759e-01 0.000000000000000000e+00 0.000000000000000000e+00 7.837883497731298887e-02 1.024686755077533901e-01
5.500000000000000000e+01 2.285547451741192226e-01 2.036967102749545899e-01 0.000000000000000000e+00 0.000000000000000000e+00 7.923391081826913762e-02 8.722204839517233577e-02
6.000000000000000000e+01 1.001455262027132476e-01 3.450484188484130299e-01 0.000000000000000000e+00 1.000000000000000000e+00 5.690659882535180347e-02 9.170475553224818888e-02
6.500000000000000000e+01 2.051218918510265277e-01 3.364538172269669336e-01 0.000000000000000000e+00 1.000000000000000000e+00 9.160232841511818658e-02 7.101237151791917057e-02
7.000000000000000000e+01 1.860151488679258613e-01 2.211257930347836353e-01 0.000000000000000000e+00 0.000000000000000000e+00 5.908612330281824004e-02 6.316050992766496230e-02
7.500000000000000000e+01 1.816519326328491502e-01 3.047079020630363289e-01 0.000000000000000000e+00 0.000000000000000000e+00 6.570524254397751285e-02 9.272279627340505870e-02
8.000000000000000000e+01 1.304769419458217672e-01 2.848818599932390061e-01 0.000000000000000000e+00 0.000000000000000000e+00 5.700730244316525031e-02 8.145606270496515144e-02
8.500000000000000000e+01 2.171340566043870324e-01 1.488481061089539648e-01 0.000000000000000000e+00 0.000000000000000000e+00 7.787835766623157907e-02 9.200039982709742881e-02
9.000000000000000000e+01 9.431969668264823803e-02 3.348666999322649218e-01 0.000000000000000000e+00 0.000000000000000000e+00 4.554960855511165640e-02 9.990203935396180235e-02
9.500000000000000000e+01 3.479963540381084686e-01 6.252198963759494910e-02 1.000000000000000000e+00 0.000000000000000000e+00 7.532118783209533486e-02 8.586610465029262396e-02
1.000000000000000000e+02 2.693446533844002788e-01 3.274878268117734081e-01 1.000000000000000000e+00 1.000000000000000000e+00 7.273667077843448681e-02 7.782390339699214732e-02
1.050000000000000000e+02 3.105688951816594212e-01 3.826593646115602487e-01 1.000000000000000000e+00 1.000000000000000000e+00 8.626963182253456763e-02 1.062550599791433487e-01
1.100000000000000000e+02 1.738165285018034578e-01 1.345870941852997937e-01 0.000000000000000000e+00 0.000000000000000000e+00 9.063391469436916925e-02 8.277147224856223895e-02
1.150000000000000000e+02 1.504263102572959421e-01 4.004225195815745986e-01 0.000000000000000000e+00 1.000000000000000000e+00 8.046394206377595337e-02 1.017721563690013598e-01
1.200000000000000000e+02 1.989569510168940902e-01 2.291051070362773445e-01 1.000000000000000000e+00 0.000000000000000000e+00 5.521024476087049715e-02 9.779031488468287181e-02
1.250000000000000000e+02 1.695928945196522042e-01 2.041092966349968840e-01 0.000000000000000000e+00 0.000000000000000000e+00 7.780515784964013581e-02 9.053563442830751817e-02
1.300000000000000000e+02 1.560748550214275943e-01 1.229335965268937292e-01 0.000000000000000000e+00 0.000000000000000000e+00 6.433873256811592500e-02 9.878717974335754493e-02
1.350000000000000000e+02 2.018502328381054090e-01 3.072462047949727770e-01 0.000000000000000000e+00 0.000000000000000000e+00 7.488041769245153134e-02 9.489772075702387899e-02
1.400000000000000000e+02 1.977174601904819196e-01 1.871042417966959914e-01 0.000000000000000000e+00 0.000000000000000000e+00 6.358309017480179293e-02 9.258806468580568771e-02
1.450000000000000000e+02 9.263977915794766038e-02 1.032170776300641857e-01 0.000000000000000000e+00 0.000000000000000000e+00 5.838060904695430153e-02 7.849566484529969801e-02
1.500000000000000000e+02 1.967142934573242741e-01 1.541345488557632204e-01 0.000000000000000000e+00 0.000000000000000000e+00 8.954034336471257405e-02 8.967657199258867451e-02
1.550000000000000000e+02 1.498014956144227694e-01 1.585328405574437105e-01 0.000000000000000000e+00 0.000000000000000000e+00 6.226858229379578225e-02 9.194760480177727180e-02
1.600000000000000000e+02 1.359892646104203240e-01 1.625541882403737648e-01 0.000000000000000000e+00 0.000000000000000000e+00 8.323310994877475277e-02 6.433099441250882122e-02
1.650000000000000000e+02 2.390322837427327207e-01 1.885395580567078844e-01 0.000000000000000000e+00 0.000000000000000000e+00 7.472031046917262942e-02 1.006175563213791146e-01
1.700000000000000000e+02 1.997060760053926964e-01 3.446965850708074708e-01 0.000000000000000000e+00 0.000000000000000000e+00 8.719715559921090153e-02 9.678267993706173022e-02
1.750000000000000000e+02 6.580120561586576267e-02 1.403543358891893855e-01 0.000000000000000000e+00 0.000000000000000000e+00 7.333696700105854505e-02 8.038714731676664671e-02
1.800000000000000000e+02 2.031832278842946593e-01 2.496552666913258722e-01 0.000000000000000000e+00 1.000000000000000000e+00 9.378007202076527049e-02 6.838960824913478675e-02
1.850000000000000000e+02 2.108962266589791967e-01 1.731347099955712898e-01 0.000000000000000000e+00 0.000000000000000000e+00 9.987896589080925980e-02 7.389647668613429088e-02
1.900000000000000000e+02 1.860803424346964829e-01 2.871977654773933408e-01 0.000000000000000000e+00 0.000000000000000000e+00 7.749112214488633466e-02 8.791009116714981753e-02
1.950000000000000000e+02 1.687911998789582702e-01 1.911380121678060151e-01 0.000000000000000000e+00 0.000000000000000000e+00 7.781902111982529069e-02 8.697501255175409118e-02
2.000000000000000000e+02 1.423670154065927729e-01 2.587437595282570668e-01 0.000000000000000000e+00 0.000000000000000000e+00 6.870847100705050614e-02 7.643046848887843914e-02
2.050000000000000000e+02 2.412273834588709587e-01 1.364164575024584825e-01 0.000000000000000000e+00 0.000000000000000000e+00 8.050469196498825919e-02 7.923220524764583439e-02
2.100000000000000000e+02 1.867519172785358228e-01 2.116958545119038138e-01 0.000000000000000000e+00 0.000000000000000000e+00 7.417655311233414817e-02 7.014023090292288709e-02
2.150000000000000000e+02 1.320957273247321262e-01 1.306473280381850732e-01 0.000000000000000000e+00 0.000000000000000000e+00 5.488584667504717296e-02 7.890108665492619189e-02
2.200000000000000000e+02 1.093395372789691677e-01 1.768380537378067274e-01 0.000000000000000000e+00 0.000000000000000000e+00 7.327838768106099965e-02 1.020589551582619797e-01
2.250000000000000000e+02 2.232167684386328621e-01 1.424001126234504533e-01 0.000000000000000000e+00 0.000000000000000000e+00 1.000594467117798120e-01 8.461510727971377488e-02
2.300000000000000000e+02 1.162638783061773901e-01 5.573998266090329778e-02 0.000000000000000000e+00 0.000000000000000000e+00 5.471361143687080569e-02 8.991271063965616817e-02
2.350000000000000000e+02 7.124962354167034551e-02 2.303052117303271695e-01 0.000000000000000000e+00 0.000000000000000000e+00 5.087812860034231222e-02 9.655308292617005572e-02
2.400000000000000000e+02 1.408749479399014626e-01 1.541684427408258617e-01 0.000000000000000000e+00 0.000000000000000000e+00 7.187527707371062224e-02 1.082011651667855595e-01
2.450000000000000000e+02 1.699563998203468262e-01 7.583771764939380156e-02 0.000000000000000000e+00 0.000000000000000000e+00 7.597960587296238855e-02 5.080423741671277749e-02
2.500000000000000000e+02 4.124219285067260571e-02 1.515329686721947344e-01 0.000000000000000000e+00 0.000000000000000000e+00 7.581922361737231109e-02 1.018784128879596518e-01
2.550000000000000000e+02 1.376743723762685057e-01 8.254528021351772993e-02 0.000000000000000000e+00 0.000000000000000000e+00 5.635174493393050460e-02 6.948629664557266772e-02
2.600000000000000000e+02 1.846348906977331519e-02 2.185794298323769647e-01 0.000000000000000000e+00 0.000000000000000000e+00 9.420105249805905967e-02 1.025028726784766447e-01
2.650000000000000000e+02 1.847801885541750788e-01 5.851875981899191947e-02 0.000000000000000000e+00 0.000000000000000000e+00 6.906512020316687983e-02 6.971138674777860311e-02
2.700000000000000000e+02 9.165169210225479479e-02 1.483661167901693667e-01 0.000000000000000000e+00 0.000000000000000000e+00 8.792902752597629712e-02 9.427137878211540312e-02
2.750000000000000000e+02 2.989441259413608831e-01 1.229383691625864639e-01 1.000000000000000000e+00 0.000000000000000000e+00 7.466905025372924665e-02 5.961020852681745558e-02
2.800000000000000000e+02 8.066509764271760641e-02 1.763031622625170491e-01 0.000000000000000000e+00 0.000000000000000000e+00 8.219598691244213440e-02 7.962668229581498780e-02
2.850000000000000000e+02 2.216127593239492488e-01 1.528372765348594564e-01 0.000000000000000000e+00 0.000000000000000000e+00 9.803415204735745070e-02 6.938973906925614832e-02
2.900000000000000000e+02 2.104595340811928617e-01 1.152691219881598894e-01 0.000000000000000000e+00 0.000000000000000000e+00 9.772839241467851101e-02 8.355672737150636464e-02
2.950000000000000000e+02 1.875775930321399998e-01 1.536633862923029725e-01 0.000000000000000000e+00 0.000000000000000000e+00 6.898837816977564097e-02 8.606690405052200288e-02
3.000000000000000000e+02 1.953524388017371938e-01 6.146790652621958451e-02 0.000000000000000000e+00 0.000000000000000000e+00 7.305754949121359698e-02 6.061878678260803482e-02
3.050000000000000000e+02 1.441250430372483793e-01 1.271313043343598737e-01 0.000000000000000000e+00 0.000000000000000000e+00 8.823563885001185769e-02 5.717610917611378601e-02
3.100000000000000000e+02 5.468183009481202006e-02 2.111000266829167749e-01 0.000000000000000000e+00 0.000000000000000000e+00 7.415135665371661022e-02 9.483126986529920310e-02
3.150000000000000000e+02 2.315687160165104397e-01 9.943601952071498551e-02 0.000000000000000000e+00 0.000000000000000000e+00 7.139612160650789241e-02 1.001805575659601710e-01
3.200000000000000000e+02 7.953630977253769996e-02 2.292059889942177908e-01 0.000000000000000000e+00 0.000000000000000000e+00 5.754748166782835267e-02 9.575892189938317589e-02
3.250000000000000000e+02 1.086629942077615568e-01 1.853345633802893355e-01 0.000000000000000000e+00 0.000000000000000000e+00 6.851641620654377873e-02 5.260157394462871422e-02
3.300000000000000000e+02 3.242674771195751260e-02 9.045162496128852925e-02 0.000000000000000000e+00 0.000000000000000000e+00 5.237352239775412699e-02 8.641154757629897210e-02
3.350000000000000000e+02 2.608700246384378432e-02 2.949744347794238108e-01 0.000000000000000000e+00 1.000000000000000000e+00 1.339445219622367386e-02 6.251183369691799829e-02
3.400000000000000000e+02 4.663723654208597885e-02 2.252319387609617307e-01 0.000000000000000000e+00 0.000000000000000000e+00 9.346616584502115410e-02 6.895672572747299500e-02
3.450000000000000000e+02 5.226739407722805382e-03 2.589383896272864360e-01 0.000000000000000000e+00 0.000000000000000000e+00 2.244855153500347617e-02 9.239742640144345265e-02
3.500000000000000000e+02 7.127056367084227961e-02 1.412975153827201735e-01 0.000000000000000000e+00 0.000000000000000000e+00 7.272167197840996578e-02 8.723553296110306277e-02
3.550000000000000000e+02 3.070082395556109067e-02 5.679976948673935017e-02 0.000000000000000000e+00 0.000000000000000000e+00 9.118699564386645307e-02 7.727897958853233162e-02
3.600000000000000000e+02 4.770694011758618014e-02 5.566923856306031648e-02 0.000000000000000000e+00 0.000000000000000000e+00 9.140739559478114340e-02 9.149808070223452994e-02
3.650000000000000000e+02 3.191771299093643655e-01 1.165332336780482703e-01 0.000000000000000000e+00 0.000000000000000000e+00 9.377802185921364775e-02 6.614069030028410512e-02
3.700000000000000000e+02 8.670378377998746999e-02 6.930676642671470926e-03 0.000000000000000000e+00 0.000000000000000000e+00 7.379590249096185106e-02 3.922378319517963452e-02
3.750000000000000000e+02 6.315935448910174610e-02 4.638581787546318391e-02 0.000000000000000000e+00 0.000000000000000000e+00 3.548344869637580501e-02 3.870017188881330616e-02
3.800000000000000000e+02 8.751854209726085687e-02 4.930141726313012202e-02 0.000000000000000000e+00 0.000000000000000000e+00 8.910113284674625600e-02 5.031030650476506910e-02
3.850000000000000000e+02 1.003185227344347286e-01 2.623502881149631857e-02 0.000000000000000000e+00 0.000000000000000000e+00 7.973564085560598536e-02 6.236473960875347361e-02
3.900000000000000000e+02 4.028193838693457096e-02 1.157939439383799396e-01 0.000000000000000000e+00 0.000000000000000000e+00 6.089768331708238919e-02 8.394593157093677149e-02
3.950000000000000000e+02 1.238038441504797985e-02 1.505034889383228269e-01 0.000000000000000000e+00 0.000000000000000000e+00 2.091832358085965807e-02 8.814688292214410692e-02
4.000000000000000000e+02 9.822769849129667219e-02 2.854201689565756817e-01 0.000000000000000000e+00 1.000000000000000000e+00 8.381916865447455733e-02 7.116751464118711845e-02
4.050000000000000000e+02 1.122804461020973366e-01 6.391132175430173923e-02 0.000000000000000000e+00 0.000000000000000000e+00 5.553591278367805972e-02 6.332972453805303659e-02
4.100000000000000000e+02 1.742002897719360233e-01 7.365595420957929407e-02 0.000000000000000000e+00 0.000000000000000000e+00 6.645401521237634390e-02 6.701644435962017532e-02
4.150000000000000000e+02 7.268446180996500361e-02 1.399028252041084053e-01 0.000000000000000000e+00 0.000000000000000000e+00 1.023500511502191679e-01 5.808948081121053514e-02
4.200000000000000000e+02 9.295955165310978985e-02 1.664058501271964419e-02 0.000000000000000000e+00 0.000000000000000000e+00 8.137443151857742807e-02 5.954042678022723745e-02
4.250000000000000000e+02 1.774478364105754602e-01 1.905098675098888250e-01 0.000000000000000000e+00 0.000000000000000000e+00 7.396018607368733122e-02 1.112418885159896786e-01
4.300000000000000000e+02 6.759723698598282815e-02 1.425147696803842901e-01 0.000000000000000000e+00 0.000000000000000000e+00 6.965391527400649485e-02 7.091614265097030689e-02
4.350000000000000000e+02 1.405550147425514707e-01 1.715315885174460431e-01 0.000000000000000000e+00 0.000000000000000000e+00 8.358426229660897988e-02 8.334221592099781695e-02
4.400000000000000000e+02 1.660495066038635004e-01 4.440931425271277960e-02 0.000000000000000000e+00 0.000000000000000000e+00 6.833880516450936693e-02 7.113889624531918865e-02
4.450000000000000000e+02 4.174109449018218072e-03 3.474584959652463750e-02 0.000000000000000000e+00 0.000000000000000000e+00 5.993669479560255302e-03 4.844829916991614388e-02
4.500000000000000000e+02 8.583709634134073290e-04 1.597453732544618921e-01 0.000000000000000000e+00 1.000000000000000000e+00 2.285526229355506339e-03 4.445267470052320646e-02
4.550000000000000000e+02 1.394632385038235833e-01 9.139992274106445436e-02 0.000000000000000000e+00 0.000000000000000000e+00 5.739884672318229519e-02 5.143151316629441389e-02
4.600000000000000000e+02 7.932461915340775771e-02 1.317724488604966326e-01 0.000000000000000000e+00 0.000000000000000000e+00 6.296681782893501222e-02 1.084696396652863465e-01
4.650000000000000000e+02 7.111129946000416258e-02 1.195853292273033885e-01 0.000000000000000000e+00 0.000000000000000000e+00 8.539725740902884277e-02 8.155972344254687478e-02
4.700000000000000000e+02 1.147945622317546877e-01 9.184029922641194499e-02 0.000000000000000000e+00 0.000000000000000000e+00 8.014262676715447342e-02 7.684560028922951536e-02
4.750000000000000000e+02 7.779387892888550704e-02 1.512426899880011111e-01 0.000000000000000000e+00 0.000000000000000000e+00 6.544123595551143424e-02 9.877585609617553497e-02
4.800000000000000000e+02 9.190829425934693431e-02 1.552959086685729295e-01 0.000000000000000000e+00 0.000000000000000000e+00 7.718214463383769874e-02 8.486549405395162060e-02
4.850000000000000000e+02 1.416974926325906270e-01 1.188050947341272590e-01 0.000000000000000000e+00 0.000000000000000000e+00 8.867707942252198161e-02 7.470790032111325474e-02
4.900000000000000000e+02 1.210600594725686624e-01 8.091273066791990209e-02 0.000000000000000000e+00 0.000000000000000000e+00 6.393851332144416533e-02 6.927106815076526647e-02
4.950000000000000000e+02 1.657494455101407582e-01 0.000000000000000000e+00 0.000000000000000000e+00 0.000000000000000000e+00 6.104402475377376097e-02 0.000000000000000000e+00
