0.000000000000000000e+00 0.000000000000000000e+00 0.000000000000000000e+00 0.000000000000000000e+00 0.000000000000000000e+00 0.000000000000000000e+00 0.000000000000000000e+00
5.000000000000000000e+00 2.714511411122041418e-01 7.480533760632948614e-02 1.000000000000000000e+00 0.000000000000000000e+00 7.231239093813446317e-02 6.106593174637697102e-02
1.000000000000000000e+01 1.554889157862785198e-01 1.450276890076778735e-01 0.000000000000000000e+00 0.000000000000000000e+00 6.719282353972150235e-02 5.909361013169182886e-02
1.500000000000000000e+01 1.770983116253051215e-01 3.351842128839872537e-01 0.000000000000000000e+00 1.000000000000000000e+00 7.022413312083831960e-02 5.738506501733198900e-02
2.000000000000000000e+01 1.968727036833745059e-01 2.073694716696138918e-01 0.000000000000000000e+00 0.000000000000000000e+00 8.398042551955052504e-02 6.698949190380981689e-02
2.500000000000000000e+01 2.188951411820910520e-01 2.025792426235627774e-01 1.000000000000000000e+00 0.000000000000000000e+00 5.328043338313193794e-02 7.214645391788276907e-02
3.000000000000000000e+01 1.930388805171704969e-01 2.266436368425684411e-01 0.000000000000000000e+00 0.000000000000000000e+00 8.990453584389809794e-02 9.454617849682646347e-02
3.500000000000000000e+01 2.201302881948456192e-01 2.371575681502167687e-01 0.000000000000000000e+00 0.000000000000000000e+00 8.047905552360122561e-02 6.792554224445712663e-02
4.000000000000000000e+01 1.520910175218530003e-01 2.807029679180707560e-01 0.000000000000000000e+00 0.000000000000000000e+00 6.817987828862905053e-02 1.024210356851635306e-01
4.500000000000000000e+01 5.717282093138185278e-02 2.704197524937085317e-01 0.000000000000000000e+00 0.000000000000000000e+00 7.318470073338403936e-02 8.640684851392679833e-02
5.000000000000000000e+01 6.583477841361225213e-02 4.756276808003077200e-02 0.000000000000000000e+00 0.000000000000000000e+00 1.013005674037556342e-01 4.336027846688528253e-02
5.500000000000000000e+01 1.224423532649699942e-01 1.859846738197997174e-01 0.000000000000000000e+00 0.000000000000000000e+00 6.196440942364726118e-02 8.625311720275455341e-02
6.000000000000000000e+01 1.264010036000434156e-01 2.981893730948252386e-01 0.000000000000000000e+00 1.000000000000000000e+00 6.408113454736855119e-02 6.826006225048750209e-02
6.500000000000000000e+01 6.527150677077628305e-02 3.146727428900942813e-01 0.000000000000000000e+00 1.000000000000000000e+00 7.070601420354906408e-02 7.797198140947403378e-02
7.000000000000000000e+01 1.342212396105447458e-01 1.402515343690930172e-01 0.000000000000000000e+00 0.000000000000000000e+00 6.247250085544952397e-02 7.009458709306261304e-02
7.500000000000000000e+01 1.513785028000433908e-01 4.270717162000847722e-01 0.000000000000000000e+00 1.000000000000000000e+00 7.140578688083731862e-02 8.448796095736857414e-02
8.000000000000000000e+01 2.304298919874797902e-01 2.513077448440584893e-01 1.000000000000000000e+00 0.000000000000000000e+00 4.971966587981392627e-02 1.056185756442958312e-01
8.500000000000000000e+01 6.838409505004375277e-02 1.968365914505410541e-01 0.000000000000000000e+00 0.000000000000000000e+00 6.255551992466362732e-02 8.232954416745041915e-02
9.000000000000000000e+01 1.091180503023136683e-01 1.708106490570965863e-01 0.000000000000000000e+00 0.000000000000000000e+00 8.300225518694005766e-02 8.349188210238703278e-02
9.500000000000000000e+01 1.273461755317095156e-01 1.820617872872787035e-01 0.000000000000000000e+00 0.000000000000000000e+00 6.563971892352513104e-02 7.814653856311737368e-02
1.000000000000000000e+02 1.012302057255971832e-01 3.195684396077647094e-01 0.000000000000000000e+00 1.000000000000000000e+00 8.976577829194364033e-02 7.872918396452753542e-02
1.050000000000000000e+02 1.574895535915548372e-01 1.997860749046093953e-01 0.000000000000000000e+00 0.000000000000000000e+00 6.393802954864445665e-02 9.516286027033601935e-02
1.100000000000000000e+02 8.592097275237328691e-02 1.335765886045894024e-01 0.000000000000000000e+00 0.000000000000000000e+00 1.001883182297111374e-01 8.659762517348260080e-02
1.150000000000000000e+02 4.293007902507354340e-02 2.983202808137435658e-01 0.000000000000000000e+00 0.000000000000000000e+00 7.721691043162264012e-02 1.052856192012848607e-01
1.200000000000000000e+02 7.740006968822676914e-02 2.633863558749178768e-01 0.000000000000000000e+00 1.000000000000000000e+00 4.592913553009234789e-02 6.978326853227898030e-02
1.250000000000000000e+02 1.564798839882917611e-02 3.234863247390592361e-02 0.000000000000000000e+00 0.000000000000000000e+00 1.907347359056266525e-02 4.285206646420936655e-02
1.300000000000000000e+02 3.328540582276093979e-02 1.150183485474230716e-01 0.000000000000000000e+00 0.000000000000000000e+00 6.690079814242699818e-02 1.050386048702754149e-01
1.350000000000000000e+02 1.042082051706470780e-01 2.355245696440548264e-01 0.000000000000000000e+00 0.000000000000000000e+00 9.935818693067677287e-02 1.014018299324241645e-01
1.400000000000000000e+02 1.087532180205511151e-01 2.610691064875199641e-01 0.000000000000000000e+00 0.000000000000000000e+00 7.884274433771064350e-02 7.789763340041316875e-02
1.450000000000000000e+02 7.479532025622567804e-02 1.495509287100495743e-01 0.000000000000000000e+00 0.000000000000000000e+00 5.659290841561721852e-02 9.924910816336014741e-02
1.500000000000000000e+02 2.034917519592315815e-01 3.059684904933851479e-01 0.000000000000000000e+00 1.000000000000000000e+00 6.958609956386002660e-02 5.824428194105574219e-02
1.550000000000000000e+02 1.670607533211481421e-01 1.748083689908593585e-01 0.000000000000000000e+00 0.000000000000000000e+00 5.603833392066222968e-02 7.197059747315751044e-02
1.600000000000000000e+02 6.253775902705625833e-02 1.822501629386922839e-01 0.000000000000000000e+00 0.000000000000000000e+00 4.886648259906897079e-02 8.054025931046936149e-02
1.650000000000000000e+02 1.851955736793608476e-01 1.610368233788979087e-01 0.000000000000000000e+00 0.000000000000000000e+00 6.901329084063663466e-02 8.784661538174792783e-02
1.700000000000000000e+02 2.292981628005179018e-01 2.338492674375218794e-01 0.000000000000000000e+00 0.000000000000000000e+00 9.504333913195983641e-02 7.966565122178562164e-02
1.750000000000000000e+02 1.281220571640702688e-01 1.681166526677881912e-01 0.000000000000000000e+00 0.000000000000000000e+00 7.475218723637210017e-02 9.799634306771849712e-02
1.800000000000000000e+02 1.882159692706268372e-01 2.006703174002151813e-01 0.000000000000000000e+00 0.000000000000000000e+00 6.104292868201043748e-02 8.121078930555991615e-02
1.850000000000000000e+02 9.910340518439900159e-02 1.621302273836258689e-01 0.000000000000000000e+00 0.000000000000000000e+00 8.531559955529342820e-02 8.705378371824733230e-02
1.900000000000000000e+02 1.001123792366370724e-01 1.430471923648442556e-01 0.000000000000000000e+00 0.000000000000000000e+00 4.863345992457154821e-02 9.126250328284594981e-02
1.950000000000000000e+02 1.394378602912203224e-01 3.769125566694030149e-02 0.000000000000000000e+00 0.000000000000000000e+00 6.962749579247233533e-02 1.105790013038124298e-01
2.000000000000000000e+02 1.398665802711051565e-01 1.605693129788983153e-01 0.000000000000000000e+00 0.000000000000000000e+00 7.720260003281993744e-02 7.079939486490922917e-02
2.050000000000000000e+02 1.079194966417625079e-01 4.591566666747606135e-02 0.000000000000000000e+00 0.000000000000000000e+00 7.325474205143105155e-02 5.624513922968644303e-02
2.100000000000000000e+02 1.047084270338444895e-01 1.632343901910049966e-01 0.000000000000000000e+00 0.000000000000000000e+00 1.179686217738237092e-01 5.043153594485516589e-02
2.150000000000000000e+02 7.489775699142613152e-02 7.554382502715280279e-02 0.000000000000000000e+00 0.000000000000000000e+00 7.843042145277803745e-02 1.099324050084188042e-01
2.200000000000000000e+02 2.643492893136478172e-01 2.252404009462486145e-01 1.000000000000000000e+00 0.000000000000000000e+00 5.589463507678558984e-02 7.888316389164669318e-02
2.250000000000000000e+02 1.326043716921589677e-01 1.237526593931479041e-01 0.000000000000000000e+00 0.000000000000000000e+00 7.959891124403060958e-02 7.593227662453902460e-02
2.300000000000000000e+02 1.391780001820802082e-01 6.154916487309042283e-02 0.000000000000000000e+00 0.000000000000000000e+00 6.498733975846029964e-02 7.854460627703720166e-02
2.350000000000000000e+02 1.436118750333331695e-01 3.236112640515012573e-01 0.000000000000000000e+00 0.000000000000000000e+00 6.714108981370013607e-02 1.073592948811120107e-01
2.400000000000000000e+02 3.447379611026315377e-02 1.113341232905291217e-01 0.000000000000000000e+00 0.000000000000000000e+00 6.160697437845315261e-02 8.801692973005327547e-02
2.450000000000000000e+02 1.408137264937174837e-01 8.507304456744817223e-02 0.000000000000000000e+00 0.000000000000000000e+00 5.831661103276019470e-02 5.420568626732409634e-02
2.500000000000000000e+02 8.536511884036471209e-02 2.511655124188742483e-01 0.000000000000000000e+00 0.000000000000000000e+00 9.445763166040291314e-02 9.863266252677375945e-02
2.550000000000000000e+02 1.862510488346598436e-01 2.998462904258002854e-02 0.000000000000000000e+00 0.000000000000000000e+00 7.486432047019683789e-02 7.838923506151873610e-02
2.600000000000000000e+02 1.158486851081670099e-01 1.913568734775958347e-01 0.000000000000000000e+00 0.000000000000000000e+00 9.040972496683426229e-02 7.377383133940819404e-02
2.650000000000000000e+02 6.212106572057598392e-02 9.055186035573674352e-02 0.000000000000000000e+00 0.000000000000000000e+00 7.455317322750600051e-02 6.966004539765299763e-02
2.700000000000000000e+02 9.745104368148582719e-02 1.918784680196359560e-01 0.000000000000000000e+00 0.000000000000000000e+00 7.434566398922212715e-02 8.398261634579473611e-02
2.750000000000000000e+02 5.794995571234053816e-02 1.187470000975691109e-01 0.000000000000000000e+00 0.000000000000000000e+00 7.232218642619010762e-02 7.116352050777390026e-02
2.800000000000000000e+02 7.944802753071403267e-02 2.126500445060713340e-01 0.000000000000000000e+00 0.000000000000000000e+00 5.440114797582007444e-02 8.379395683040925802e-02
2.850000000000000000e+02 2.379394363165285853e-01 1.268976877474909670e-01 0.000000000000000000e+00 0.000000000000000000e+00 1.021190070529990057e-01 9.910662924287592934e-02
2.900000000000000000e+02 4.663907905897798217e-02 7.704915216444852000e-02 0.000000000000000000e+00 0.000000000000000000e+00 8.473420358772471017e-02 5.327476632899848241e-02
2.950000000000000000e+02 1.099424972931943856e-01 1.627355266075558582e-01 0.000000000000000000e+00 0.000000000000000000e+00 6.573187936086630212e-02 8.184857198171623105e-02
3.000000000000000000e+02 1.214200452765125809e-01 1.108811456482087510e-01 0.000000000000000000e+00 0.000000000000000000e+00 9.281511845846732167e-02 5.801073707232898280e-02
3.050000000000000000e+02 9.485972635060427316e-02 2.579843232146540322e-01 0.000000000000000000e+00 0.000000000000000000e+00 1.075573384021443479e-01 1.114601342431341541e-01
3.100000000000000000e+02 2.026425619432302427e-02 1.812344970124778187e-01 0.000000000000000000e+00 0.000000000000000000e+00 6.936572719005652810e-02 6.454693566453525988e-02
3.150000000000000000e+02 2.192355843391673997e-01 3.389356157945405679e-02 0.000000000000000000e+00 0.000000000000000000e+00 6.855756004279410509e-02 5.604212966554435182e-02
3.200000000000000000e+02 2.022689524566006775e-03 1.657293044284141592e-01 0.000000000000000000e+00 0.000000000000000000e+00 4.058280860280955027e-03 8.363056621935290036e-02
3.250000000000000000e+02 4.884156896592806857e-02 2.909069421357569629e-01 0.000000000000000000e+00 0.000000000000000000e+00 7.884061166316685965e-02 9.005312168352232194e-02
3.300000000000000000e+02 1.689031147949578426e-01 1.567991376051462993e-01 0.000000000000000000e+00 0.000000000000000000e+00 5.786871001770742262e-02 5.441434629800402656e-02
3.350000000000000000e+02 7.548226669130336797e-02 2.511931629226830665e-01 0.000000000000000000e+00 0.000000000000000000e+00 6.990720679386026870e-02 8.673589911190573987e-02
3.400000000000000000e+02 9.253042302181389844e-02 1.801260933290463329e-01 0.000000000000000000e+00 0.000000000000000000e+00 5.803255638786430221e-02 7.758757615869012192e-02
3.450000000000000000e+02 1.702933620582190444e-01 1.905554665204423626e-01 0.000000000000000000e+00 0.000000000000000000e+00 7.808031646712232376e-02 6.591599510709789111e-02
3.500000000000000000e+02 1.290718312588646222e-01 3.378179938994576581e-01 0.000000000000000000e+00 1.000000000000000000e+00 5.062799368825044583e-02 8.521629991999148113e-02
3.550000000000000000e+02 1.810881953459721194e-01 1.038780359850663276e-01 0.000000000000000000e+00 0.000000000000000000e+00 7.333342190566158325e-02 1.131690485156927051e-01
3.600000000000000000e+02 1.035722372685409509e-01 1.280302370465812578e-01 0.000000000000000000e+00 0.000000000000000000e+00 7.622584247374654398e-02 8.283225518450197666e-02
3.650000000000000000e+02 2.016960379219598365e-01 1.042402670385328134e-01 0.000000000000000000e+00 0.000000000000000000e+00 5.768751449628548023e-02 9.154010840670662175e-02
3.700000000000000000e+02 1.596815280599107878e-01 2.978172098942778040e-02 0.000000000000000000e+00 0.000000000000000000e+00 6.706200720238895963e-02 1.939173302185113329e-02
3.750000000000000000e+02 1.033693221021726033e-01 3.420865799341890612e-02 0.000000000000000000e+00 0.000000000000000000e+00 5.588077941061544290e-02 7.309117576249700432e-02
3.800000000000000000e+02 9.574016265759041633e-02 2.238925054465890907e-01 0.000000000000000000e+00 0.000000000000000000e+00 5.657150667584814885e-02 7.696376458763301565e-02
3.850000000000000000e+02 4.506490485867108153e-02 1.082771775151518678e-01 0.000000000000000000e+00 0.000000000000000000e+00 2.636795164431670474e-02 8.150880847971103682e-02
3.900000000000000000e+02 1.143844271643323918e-01 1.212803086305519057e-01 0.000000000000000000e+00 0.000000000000000000e+00 7.636383988895686925e-02 6.488264331313375877e-02
3.950000000000000000e+02 1.007959715862843525e-01 1.960221330040263499e-01 0.000000000000000000e+00 0.000000000000000000e+00 5.580220315312484081e-02 8.833742125251509147e-02
4.000000000000000000e+02 2.553821722478947717e-02 2.226190882078328548e-01 0.000000000000000000e+00 0.000000000000000000e+00 1.140260423214547736e-01 6.300739987238825057e-02
4.050000000000000000e+02 1.276391828162000697e-01 1.185421523508692898e-01 0.000000000000000000e+00 0.000000000000000000e+00 5.619180977990077819e-02 9.585956624136944548e-02
4.100000000000000000e+02 6.830430968301645644e-02 1.026143947393651085e-01 0.000000000000000000e+00 0.000000000000000000e+00 8.671591182480549442e-02 9.655796445117716120e-02
4.150000000000000000e+02 3.187135721964768492e-02 1.100827838422518967e-01 0.000000000000000000e+00 0.000000000000000000e+00 6.242744309587102552e-02 7.564478061527027397e-02
4.200000000000000000e+02 8.370950799625374861e-02 7.840519304310752946e-02 0.000000000000000000e+00 0.000000000000000000e+00 5.865358127324619975e-02 7.296932749299304966e-02
4.250000000000000000e+02 0.000000000000000000e+00 1.314921437652859237e-01 0.000000000000000000e+00 0.000000000000000000e+00 0.000000000000000000e+00 7.323854875561845723e-02
4.300000000000000000e+02 3.697588336922703889e-02 1.513617050775838135e-01 0.000000000000000000e+00 0.000000000000000000e+00 5.279120068750642325e-02 8.761122062851489645e-02
4.350000000000000000e+02 9.241114012296076929e-02 1.856817168660193085e-01 0.000000000000000000e+00 0.000000000000000000e+00 7.057371925550713632e-02 1.082914380915598745e-01
4.400000000000000000e+02 7.621161096535700175e-02 1.194893449157651971e-01 0.000000000000000000e+00 0.000000000000000000e+00 5.445574559515139329e-02 8.331801882496629730e-02
4.450000000000000000e+02 3.794604641936504680e-02 1.471460653218642153e-02 0.000000000000000000e+00 0.000000000000000000e+00 3.174679162199978144e-02 1.430808449714887805e-02
4.500000000000000000e+02 8.169542141518403022e-02 1.226284549139999153e-01 0.000000000000000000e+00 0.000000000000000000e+00 8.493252748736210278e-02 7.305629063996139927e-02
4.550000000000000000e+02 1.817552228385129198e-01 2.034988110517021165e-01 0.000000000000000000e+00 0.000000000000000000e+00 6.714440532275565976e-02 8.573520797729382303e-02
4.600000000000000000e+02 0.000000000000000000e+00 1.919850637731359555e-01 0.000000000000000000e+00 0.000000000000000000e+00 0.000000000000000000e+00 8.427897837238122747e-02
4.650000000000000000e+02 9.937613078619630946e-02 1.565522264977296518e-01 0.000000000000000000e+00 0.000000000000000000e+00 1.112311124155271613e-01 9.137987312455018996e-02
4.700000000000000000e+02 4.770341174648386889e-02 1.292962497657985377e-01 0.000000000000000000e+00 0.000000000000000000e+00 6.307054298075030763e-02 9.365353779333976392e-02
4.750000000000000000e+02 1.346980204351483912e-01 1.714017073424303761e-01 0.000000000000000000e+00 0.000000000000000000e+00 7.122031313656858320e-02 6.765743059541461102e-02
4.800000000000000000e+02 1.011474117386322175e-01 1.898516925791665921e-01 0.000000000000000000e+00 0.000000000000000000e+00 9.395309574966476118e-02 6.475612336173859618e-02
4.850000000000000000e+02 1.950394707193981725e-01 4.358698009545407259e-02 0.000000000000000000e+00 0.000000000000000000e+00 8.467411832532964477e-02 9.248821311785120070e-02
4.900000000000000000e+02 1.788907921668825840e-01 7.797522882666398092e-02 0.000000000000000000e+00 0.000000000000000000e+00 5.370550622380402400e-02 9.191178399175149727e-02
4.950000000000000000e+02 1.225061552799564940e-01 1.397260176097328832e-01 0.000000000000000000e+00 0.000000000000000000e+00 8.910134199033079017e-02 8.762698493809865929e-02
