0.000000000000000000e+00 0.000000000000000000e+00 0.000000000000000000e+00 0.000000000000000000e+00 0.000000000000000000e+00 0.000000000000000000e+00 0.000000000000000000e+00
5.000000000000000000e+00 1.153069402485180639e-01 3.454957563327720749e-02 1.000000000000000000e+00 0.000000000000000000e+00 3.135455128716897050e-02 9.414170743349792314e-02
1.000000000000000000e+01 1.348695555582075378e-01 6.388225705735431359e-02 0.000000000000000000e+00 0.000000000000000000e+00 7.779711404112042705e-02 5.856387804653442886e-02
1.500000000000000000e+01 1.455244533267194551e-01 2.368076089959974817e-01 0.000000000000000000e+00 0.000000000000000000e+00 8.215241113694539410e-02 7.282757389262792258e-02
2.000000000000000000e+01 1.098622525968295099e-01 2.091534208528949002e-01 0.000000000000000000e+00 0.000000000000000000e+00 8.124634708859485022e-02 7.031198168832650253e-02
2.500000000000000000e+01 1.376392772653017328e-02 1.732979008371665075e-01 0.000000000000000000e+00 0.000000000000000000e+00 3.251458566330403532e-02 7.890586014140556215e-02
3.000000000000000000e+01 2.180150903413466124e-01 2.851876953080027532e-01 0.000000000000000000e+00 0.000000000000000000e+00 9.872864423934028799e-02 1.127266237286169565e-01
3.500000000000000000e+01 7.695389699545489293e-02 2.009064326039139148e-01 0.000000000000000000e+00 1.000000000000000000e+00 8.545328229624576943e-02 5.075430047125624455e-02
4.000000000000000000e+01 9.835868851173343308e-02 2.683802469302022375e-01 0.000000000000000000e+00 0.000000000000000000e+00 9.270831699046537533e-02 9.339133446875889921e-02
4.500000000000000000e+01 1.001509794992201385e-01 3.264319719419430110e-01 0.000000000000000000e+00 1.000000000000000000e+00 4.871394656793037736e-02 8.347452872922549172e-02
5.000000000000000000e+01 5.486820238994340876e-02 9.575198854007063720e-02 0.000000000000000000e+00 0.000000000000000000e+00 6.780778918016251711e-02 7.711335571000800526e-02
5.500000000000000000e+01 9.777365192765366531e-02 3.762426984798036278e-01 0.000000000000000000e+00 1.000000000000000000e+00 6.867907932737432608e-02 7.485970316957218929e-02
6.000000000000000000e+01 2.011016700137179536e-01 3.418539707464642863e-01 0.000000000000000000e+00 0.000000000000000000e+00 8.225931582358021743e-02 9.559632631462240682e-02
6.500000000000000000e+01 1.196172702768189267e-01 2.690848079797039660e-01 0.000000000000000000e+00 0.000000000000000000e+00 8.699480095872991203e-02 1.123694243295412648e-01
7.000000000000000000e+01 4.761565615890150233e-03 1.900553671690402291e-01 0.000000000000000000e+00 0.000000000000000000e+00 9.670562211003159991e-03 8.357531524791265987e-02
7.500000000000000000e+01 1.232370457601769784e-04 3.531221582798079739e-01 0.000000000000000000e+00 1.000000000000000000e+00 6.767046029932770324e-03 6.408796000922435676e-02
8.000000000000000000e+01 5.954432193827657871e-02 1.736623180231410823e-01 0.000000000000000000e+00 0.000000000000000000e+00 3.688815462243191790e-02 8.239172784455019161e-02
8.500000000000000000e+01 1.540168877574331352e-01 9.674688901309810851e-02 0.000000000000000000e+00 0.000000000000000000e+00 8.306744205821084415e-02 6.092418194559336836e-02
9.000000000000000000e+01 8.803180539280833217e-02 2.120634947213067001e-01 0.000000000000000000e+00 0.000000000000000000e+00 7.749268170812691203e-02 1.119978290652372116e-01
9.500000000000000000e+01 1.825845729486419711e-01 1.262391262173368500e-01 0.000000000000000000e+00 0.000000000000000000e+00 7.961439661045160987e-02 1.016274778731707934e-01
1.000000000000000000e+02 1.221945173531091555e-01 1.955287857491173065e-01 0.000000000000000000e+00 0.000000000000000000e+00 6.211638994455170870e-02 8.514981786894590399e-02
1.050000000000000000e+02 2.000159072850928865e-01 2.378361563070268136e-01 0.000000000000000000e+00 0.000000000000000000e+00 7.199005743030902071e-02 6.836959392822399006e-02
1.100000000000000000e+02 1.754942383980726828e-01 2.243312905506085753e-01 0.000000000000000000e+00 0.000000000000000000e+00 8.883991450895101227e-02 9.250764715481493705e-02
1.150000000000000000e+02 8.456944950768997479e-03 3.759429938241535263e-01 0.000000000000000000e+00 0.000000000000000000e+00 4.490995793201095314e-03 1.337471938494106116e-01
1.200000000000000000e+02 1.513467443761800368e-01 3.220477573581106978e-01 0.000000000000000000e+00 0.000000000000000000e+00 8.172807869789056046e-02 1.014504835327805499e-01
1.250000000000000000e+02 1.117010076085001857e-01 9.213629804684750346e-02 0.000000000000000000e+00 0.000000000000000000e+00 7.038070837673379709e-02 8.514663483112418219e-02
1.300000000000000000e+02 9.236605847594413221e-02 1.021285297582775475e-01 0.000000000000000000e+00 0.000000000000000000e+00 5.160811471599000694e-02 1.091895509526713826e-01
1.350000000000000000e+02 1.436327140698231419e-01 2.300502410654622076e-01 0.000000000000000000e+00 0.000000000000000000e+00 7.289583638149771394e-02 1.038303718022570016e-01
1.400000000000000000e+02 1.576740230403134990e-01 1.556801117450549166e-01 0.000000000000000000e+00 0.000000000000000000e+00 8.497694821677918842e-02 8.578903047856543951e-02
1.450000000000000000e+02 1.577779386868907452e-01 1.476589928442651467e-01 0.000000000000000000e+00 0.000000000000000000e+00 7.595417359293422932e-02 1.187876106077063038e-01
1.500000000000000000e+02 1.763359774993132345e-01 2.589785313776732933e-01 0.000000000000000000e+00 0.000000000000000000e+00 9.452379114392507609e-02 9.530958518847386374e-02
1.550000000000000000e+02 2.000146668757950968e-02 2.240831402368580749e-01 0.000000000000000000e+00 0.000000000000000000e+00 5.178998540338016626e-02 9.207846266450274431e-02
1.600000000000000000e+02 1.072560656706401244e-01 1.085742672757625121e-01 0.000000000000000000e+00 0.000000000000000000e+00 5.713300427275720683e-02 1.099627353624458154e-01
1.650000000000000000e+02 2.286942461915296154e-01 2.695142457590884444e-01 0.000000000000000000e+00 0.000000000000000000e+00 9.135543827262046501e-02 9.980731479798410355e-02
1.700000000000000000e+02 9.341755245330514434e-02 2.392524421234733523e-01 0.000000000000000000e+00 0.000000000000000000e+00 8.953336897209801526e-02 6.707323544121016057e-02
1.750000000000000000e+02 1.763698984115298352e-01 1.524114985697489488e-01 0.000000000000000000e+00 0.000000000000000000e+00 6.941025225590034820e-02 8.163192657387347007e-02
1.800000000000000000e+02 8.266632626334680101e-02 2.787460688509132423e-01 0.000000000000000000e+00 0.000000000000000000e+00 6.227780654397931798e-02 8.350884691461736564e-02
1.850000000000000000e+02 1.362898226136893265e-01 1.804341052716070815e-01 0.000000000000000000e+00 0.000000000000000000e+00 9.018937884493405388e-02 6.961386075967042342e-02
1.900000000000000000e+02 1.429941261052850299e-01 2.586374450686068638e-01 0.000000000000000000e+00 0.000000000000000000e+00 1.180371644553498967e-01 7.396839846043300193e-02
1.950000000000000000e+02 1.006741122503977126e-01 9.712458594920883592e-02 0.000000000000000000e+00 0.000000000000000000e+00 6.855791820439589845e-02 8.226141081303228741e-02
2.000000000000000000e+02 1.170894566848293059e-02 3.117127999896397994e-01 0.000000000000000000e+00 0.000000000000000000e+00 6.300153997892572744e-02 9.403158299937701414e-02
2.050000000000000000e+02 1.261448414938394491e-01 1.973659537873823644e-01 0.000000000000000000e+00 0.000000000000000000e+00 6.020082376702313998e-02 1.041637718870820767e-01
2.100000000000000000e+02 1.639650494043266293e-01 1.701446678459514195e-01 0.000000000000000000e+00 0.000000000000000000e+00 7.130977445061185971e-02 7.374397823810920072e-02
2.150000000000000000e+02 4.101142712970200221e-02 2.157688400910316717e-01 0.000000000000000000e+00 0.000000000000000000e+00 3.982384632400873953e-02 1.008262376503282765e-01
2.200000000000000000e+02 2.174857811080762870e-01 2.053438021919533618e-01 0.000000000000000000e+00 0.000000000000000000e+00 8.826119568270304749e-02 7.853728547275808103e-02
2.250000000000000000e+02 4.922064889906987289e-02 1.251146330989126310e-01 0.000000000000000000e+00 0.000000000000000000e+00 7.710804041638309736e-02 8.517022898210691029e-02
2.300000000000000000e+02 2.225513627871574251e-01 1.561290659479475929e-01 1.000000000000000000e+00 0.000000000000000000e+00 5.530707275254676675e-02 5.741007705251266469e-02
2.350000000000000000e+02 7.662687025666911622e-02 2.082208149725332247e-01 0.000000000000000000e+00 0.000000000000000000e+00 3.397146317602657561e-02 9.886440049206748903e-02
2.400000000000000000e+02 3.655322798745191948e-02 1.376433482357250770e-01 0.000000000000000000e+00 0.000000000000000000e+00 2.894567260836609923e-02 1.074782527834759333e-01
2.450000000000000000e+02 1.483940936851610437e-01 8.975250264920438259e-02 0.000000000000000000e+00 0.000000000000000000e+00 8.969000210485413016e-02 7.217348605944400031e-02
2.500000000000000000e+02 9.250131161839907079e-02 1.743341774072201811e-01 0.000000000000000000e+00 0.000000000000000000e+00 9.641521046766807213e-02 6.637839257501605694e-02
2.550000000000000000e+02 9.581451173547059219e-02 1.581494849476648978e-01 0.000000000000000000e+00 0.000000000000000000e+00 7.081795615790288656e-02 7.880143513004661537e-02
2.600000000000000000e+02 1.158177727191011669e-01 1.563120086414533094e-01 0.000000000000000000e+00 0.000000000000000000e+00 6.447137963599543220e-02 8.133322555700148171e-02
2.650000000000000000e+02 4.786484641243624744e-02 1.132736094807441640e-01 0.000000000000000000e+00 0.000000000000000000e+00 8.227008389833614932e-02 8.310044754492081076e-02
2.700000000000000000e+02 5.246334579806832821e-02 1.741518415984533441e-01 0.000000000000000000e+00 0.000000000000000000e+00 4.853160475299170967e-02 5.801330425395559431e-02
2.750000000000000000e+02 2.630138942378818998e-02 1.442397684876411679e-01 0.000000000000000000e+00 0.000000000000000000e+00 9.032046358494033589e-02 6.468531779603893528e-02
2.800000000000000000e+02 1.518475181366852299e-02 1.611470109643249049e-01 0.000000000000000000e+00 0.000000000000000000e+00 1.440358514024114509e-02 7.626236614310202833e-02
2.850000000000000000e+02 1.473788778458363057e-02 1.185725515065040037e-01 0.000000000000000000e+00 0.000000000000000000e+00 5.204098193955142282e-02 9.208811075705215787e-02
2.900000000000000000e+02 8.207998824201155619e-02 1.834688235910137688e-01 0.000000000000000000e+00 0.000000000000000000e+00 7.319556368000039448e-02 6.736450910065297504e-02
2.950000000000000000e+02 2.853598155439508038e-02 1.130927912286531223e-01 0.000000000000000000e+00 0.000000000000000000e+00 6.690876422731290019e-02 7.349010048554933949e-02
3.000000000000000000e+02 1.338575772146732012e-01 1.442644079849165761e-01 0.000000000000000000e+00 0.000000000000000000e+00 5.847254759944380681e-02 8.742042705451344431e-02
3.050000000000000000e+02 1.234498072085095099e-01 2.637123593294226076e-01 0.000000000000000000e+00 0.000000000000000000e+00 7.607840977660683401e-02 7.420940298110571820e-02
3.100000000000000000e+02 2.198033749225073719e-01 2.088263312898717139e-01 0.000000000000000000e+00 0.000000000000000000e+00 7.959397293974337928e-02 9.737941616184897509e-02
3.150000000000000000e+02 0.000000000000000000e+00 4.574350697308728064e-02 0.000000000000000000e+00 0.000000000000000000e+00 0.000000000000000000e+00 8.007880722339190405e-02
3.200000000000000000e+02 7.086041515762063654e-03 1.416064347355265596e-01 0.000000000000000000e+00 0.000000000000000000e+00 1.322477247431237679e-02 6.986625577444527391e-02
3.250000000000000000e+02 1.431484710361089208e-01 2.231142784200819684e-01 0.000000000000000000e+00 0.000000000000000000e+00 8.017437294421794758e-02 6.304374075956428736e-02
3.300000000000000000e+02 1.052016826904844660e-01 1.505660553483015029e-01 0.000000000000000000e+00 0.000000000000000000e+00 5.809378849618826446e-02 9.056600569691904135e-02
3.350000000000000000e+02 1.396252592028315587e-01 3.536401286747140604e-01 0.000000000000000000e+00 1.000000000000000000e+00 7.939828499083757818e-02 9.135112095219681538e-02
3.400000000000000000e+02 9.406474894877420168e-02 1.958561615963926583e-01 0.000000000000000000e+00 0.000000000000000000e+00 6.533572032769788263e-02 7.837379314952346021e-02
3.450000000000000000e+02 7.469352566224615741e-02 1.982458258600338641e-01 0.000000000000000000e+00 0.000000000000000000e+00 7.432092806859796896e-02 8.332000991565981229e-02
3.500000000000000000e+02 1.406655479883906212e-01 2.181768448981902808e-01 0.000000000000000000e+00 0.000000000000000000e+00 4.322546684966126207e-02 8.731841364994778754e-02
3.550000000000000000e+02 7.042250286917400848e-02 5.186904811337848809e-02 0.000000000000000000e+00 0.000000000000000000e+00 1.085130723250248286e-01 6.535554160346300490e-02
3.600000000000000000e+02 1.727814265171414010e-01 9.693903825284312659e-02 0.000000000000000000e+00 0.000000000000000000e+00 5.538197906864668341e-02 8.740428209508348256e-02
3.650000000000000000e+02 1.735765435688710057e-01 2.172629887057639930e-01 0.000000000000000000e+00 0.000000000000000000e+00 1.050919967849015257e-01 1.048711657255017443e-01
3.700000000000000000e+02 1.084824701038512584e-01 1.858246301288408314e-02 0.000000000000000000e+00 0.000000000000000000e+00 5.090582754361193396e-02 4.451173702039930985e-02
3.750000000000000000e+02 4.444878434481796398e-02 1.717155618984817500e-01 0.000000000000000000e+00 0.000000000000000000e+00 6.963800996324161219e-02 6.841064132722630975e-02
3.800000000000000000e+02 1.276940775718749810e-01 2.016878170442228946e-01 0.000000000000000000e+00 0.000000000000000000e+00 7.637098610856224434e-02 9.658516892704968604e-02
3.850000000000000000e+02 7.275945699179227344e-02 9.029628209235684988e-02 0.000000000000000000e+00 0.000000000000000000e+00 7.381092081469932398e-02 5.004983112328645345e-02
3.900000000000000000e+02 5.312888383848940466e-02 9.968170849497050290e-02 0.000000000000000000e+00 0.000000000000000000e+00 6.104262944423233250e-02 5.864513657858092671e-02
3.950000000000000000e+02 3.522916844058036206e-02 1.522182599214775833e-01 0.000000000000000000e+00 0.000000000000000000e+00 6.807302101242576620e-02 8.225918266191759032e-02
4.000000000000000000e+02 9.465626568020649168e-02 2.090583167542903187e-01 0.000000000000000000e+00 0.000000000000000000e+00 6.940557745277922685e-02 8.537510556447679144e-02
4.050000000000000000e+02 1.340724327068066046e-01 2.319394734979673134e-01 0.000000000000000000e+00 0.000000000000000000e+00 8.223780130616095696e-02 8.791266184218360369e-02
4.100000000000000000e+02 6.596659602884082877e-04 1.016410573175195731e-01 0.000000000000000000e+00 0.000000000000000000e+00 4.327391401704938287e-03 8.274465299546256147e-02
4.150000000000000000e+02 8.794560815746516047e-02 2.421687296220701169e-01 0.000000000000000000e+00 0.000000000000000000e+00 5.178434463574072000e-02 9.973137505303875106e-02
4.200000000000000000e+02 7.841991083222173142e-02 5.013865592238756635e-02 0.000000000000000000e+00 0.000000000000000000e+00 6.902596184541165414e-02 7.809189800823254646e-02
4.250000000000000000e+02 2.163400375218630933e-01 1.595845085043433587e-01 0.000000000000000000e+00 0.000000000000000000e+00 6.965697461943870517e-02 1.001135940201361152e-01
4.300000000000000000e+02 1.187883894191401196e-01 1.088705075360167224e-01 0.000000000000000000e+00 0.000000000000000000e+00 7.978874720399260767e-02 6.365566596456295745e-02
4.350000000000000000e+02 1.227555526396298252e-01 1.133302220078588468e-01 0.000000000000000000e+00 0.000000000000000000e+00 6.011100247681445963e-02 9.023415704022642869e-02
4.400000000000000000e+02 1.046359761845448294e-01 1.009327218403628101e-01 0.000000000000000000e+00 0.000000000000000000e+00 7.868992322068357748e-02 7.358276542859050473e-02
4.450000000000000000e+02 1.334516982479666269e-01 8.553836064880457335e-02 0.000000000000000000e+00 0.000000000000000000e+00 1.022678126206899851e-01 8.530728916271898554e-02
4.500000000000000000e+02 1.009137902514214147e-01 1.814612806050705240e-01 0.000000000000000000e+00 0.000000000000000000e+00 6.326230894163696605e-02 1.001362162515863213e-01
4.550000000000000000e+02 1.027887694226575083e-01 1.392499584837187387e-01 0.000000000000000000e+00 0.000000000000000000e+00 8.081868934698856199e-02 5.038113214605016710e-02
4.600000000000000000e+02 4.711043773061942413e-02 2.148410214036405308e-01 0.000000000000000000e+00 0.000000000000000000e+00 8.642825498086202651e-02 1.039342884216223617e-01
4.650000000000000000e+02 1.297986382927462379e-01 1.879338693892426138e-01 0.000000000000000000e+00 0.000000000000000000e+00 6.219660008723176814e-02 7.604046172745536347e-02
4.700000000000000000e+02 1.292353150648903048e-01 1.949831615561201104e-01 0.000000000000000000e+00 0.000000000000000000e+00 7.792336558155114890e-02 9.086797295203848102e-02
4.750000000000000000e+02 1.136118691314090198e-02 1.542119980876138219e-01 0.000000000000000000e+00 0.000000000000000000e+00 2.112052955846561303e-02 9.520092464701619683e-02
4.800000000000000000e+02 3.263991880403457196e-02 1.223732188985350022e-01 0.000000000000000000e+00 0.000000000000000000e+00 6.292267219065067474e-02 7.647071362843663178e-02
4.850000000000000000e+02 9.228831973232254349e-02 7.356352751529962597e-02 0.000000000000000000e+00 0.000000000000000000e+00 7.728347153149107973e-02 8.527883403394186101e-02
4.900000000000000000e+02 1.477293711540057231e-01 1.741267349147056498e-01 0.000000000000000000e+00 0.000000000000000000e+00 7.774640851497760519e-02 6.987447876242389166e-02
4.950000000000000000e+02 1.583046575520578869e-01 2.392926961502640087e-02 0.000000000000000000e+00 0.000000000000000000e+00 7.158146859561968778e-02 7.554823090789287987e-02
