0.000000000000000000e+00 0.000000000000000000e+00 0.000000000000000000e+00 0.000000000000000000e+00 0.000000000000000000e+00 0.000000000000000000e+00 0.000000000000000000e+00
5.000000000000000000e+00 2.409437854277224067e-01 2.037817561171880454e-01 0.000000000000000000e+00 0.000000000000000000e+00 8.966672504605863181e-02 7.244534870739938182e-02
1.000000000000000000e+01 3.418313410221676119e-01 2.231302437413053286e-01 1.000000000000000000e+00 0.000000000000000000e+00 8.796667690125796468e-02 7.918096811118810474e-02
1.500000000000000000e+01 1.925889865168474990e-01 2.308123767051896424e-01 0.000000000000000000e+00 0.000000000000000000e+00 8.571706733947588586e-02 6.743563382565419262e-02
2.000000000000000000e+01 3.288993389859949934e-01 2.204884609940647722e-01 1.000000000000000000e+00 0.000000000000000000e+00 6.288615660949842256e-02 8.033367064717890360e-02
2.500000000000000000e+01 2.332241123399360627e-01 2.896824175045077943e-01 0.000000000000000000e+00 0.000000000000000000e+00 1.041270586465934261e-01 1.041029627612013592e-01
3.000000000000000000e+01 2.997694719785859441e-01 2.543063829493928951e-01 1.000000000000000000e+00 0.000000000000000000e+00 6.247266833995753638e-02 1.050349849513120687e-01
3.500000000000000000e+01 2.436101796996426594e-01 2.196777525971366496e-01 1.000000000000000000e+00 0.000000000000000000e+00 5.072238471896810957e-02 7.149579288651294884e-02
4.000000000000000000e+01 1.190447886778730896e-01 3.292418030599381651e-01 0.000000000000000000e+00 0.000000000000000000e+00 5.723428564306345945e-02 1.000531313178240067e-01
4.500000000000000000e+01 2.574573810152152031e-01 4.381261445027396784e-01 1.000000000000000000e+00 1.000000000000000000e+00 4.562931600468803084e-02 1.078671893373610025e-01
5.000000000000000000e+01 1.565145376295413726e-01 1.745072866879400775e-01 0.000000000000000000e+00 0.000000000000000000e+00 7.712652138217201969e-02 1.093910977194980649e-01
5.500000000000000000e+01 2.035591246423855138e-01 2.459171065018714020e-01 0.000000000000000000e+00 0.000000000000000000e+00 7.061822922293506388e-02 1.052680608461203232e-01
6.000000000000000000e+01 3.110958860065909382e-01 3.977279988307702574e-01 1.000000000000000000e+00 1.000000000000000000e+00 8.145194525293135424e-02 9.867867125335343104e-02
6.500000000000000000e+01 2.684035981185352027e-01 3.016593332758778501e-01 0.000000000000000000e+00 1.000000000000000000e+00 8.950056308001955174e-02 8.305443740145125597e-02
7.000000000000000000e+01 1.119691656200790392e-01 2.803938211814545611e-01 0.000000000000000000e+00 0.000000000000000000e+00 4.516885705571920678e-02 9.554681645533635859e-02
7.500000000000000000e+01 1.543427704932563704e-01 3.281131569259866376e-01 0.000000000000000000e+00 1.000000000000000000e+00 6.551663131151708175e-02 8.897377874503498152e-02
8.000000000000000000e+01 2.546579086203993869e-01 3.079332304150821931e-01 0.000000000000000000e+00 0.000000000000000000e+00 8.341805527655529739e-02 1.123563932563692164e-01
8.500000000000000000e+01 2.048586959341750779e-01 2.192129695827856328e-01 0.000000000000000000e+00 0.000000000000000000e+00 6.074796396294641909e-02 1.083026641631849307e-01
9.000000000000000000e+01 1.754575107991553362e-01 2.509418718926649250e-01 0.000000000000000000e+00 0.000000000000000000e+00 7.876256117407896828e-02 1.188620524401191592e-01
9.500000000000000000e+01 7.316542026378694552e-02 2.914025691555385822e-01 0.000000000000000000e+00 1.000000000000000000e+00 6.387298374517251520e-02 6.436459484748606463e-02
1.000000000000000000e+02 2.413416538501521047e-01 3.184893945464506992e-01 0.000000000000000000e+00 0.000000000000000000e+00 8.833350230639921974e-02 9.988100516645663507e-02
1.050000000000000000e+02 1.876390244453150780e-01 3.676021260302699267e-01 1.000000000000000000e+00 1.000000000000000000e+00 5.189857073901524981e-02 7.947359646189962323e-02
1.100000000000000000e+02 1.133719376337847945e-01 8.887390502238644296e-02 0.000000000000000000e+00 0.000000000000000000e+00 8.122719622319345134e-02 1.092968950475343565e-01
1.150000000000000000e+02 2.697321563157069613e-01 2.969950611979580435e-01 0.000000000000000000e+00 0.000000000000000000e+00 8.639514563640680878e-02 1.140811452888086663e-01
1.200000000000000000e+02 2.527635514581678122e-01 2.293592008007573901e-01 1.000000000000000000e+00 0.000000000000000000e+00 6.950856956653089780e-02 9.731245778468942953e-02
1.250000000000000000e+02 4.749460143765586728e-02 1.969305612295056962e-01 0.000000000000000000e+00 0.000000000000000000e+00 5.755738141617876280e-02 1.143337198155711110e-01
1.300000000000000000e+02 2.563926461983915273e-01 1.482145493640943668e-01 1.000000000000000000e+00 0.000000000000000000e+00 5.259824450389027212e-02 1.185542777440382750e-01
1.350000000000000000e+02 2.755878647423115058e-01 3.006427257808784725e-01 1.000000000000000000e+00 0.000000000000000000e+00 5.660934108344239241e-02 1.148542047608019367e-01
1.400000000000000000e+02 2.096578576350772438e-01 2.419307157720028134e-01 0.000000000000000000e+00 0.000000000000000000e+00 7.350268364377632313e-02 1.021827631805112546e-01
1.450000000000000000e+02 1.155582371271333120e-01 1.357514831806282962e-01 0.000000000000000000e+00 0.000000000000000000e+00 8.528423840599472228e-02 1.101459854378184777e-01
1.500000000000000000e+02 1.308431245231379547e-01 1.515884525001445771e-01 0.000000000000000000e+00 0.000000000000000000e+00 7.710618117453785225e-02 5.680627874181216896e-02
1.550000000000000000e+02 1.680261610068699007e-01 2.072855836715906397e-01 0.000000000000000000e+00 0.000000000000000000e+00 4.902227168408408720e-02 9.462093383319906958e-02
1.600000000000000000e+02 2.322851568463810135e-01 1.572227029994903158e-01 0.000000000000000000e+00 0.000000000000000000e+00 7.207205976857497531e-02 7.057544144474646453e-02
1.650000000000000000e+02 1.531625313444306413e-01 1.430594544604466556e-01 0.000000000000000000e+00 0.000000000000000000e+00 9.125321074336820160e-02 9.157837272928022465e-02
1.700000000000000000e+02 1.450223461983954354e-01 2.232043414957432803e-01 0.000000000000000000e+00 1.000000000000000000e+00 9.624725197071487548e-02 5.441305589397221754e-02
1.750000000000000000e+02 2.218110098743226732e-01 2.023190462594101346e-01 0.000000000000000000e+00 0.000000000000000000e+00 1.032758179167795470e-01 9.290194889223743480e-02
1.800000000000000000e+02 2.297628702233553422e-01 1.776519607630045461e-01 0.000000000000000000e+00 0.000000000000000000e+00 9.207915510682133930e-02 5.918308101912370806e-02
1.850000000000000000e+02 1.147977586831760710e-01 2.580068423612054684e-01 0.000000000000000000e+00 0.000000000000000000e+00 7.826525799241523806e-02 1.022578550479898568e-01
1.900000000000000000e+02 1.075146912648327485e-01 1.588928333861692743e-01 0.000000000000000000e+00 0.000000000000000000e+00 7.143577004416430676e-02 1.012288808095322262e-01
1.950000000000000000e+02 1.438934591789323425e-01 1.188958937636549751e-01 0.000000000000000000e+00 0.000000000000000000e+00 7.555140786456143731e-02 8.598193388243804969e-02
2.000000000000000000e+02 2.443289382103370766e-01 1.589076280180287126e-01 0.000000000000000000e+00 0.000000000000000000e+00 7.838173147523944118e-02 8.669815153924330386e-02
2.050000000000000000e+02 1.567195062004084205e-01 1.386411313679850321e-01 0.000000000000000000e+00 0.000000000000000000e+00 6.215589281382441489e-02 9.447124973373298429e-02
2.100000000000000000e+02 2.187327985543331133e-01 2.055753825055195438e-01 0.000000000000000000e+00 0.000000000000000000e+00 8.980757943752362693e-02 5.761765837877159263e-02
2.150000000000000000e+02 1.329033383952423208e-01 2.669066958475751483e-01 0.000000000000000000e+00 0.000000000000000000e+00 9.681692015102508209e-02 1.144598996313448830e-01
2.200000000000000000e+02 1.558958880701625249e-01 2.011815738926405750e-01 0.000000000000000000e+00 0.000000000000000000e+00 9.331562090222897399e-02 8.288608592038394784e-02
2.250000000000000000e+02 5.936718429952032861e-02 2.830137474573670708e-01 0.000000000000000000e+00 0.000000000000000000e+00 5.848453984978382869e-02 9.091563566005991803e-02
2.300000000000000000e+02 1.316064063014901475e-01 1.825831680581191940e-01 0.000000000000000000e+00 1.000000000000000000e+00 8.563548371717846774e-02 5.067035449121785884e-02
2.350000000000000000e+02 1.216944290772404846e-01 3.276425319650308476e-01 0.000000000000000000e+00 0.000000000000000000e+00 4.472991364105045886e-02 1.014930134981411602e-01
2.400000000000000000e+02 1.470036564045122396e-01 1.920324638656114025e-01 0.000000000000000000e+00 0.000000000000000000e+00 7.033139634564147813e-02 9.491510318045513761e-02
2.450000000000000000e+02 1.869612615912271125e-01 2.235334458996513507e-01 0.000000000000000000e+00 0.000000000000000000e+00 8.353808334401714719e-02 8.182491578524681008e-02
2.500000000000000000e+02 1.734554443738407503e-01 2.593241076376374132e-01 0.000000000000000000e+00 0.000000000000000000e+00 9.588889765347309579e-02 1.281393355327966888e-01
2.550000000000000000e+02 2.419126607912210347e-01 1.593135490845343921e-02 1.000000000000000000e+00 0.000000000000000000e+00 5.668981371940178676e-02 3.055848438530478842e-02
2.600000000000000000e+02 7.198376666605393881e-02 2.274012636737247628e-01 0.000000000000000000e+00 0.000000000000000000e+00 8.385759634994370548e-02 8.476054916504680015e-02
2.650000000000000000e+02 1.510317255034411554e-01 2.171986958777323840e-01 0.000000000000000000e+00 0.000000000000000000e+00 5.871364616596785185e-02 9.037151274450411220e-02
2.700000000000000000e+02 1.101114541693910265e-01 2.131463448410278461e-01 0.000000000000000000e+00 0.000000000000000000e+00 6.768043895587372294e-02 8.290722076452514133e-02
2.750000000000000000e+02 1.561763116014924235e-01 2.052796309592996027e-01 0.000000000000000000e+00 0.000000000000000000e+00 7.733252079507629828e-02 6.529919927436100835e-02
2.800000000000000000e+02 1.670035058216168822e-01 1.665153169504353659e-01 0.000000000000000000e+00 0.000000000000000000e+00 9.881768985739547428e-02 8.439498791697939983e-02
2.850000000000000000e+02 3.161536982922889122e-02 1.897200589964566642e-01 0.000000000000000000e+00 0.000000000000000000e+00 1.925984774080214193e-02 1.049277554286211916e-01
2.900000000000000000e+02 7.393550937196681494e-02 1.318687826535034358e-01 0.000000000000000000e+00 0.000000000000000000e+00 9.938888579613826268e-02 8.247664324011638737e-02
2.950000000000000000e+02 9.268229929620884489e-02 1.274694457451542307e-01 0.000000000000000000e+00 0.000000000000000000e+00 6.889203632996668270e-02 7.183228732381988224e-02
3.000000000000000000e+02 1.169389142868798165e-01 1.545558394013277770e-01 0.000000000000000000e+00 0.000000000000000000e+00 7.809071490021218809e-02 8.599730757414410232e-02
3.050000000000000000e+02 1.055731256800500895e-01 2.996356074313312190e-01 0.000000000000000000e+00 0.000000000000000000e+00 5.077765677072795109e-02 9.605620981792122037e-02
3.100000000000000000e+02 2.446020255378072716e-01 2.050389727920085559e-01 1.000000000000000000e+00 0.000000000000000000e+00 6.477095199882419718e-02 7.814296270180282056e-02
3.150000000000000000e+02 1.867129977401241481e-01 9.027006057311458276e-02 0.000000000000000000e+00 0.000000000000000000e+00 6.411103320955877094e-02 7.674549244551315264e-02
3.200000000000000000e+02 1.130313214575085212e-01 2.055444853146622397e-01 0.000000000000000000e+00 0.000000000000000000e+00 8.740569323663652246e-02 6.119357446263617301e-02
3.250000000000000000e+02 1.706946087081308017e-01 3.133925088971573070e-01 0.000000000000000000e+00 1.000000000000000000e+00 8.610277714740621757e-02 8.270780508829779498e-02
3.300000000000000000e+02 1.385355610235448343e-01 9.114859923835076649e-02 0.000000000000000000e+00 0.000000000000000000e+00 8.247907265586534864e-02 6.741644886649590662e-02
3.350000000000000000e+02 1.283126333478520620e-01 3.202756628050647536e-01 0.000000000000000000e+00 1.000000000000000000e+00 8.598895876150206008e-02 6.907707037088971214e-02
3.400000000000000000e+02 1.712546447193341037e-01 1.957628992744328000e-01 0.000000000000000000e+00 0.000000000000000000e+00 8.745900675112353029e-02 9.213634762014713542e-02
3.450000000000000000e+02 7.638266627644557660e-02 1.904866630170979624e-01 0.000000000000000000e+00 0.000000000000000000e+00 6.369271926109751347e-02 7.216744652521714376e-02
3.500000000000000000e+02 1.442379938986918519e-01 2.194856717379221611e-01 0.000000000000000000e+00 1.000000000000000000e+00 8.703539473271698634e-02 5.763378832490548276e-02
3.550000000000000000e+02 7.418401914353896232e-02 1.389279196458589605e-01 0.000000000000000000e+00 0.000000000000000000e+00 9.564416773142735140e-02 9.764717438139704220e-02
3.600000000000000000e+02 2.109936047777617729e-01 5.572977720975783728e-02 0.000000000000000000e+00 0.000000000000000000e+00 9.290639297738666202e-02 1.001299707991747945e-01
3.650000000000000000e+02 2.402047917241022790e-01 2.336061988266633915e-01 1.000000000000000000e+00 0.000000000000000000e+00 5.776218536691491573e-02 9.512258465192974244e-02
3.700000000000000000e+02 1.925785809417814298e-01 8.446347447535494657e-02 0.000000000000000000e+00 0.000000000000000000e+00 7.510319702605752767e-02 5.762003563375873300e-02
3.750000000000000000e+02 1.592500357974783454e-01 1.708204856422797235e-01 0.000000000000000000e+00 0.000000000000000000e+00 1.053384986715527882e-01 8.303745139897286687e-02
3.800000000000000000e+02 8.404915918023354166e-03 1.000895529015388280e-01 0.000000000000000000e+00 0.000000000000000000e+00 6.194900780312745381e-02 7.825460250685717378e-02
3.850000000000000000e+02 5.993197057707820574e-02 1.026183605639101187e-01 0.000000000000000000e+00 0.000000000000000000e+00 4.731566884512788951e-02 6.077445638831378144e-02
3.900000000000000000e+02 1.960035582900359896e-01 2.245215925829117665e-01 0.000000000000000000e+00 0.000000000000000000e+00 9.100771349837130653e-02 8.699043775445507165e-02
3.950000000000000000e+02 7.193640905966575128e-02 1.802014245395739123e-01 0.000000000000000000e+00 0.000000000000000000e+00 6.893700412457462456e-02 9.150468820575374806e-02
4.000000000000000000e+02 2.286774728669023760e-01 2.380603692854656450e-01 0.000000000000000000e+00 0.000000000000000000e+00 8.004419226315764857e-02 1.067711464385045217e-01
4.050000000000000000e+02 2.036080342501541407e-01 2.377453487175895663e-01 0.000000000000000000e+00 0.000000000000000000e+00 5.884129562520038631e-02 1.088767161542859990e-01
4.100000000000000000e+02 1.820764770651606967e-01 2.958511876338087987e-01 0.000000000000000000e+00 0.000000000000000000e+00 1.041699054211537995e-01 8.934343494429855537e-02
4.150000000000000000e+02 1.868777934788668493e-01 1.956452519627745745e-01 0.000000000000000000e+00 0.000000000000000000e+00 6.188034932044570585e-02 9.268752177262343239e-02
4.200000000000000000e+02 1.133937972652143966e-01 1.710422630982856573e-01 0.000000000000000000e+00 0.000000000000000000e+00 5.997584874175880543e-02 8.893206765629176058e-02
4.250000000000000000e+02 1.827237408526022344e-01 2.191986821179952583e-01 0.000000000000000000e+00 0.000000000000000000e+00 7.411702554490212647e-02 1.060855832462750947e-01
4.300000000000000000e+02 2.156976718351880928e-01 2.695388323298640865e-01 0.000000000000000000e+00 0.000000000000000000e+00 9.700425349661662144e-02 1.111978852930461670e-01
4.350000000000000000e+02 1.224021581573313533e-01 1.579740225597951464e-01 0.000000000000000000e+00 0.000000000000000000e+00 7.586164924836458212e-02 8.318695015064474230e-02
4.400000000000000000e+02 1.585741068488761008e-01 6.905709666992494722e-02 0.000000000000000000e+00 0.000000000000000000e+00 6.013713522336945616e-02 8.840990864500529456e-02
4.450000000000000000e+02 1.346425125857446670e-01 7.051362551011458590e-02 0.000000000000000000e+00 0.000000000000000000e+00 7.886523349409850503e-02 5.159609593594602361e-02
4.500000000000000000e+02 9.923026345854975283e-02 1.394004520850230799e-01 0.000000000000000000e+00 0.000000000000000000e+00 9.416547879682431177e-02 8.859438247126572019e-02
4.550000000000000000e+02 3.722594869128387218e-02 2.310347865281650592e-01 0.000000000000000000e+00 0.000000000000000000e+00 9.246563325175094494e-02 7.717633220016664741e-02
4.600000000000000000e+02 1.751040556229702116e-01 1.425790411441240080e-01 0.000000000000000000e+00 0.000000000000000000e+00 8.212189075735322474e-02 6.961181113938624820e-02
4.650000000000000000e+02 1.377832445256128024e-01 1.699431619852337094e-01 0.000000000000000000e+00 0.000000000000000000e+00 8.054700294351400947e-02 9.182564885861023429e-02
4.700000000000000000e+02 2.805807839557373784e-01 2.110306939117701786e-01 0.000000000000000000e+00 0.000000000000000000e+00 9.435709868331375316e-02 1.013015467973217565e-01
4.750000000000000000e+02 1.812242340444295829e-01 1.234734307176603429e-01 0.000000000000000000e+00 0.000000000000000000e+00 7.496630650306401744e-02 8.582534747850810442e-02
4.800000000000000000e+02 2.660808749643089888e-01 2.017068948609812562e-01 0.000000000000000000e+00 0.000000000000000000e+00 9.017952161063526317e-02 7.007973495213187798e-02
4.850000000000000000e+02 1.010703887992908945e-01 4.929667992882647010e-02 0.000000000000000000e+00 0.000000000000000000e+00 7.864488743457999365e-02 8.337055228595063872e-02
4.900000000000000000e+02 2.011531727355181653e-01 6.336826691782268539e-02 0.000000000000000000e+00 0.000000000000000000e+00 6.740828128402530373e-02 9.050388116754373713e-02
4.950000000000000000e+02 4.029657607660870611e-02 9.335157355349370245e-02 0.000000000000000000e+00 0.000000000000000000e+00 7.255295812882521511e-02 7.807083747215279312e-02
