0.000000000000000000e+00 0.000000000000000000e+00 0.000000000000000000e+00 0.000000000000000000e+00 0.000000000000000000e+00 0.000000000000000000e+00 0.000000000000000000e+00
5.000000000000000000e+00 1.707579988270270799e-01 4.078934944045493893e-02 0.000000000000000000e+00 0.000000000000000000e+00 5.940489499845896804e-02 6.904055714239273889e-02
1.000000000000000000e+01 1.865024145049956894e-01 5.889817061083012228e-02 0.000000000000000000e+00 0.000000000000000000e+00 6.331518779098631311e-02 5.976246564569340225e-02
1.500000000000000000e+01 1.631377553769901845e-01 2.008237729485140011e-01 0.000000000000000000e+00 0.000000000000000000e+00 7.592270467596147487e-02 6.297308568005891005e-02
2.000000000000000000e+01 2.468848677642052625e-01 1.876341623184424323e-01 0.000000000000000000e+00 0.000000000000000000e+00 9.108458048929359008e-02 7.252065016416436860e-02
2.500000000000000000e+01 2.814715199714151184e-01 7.258878717460498509e-02 0.000000000000000000e+00 0.000000000000000000e+00 8.021452337795317855e-02 7.329192418449080593e-02
3.000000000000000000e+01 3.024263027271749116e-01 2.450266152197708158e-01 1.000000000000000000e+00 0.000000000000000000e+00 5.600593569305611918e-02 8.274809441694380707e-02
3.500000000000000000e+01 1.977056990950231685e-01 1.599334325965541814e-01 0.000000000000000000e+00 0.000000000000000000e+00 6.957529789345992532e-02 6.154609330987312332e-02
4.000000000000000000e+01 1.675154370668360260e-01 3.106760483677851181e-01 0.000000000000000000e+00 0.000000000000000000e+00 5.424891506598851498e-02 8.989222627912175911e-02
4.500000000000000000e+01 2.350558514412378897e-01 1.724170709717519900e-01 1.000000000000000000e+00 0.000000000000000000e+00 5.234128820217465172e-02 8.814791359888449196e-02
5.000000000000000000e+01 9.979665885145017068e-02 4.388690472451430014e-02 0.000000000000000000e+00 0.000000000000000000e+00 4.310547719627180752e-02 7.719203076417043008e-02
5.500000000000000000e+01 8.873572192917093815e-02 1.371058855724463788e-01 0.000000000000000000e+00 0.000000000000000000e+00 6.294768496117733592e-02 7.813506919396012718e-02
6.000000000000000000e+01 1.824257723238933704e-01 4.076083199203823781e-01 0.000000000000000000e+00 1.000000000000000000e+00 7.496616864941305081e-02 8.762861247814704435e-02
6.500000000000000000e+01 1.166582892959437540e-01 3.150867899063073962e-01 0.000000000000000000e+00 1.000000000000000000e+00 6.739219925241735076e-02 7.482324263962070177e-02
7.000000000000000000e+01 1.506046112412317561e-01 1.502640716896612993e-01 0.000000000000000000e+00 0.000000000000000000e+00 9.864895231312847956e-02 9.223484272130536010e-02
7.500000000000000000e+01 1.273225351727998722e-01 3.567981273852507962e-01 0.000000000000000000e+00 1.000000000000000000e+00 7.772519411440545478e-02 8.173994778860720067e-02
8.000000000000000000e+01 1.318904046302445399e-01 3.032392425721240903e-01 0.000000000000000000e+00 0.000000000000000000e+00 7.100295523345578896e-02 9.998527612287003152e-02
8.500000000000000000e+01 1.348911595983194878e-01 1.189985204845386557e-01 0.000000000000000000e+00 0.000000000000000000e+00 5.981885031478716142e-02 9.153478023207296810e-02
9.000000000000000000e+01 2.298654461592815612e-01 1.719145934343325188e-01 0.000000000000000000e+00 0.000000000000000000e+00 9.480362228333855112e-02 9.541047548185872806e-02
9.500000000000000000e+01 1.449039116345098299e-01 1.053305720558439101e-01 0.000000000000000000e+00 0.000000000000000000e+00 9.942512102656748951e-02 6.875976093222366248e-02
1.000000000000000000e+02 1.566835254097304619e-01 3.009739472136486182e-01 0.000000000000000000e+00 0.000000000000000000e+00 8.044741160687911286e-02 1.068151808546865533e-01
1.050000000000000000e+02 2.370350960931729423e-01 1.290993768921233076e-01 1.000000000000000000e+00 0.000000000000000000e+00 5.980798997436550385e-02 9.956354715475820849e-02
1.100000000000000000e+02 1.151761596623643025e-01 2.508206049427011419e-01 0.000000000000000000e+00 0.000000000000000000e+00 6.102039354976981217e-02 9.582300635554250046e-02
1.150000000000000000e+02 1.722740943426054328e-01 2.546849808168072937e-01 0.000000000000000000e+00 0.000000000000000000e+00 6.330508398155659799e-02 9.800331473400493432e-02
1.200000000000000000e+02 1.511264622254941126e-01 1.720095827033747971e-01 0.000000000000000000e+00 0.000000000000000000e+00 9.185270424558261704e-02 1.085241593920897446e-01
1.250000000000000000e+02 9.977809690994252079e-02 1.522723007626530234e-01 0.000000000000000000e+00 0.000000000000000000e+00 8.153807224264639220e-02 1.030655059149564873e-01
1.300000000000000000e+02 9.572341822029692415e-02 8.215205904986251639e-02 0.000000000000000000e+00 0.000000000000000000e+00 5.638456951740581508e-02 1.048579448265941211e-01
1.350000000000000000e+02 6.186190709715423675e-02 1.766671761665979390e-01 0.000000000000000000e+00 0.000000000000000000e+00 6.839434536941647880e-02 9.902659730621461709e-02
1.400000000000000000e+02 2.586261636066050640e-01 9.048366685715816815e-02 0.000000000000000000e+00 0.000000000000000000e+00 9.566674691820024889e-02 8.107508046666986323e-02
1.450000000000000000e+02 7.484687488006780409e-02 1.859642070916508738e-01 0.000000000000000000e+00 0.000000000000000000e+00 3.115346006965090744e-02 1.036209151970915038e-01
1.500000000000000000e+02 1.363016952267935844e-01 2.037802525846673096e-01 0.000000000000000000e+00 0.000000000000000000e+00 6.512457474318011919e-02 6.947286020228653214e-02
1.550000000000000000e+02 1.533998277301907298e-01 2.707783963607514055e-01 0.000000000000000000e+00 1.000000000000000000e+00 7.499712321781036584e-02 5.981104808173862142e-02
1.600000000000000000e+02 1.781549945890430475e-01 1.161438301088201924e-01 0.000000000000000000e+00 0.000000000000000000e+00 8.637387512935151834e-02 8.447282612473488994e-02
1.650000000000000000e+02 1.563062366501813405e-01 2.133152211750521388e-01 0.000000000000000000e+00 0.000000000000000000e+00 8.066824925183330164e-02 8.273225944751771976e-02
1.700000000000000000e+02 8.292914231155271154e-02 1.214650373587411042e-01 0.000000000000000000e+00 0.000000000000000000e+00 9.946724303081344587e-02 7.944954056936651132e-02
1.750000000000000000e+02 1.300139309533908105e-01 1.220806780026311988e-01 0.000000000000000000e+00 0.000000000000000000e+00 8.708398157840509246e-02 7.518903941291704696e-02
1.800000000000000000e+02 1.215851363530721790e-01 1.904422497662866809e-01 0.000000000000000000e+00 0.000000000000000000e+00 6.679570162747899831e-02 7.375444278945626764e-02
1.850000000000000000e+02 1.492675652434814204e-01 2.497784451759165747e-01 0.000000000000000000e+00 0.000000000000000000e+00 5.716049418672609211e-02 8.624409639375360537e-02
1.900000000000000000e+02 5.386910516104799485e-02 1.210686780826748937e-01 0.000000000000000000e+00 0.000000000000000000e+00 9.331593835722404306e-02 8.026594857908961322e-02
1.950000000000000000e+02 8.994523714794921965e-02 7.107269035464455764e-02 0.000000000000000000e+00 0.000000000000000000e+00 6.750311842119188777e-02 6.670933208079013466e-02
2.000000000000000000e+02 8.257513015929869582e-02 3.077308604368217404e-01 0.000000000000000000e+00 0.000000000000000000e+00 5.815747647357299294e-02 9.444680370498884092e-02
2.050000000000000000e+02 1.202054969310401428e-01 6.534269506067905131e-02 0.000000000000000000e+00 0.000000000000000000e+00 7.654648357984633611e-02 1.002606931551460190e-01
2.100000000000000000e+02 1.191009764900310824e-01 1.816550566216804108e-01 0.000000000000000000e+00 0.000000000000000000e+00 7.543464603411954850e-02 8.690038218045925689e-02
2.150000000000000000e+02 1.233606455101923238e-01 7.209397640230198745e-02 0.000000000000000000e+00 0.000000000000000000e+00 8.223204282079282779e-02 9.332802421377064950e-02
2.200000000000000000e+02 1.232372300513774055e-01 2.562578871648476531e-01 0.000000000000000000e+00 0.000000000000000000e+00 8.753197784137724258e-02 8.100304831943913597e-02
2.250000000000000000e+02 1.603509788352891208e-01 1.390333544038730162e-01 0.000000000000000000e+00 0.000000000000000000e+00 7.316661712028306452e-02 9.944408024568843207e-02
2.300000000000000000e+02 3.927597906999335392e-02 1.474652999158598266e-01 0.000000000000000000e+00 0.000000000000000000e+00 6.006130530360630909e-02 6.823028078553441955e-02
2.350000000000000000e+02 6.667728699295530359e-02 1.546115506475177204e-01 0.000000000000000000e+00 0.000000000000000000e+00 5.889511910754161722e-02 9.039456481389898657e-02
2.400000000000000000e+02 1.859091558179528161e-02 1.507799155179338491e-01 0.000000000000000000e+00 0.000000000000000000e+00 3.923202807307274442e-02 9.841324901720358009e-02
2.450000000000000000e+02 1.086933828918904277e-01 1.101453486073371846e-01 0.000000000000000000e+00 0.000000000000000000e+00 5.122721785548751267e-02 7.040224529601946113e-02
2.500000000000000000e+02 1.065567633439499506e-01 1.758729896363784018e-01 0.000000000000000000e+00 0.000000000000000000e+00 4.206651252461671847e-02 5.099400889094780204e-02
2.550000000000000000e+02 1.274575820741741805e-01 1.076758028456498151e-01 0.000000000000000000e+00 0.000000000000000000e+00 5.821039997469235755e-02 1.041883086890171284e-01
2.600000000000000000e+02 8.847207588545843993e-02 2.320133974897977125e-01 0.000000000000000000e+00 0.000000000000000000e+00 5.733670079535576475e-02 8.397813928521308258e-02
2.650000000000000000e+02 8.702204138891558860e-02 1.614663748165093837e-01 0.000000000000000000e+00 0.000000000000000000e+00 6.866885990575810617e-02 1.061650267319143304e-01
2.700000000000000000e+02 1.351759421640061631e-01 2.276685334439362829e-01 0.000000000000000000e+00 0.000000000000000000e+00 6.405454483039038638e-02 8.415860944890665718e-02
2.750000000000000000e+02 7.919697308671899694e-02 9.938177079396162683e-02 0.000000000000000000e+00 0.000000000000000000e+00 7.198621427975158971e-02 7.403725024055968218e-02
2.800000000000000000e+02 4.891258932754329047e-02 1.759319282392977912e-01 0.000000000000000000e+00 0.000000000000000000e+00 2.953186736542676508e-02 5.409726810238711658e-02
2.850000000000000000e+02 1.242397848483541012e-01 8.545396981742163500e-02 0.000000000000000000e+00 0.000000000000000000e+00 6.182269079639114012e-02 8.526606546316624347e-02
2.900000000000000000e+02 1.057050874968531728e-01 1.130109889676672169e-01 0.000000000000000000e+00 0.000000000000000000e+00 5.396121918996587413e-02 8.532800228058876058e-02
2.950000000000000000e+02 1.241499650521215026e-01 1.834330282360210895e-01 0.000000000000000000e+00 0.000000000000000000e+00 7.124441848838666824e-02 7.347485260637164062e-02
3.000000000000000000e+02 1.926139141345446226e-01 1.040881237616837901e-01 0.000000000000000000e+00 0.000000000000000000e+00 8.037420785926195632e-02 7.631690143174883756e-02
3.050000000000000000e+02 5.067218165491611803e-02 1.586954195333559470e-01 0.000000000000000000e+00 0.000000000000000000e+00 6.627980383810912202e-02 7.375601137685842967e-02
3.100000000000000000e+02 1.131046994371503328e-01 9.698827848461959167e-02 0.000000000000000000e+00 0.000000000000000000e+00 7.009077404762453778e-02 8.267141572843372810e-02
3.150000000000000000e+02 1.075544961365024338e-01 9.685373538316000008e-02 0.000000000000000000e+00 0.000000000000000000e+00 6.710853377347196502e-02 6.482333535928658241e-02
3.200000000000000000e+02 1.141407784988929669e-01 1.555038924910510656e-01 0.000000000000000000e+00 0.000000000000000000e+00 5.114710879710782782e-02 8.835974735312593364e-02
3.250000000000000000e+02 8.924913530588755861e-02 2.657523448855095838e-01 0.000000000000000000e+00 0.000000000000000000e+00 7.477629168094694634e-02 9.486384205971279404e-02
3.300000000000000000e+02 3.917580275343290896e-02 9.903760037639942893e-02 0.000000000000000000e+00 0.000000000000000000e+00 2.668410597557171332e-02 5.256216606876656233e-02
3.350000000000000000e+02 1.066823817290123155e-01 1.853805214486397568e-01 0.000000000000000000e+00 0.000000000000000000e+00 6.734065589532335638e-02 7.642687438954184898e-02
3.400000000000000000e+02 7.366667243340387083e-02 2.047944395983765653e-01 0.000000000000000000e+00 0.000000000000000000e+00 6.641118328619198541e-02 7.174008052729537177e-02
3.450000000000000000e+02 1.230083797754366604e-01 2.470344497207483392e-01 0.000000000000000000e+00 0.000000000000000000e+00 6.983627298494900215e-02 8.389997376305152743e-02
3.500000000000000000e+02 8.195084945616216976e-02 2.252151249368924135e-01 0.000000000000000000e+00 0.000000000000000000e+00 6.535817465505024126e-02 8.638430512135784889e-02
3.550000000000000000e+02 2.649158892071189486e-01 6.955352649252216635e-02 0.000000000000000000e+00 0.000000000000000000e+00 9.164355520608467864e-02 6.884572558642655660e-02
3.600000000000000000e+02 8.339688907123828099e-02 9.573095060568685699e-02 0.000000000000000000e+00 0.000000000000000000e+00 6.142243426898294500e-02 8.763996419072876687e-02
3.650000000000000000e+02 1.447896468813310578e-01 1.538374351785961602e-01 0.000000000000000000e+00 0.000000000000000000e+00 8.887780469426939667e-02 5.502831582407489985e-02
3.700000000000000000e+02 1.150918542907352349e-01 7.053997779571585455e-03 0.000000000000000000e+00 0.000000000000000000e+00 6.733213652935943205e-02 1.674816896428619334e-02
3.750000000000000000e+02 1.666125185260139141e-01 7.315238865954756808e-02 0.000000000000000000e+00 0.000000000000000000e+00 5.887282009983744319e-02 4.981412097049055243e-02
3.800000000000000000e+02 1.904489223727580116e-01 1.705268946927232521e-01 0.000000000000000000e+00 0.000000000000000000e+00 9.403085456706232470e-02 7.387836246396184414e-02
3.850000000000000000e+02 6.099868136437254507e-02 7.377047261400355993e-02 0.000000000000000000e+00 0.000000000000000000e+00 6.641594393266338214e-02 5.320498827366243466e-02
3.900000000000000000e+02 6.621333272131683934e-02 4.201325410341696237e-02 0.000000000000000000e+00 0.000000000000000000e+00 8.613764954916813821e-02 1.920673738918347515e-02
3.950000000000000000e+02 5.494331515573896985e-02 1.613746712830931018e-01 0.000000000000000000e+00 0.000000000000000000e+00 6.516868380568371921e-02 7.920977455102490294e-02
4.000000000000000000e+02 1.270203590299991692e-01 2.315866799367622408e-01 0.000000000000000000e+00 1.000000000000000000e+00 1.039602735284368695e-01 5.950541140452520611e-02
4.050000000000000000e+02 4.026044058870913850e-02 2.052447592271477647e-02 0.000000000000000000e+00 0.000000000000000000e+00 7.907297430618946688e-02 6.424623092666120749e-02
4.100000000000000000e+02 1.049406415415444493e-01 7.260433249812150991e-02 0.000000000000000000e+00 0.000000000000000000e+00 6.748513285659059335e-02 6.499873721081042555e-02
4.150000000000000000e+02 1.703113941456759206e-01 1.058694468166295338e-01 0.000000000000000000e+00 0.000000000000000000e+00 7.284550335716338809e-02 7.723490413509324914e-02
4.200000000000000000e+02 1.505498994066671314e-01 1.504099320829676290e-01 0.000000000000000000e+00 0.000000000000000000e+00 5.263664363588194117e-02 7.081432428950751312e-02
4.250000000000000000e+02 2.161723396819579812e-01 5.928710012919145150e-02 0.000000000000000000e+00 0.000000000000000000e+00 8.510859655680615143e-02 9.550847479635662940e-02
4.300000000000000000e+02 2.700538634757268606e-03 1.313192716286188666e-01 0.000000000000000000e+00 0.000000000000000000e+00 5.231891869150387744e-03 7.382850235338360434e-02
4.350000000000000000e+02 1.307355497590556304e-01 1.453650712289115687e-01 0.000000000000000000e+00 0.000000000000000000e+00 7.281733090432784827e-02 1.175061294751285623e-01
4.400000000000000000e+02 6.334263041222877588e-02 4.597574587162961413e-02 0.000000000000000000e+00 0.000000000000000000e+00 8.846703016569629208e-02 7.197838561819008829e-02
4.450000000000000000e+02 1.022745840670422623e-01 3.295924060578021755e-03 0.000000000000000000e+00 0.000000000000000000e+00 7.820671575489734906e-02 5.455668098110574675e-03
4.500000000000000000e+02 1.220607922736728773e-01 7.749980143566888302e-02 0.000000000000000000e+00 0.000000000000000000e+00 1.131040436107010605e-01 7.923554508179292410e-02
4.550000000000000000e+02 3.987097172485110086e-02 1.939706818685640183e-02 0.000000000000000000e+00 0.000000000000000000e+00 5.704363927112642702e-02 5.903970079030228246e-02
4.600000000000000000e+02 1.141556998210080387e-01 1.224181175658978910e-01 0.000000000000000000e+00 0.000000000000000000e+00 7.407538561719771708e-02 8.688344276386510134e-02
4.650000000000000000e+02 8.041566084767512446e-02 1.519727763783858543e-01 0.000000000000000000e+00 0.000000000000000000e+00 6.579710697526891527e-02 9.388668187934029463e-02
4.700000000000000000e+02 1.101909522868976393e-01 9.374297412323566447e-02 0.000000000000000000e+00 0.000000000000000000e+00 1.121263359347685340e-01 7.339166485160347753e-02
4.750000000000000000e+02 1.552863749270260163e-01 1.336198586505406849e-01 0.000000000000000000e+00 0.000000000000000000e+00 6.179679399985054528e-02 6.264720228931253132e-02
4.800000000000000000e+02 1.673836575244745939e-01 1.288421144916219174e-01 0.000000000000000000e+00 0.000000000000000000e+00 8.959990871920539557e-02 6.471162842707317564e-02
4.850000000000000000e+02 1.087269711800087635e-01 5.226315057784382961e-02 0.000000000000000000e+00 0.000000000000000000e+00 1.082224229018205197e-01 7.609561708840613392e-02
4.900000000000000000e+02 4.856069383474735657e-02 4.513251348867344109e-02 0.000000000000000000e+00 0.000000000000000000e+00 7.924775423249369455e-02 7.430384568009261448e-02
4.950000000000000000e+02 2.895562145707430285e-02 8.003857817342398262e-02 0.000000000000000000e+00 0.000000000000000000e+00 4.753232757108209056e-02 7.413751142410092421e-02
