0.000000000000000000e+00 0.000000000000000000e+00 0.000000000000000000e+00 0.000000000000000000e+00 0.000000000000000000e+00 0.000000000000000000e+00 0.000000000000000000e+00
5.000000000000000000e+00 1.110225031931673101e-01 1.030483558629783636e-01 0.000000000000000000e+00 0.000000000000000000e+00 5.619542975986801386e-02 7.375463840198161203e-02
1.000000000000000000e+01 8.641228231444106345e-02 4.843558128841802396e-02 0.000000000000000000e+00 0.000000000000000000e+00 8.884498080263145137e-02 7.864733657882955198e-02
1.500000000000000000e+01 1.021214688714165292e-01 1.703583075685053405e-01 0.000000000000000000e+00 0.000000000000000000e+00 6.460878978463929778e-02 8.193743307371514906e-02
2.000000000000000000e+01 9.858064629618923380e-02 1.635871334119189391e-01 0.000000000000000000e+00 0.000000000000000000e+00 5.834887410057858215e-02 7.255507829091185912e-02
2.500000000000000000e+01 1.227302372007718773e-01 2.147232380802850393e-01 0.000000000000000000e+00 0.000000000000000000e+00 7.335198379715783534e-02 9.188500448489932138e-02
3.000000000000000000e+01 1.237777927584783610e-01 2.423302533540238612e-01 0.000000000000000000e+00 0.000000000000000000e+00 7.663274435667749573e-02 8.122888500491409758e-02
3.500000000000000000e+01 7.502275301876608349e-02 2.975943639203412761e-01 0.000000000000000000e+00 0.000000000000000000e+00 6.985527304947995730e-02 9.420860879637921181e-02
4.000000000000000000e+01 1.139328601131283786e-01 3.441133408349014156e-01 0.000000000000000000e+00 1.000000000000000000e+00 6.463249865806421079e-02 7.562499890554187643e-02
4.500000000000000000e+01 2.744072177877316387e-01 3.198550604776729811e-01 0.000000000000000000e+00 0.000000000000000000e+00 8.117663834422289559e-02 1.015795573251909723e-01
5.000000000000000000e+01 1.195877027243994750e-01 6.311941071100832246e-02 0.000000000000000000e+00 0.000000000000000000e+00 5.166035637347716342e-02 8.427177722823989137e-02
5.500000000000000000e+01 1.076328186351829252e-01 3.943792860426599267e-01 0.000000000000000000e+00 1.000000000000000000e+00 5.978486441892116865e-02 8.756994828685425725e-02
6.000000000000000000e+01 9.424533111519871331e-02 3.715872683241887020e-01 0.000000000000000000e+00 1.000000000000000000e+00 4.867008661371621109e-02 9.683759524456131418e-02
6.500000000000000000e+01 3.016640540812169993e-02 4.409795257280602065e-01 0.000000000000000000e+00 1.000000000000000000e+00 3.212328204168353463e-02 6.364147617864196471e-02
7.000000000000000000e+01 1.654387209611756782e-01 2.378991699573659857e-01 0.000000000000000000e+00 0.000000000000000000e+00 5.806002031058730278e-02 1.148730234633904418e-01
7.500000000000000000e+01 1.177281869068560471e-01 3.154877080925589383e-01 0.000000000000000000e+00 1.000000000000000000e+00 6.071568116573958229e-02 6.964375798715465027e-02
8.000000000000000000e+01 2.503838824857099882e-02 2.010109949156385911e-01 0.000000000000000000e+00 0.000000000000000000e+00 3.578355412732876079e-02 1.163705012973999531e-01
8.500000000000000000e+01 1.798284948966148433e-01 1.020602941056943519e-01 0.000000000000000000e+00 0.000000000000000000e+00 6.294153013656464402e-02 1.099872334159429921e-01
9.000000000000000000e+01 1.329503475013490699e-01 1.368749379531171706e-01 0.000000000000000000e+00 0.000000000000000000e+00 7.312094456953174837e-02 9.738527535420525572e-02
9.500000000000000000e+01 1.636591568445199540e-01 9.937220404295872556e-02 0.000000000000000000e+00 0.000000000000000000e+00 5.720220783931496272e-02 9.388078886124751055e-02
1.000000000000000000e+02 1.493423411029661842e-02 3.513523823775200894e-01 0.000000000000000000e+00 1.000000000000000000e+00 1.737694960705641820e-02 9.283942252117741156e-02
1.050000000000000000e+02 2.203284726538507210e-01 2.062987580348046301e-01 0.000000000000000000e+00 0.000000000000000000e+00 6.334021521421574763e-02 1.171834895935408155e-01
1.100000000000000000e+02 1.724855152428214911e-01 2.267922337713184078e-01 0.000000000000000000e+00 0.000000000000000000e+00 6.131212225208017286e-02 9.136592382765999776e-02
1.150000000000000000e+02 7.601725273245733827e-02 2.670665453889259910e-01 0.000000000000000000e+00 0.000000000000000000e+00 4.285718621931680627e-02 9.900956387532015845e-02
1.200000000000000000e+02 1.932507459810446915e-01 2.690753648952542987e-01 0.000000000000000000e+00 0.000000000000000000e+00 7.932446096979148265e-02 7.907435310702547182e-02
1.250000000000000000e+02 4.376151069049286774e-02 1.406748635088941601e-01 0.000000000000000000e+00 0.000000000000000000e+00 6.474984577061733415e-02 9.117122515456289877e-02
1.300000000000000000e+02 1.422279483764516406e-01 9.804710595960319797e-02 0.000000000000000000e+00 0.000000000000000000e+00 1.068129641398105623e-01 7.776438695762401265e-02
1.350000000000000000e+02 4.860554158644433270e-02 2.010894846048624507e-01 0.000000000000000000e+00 0.000000000000000000e+00 7.687300772150393313e-02 1.084105731666351186e-01
1.400000000000000000e+02 1.953340614057350044e-01 1.837541686568506250e-01 0.000000000000000000e+00 0.000000000000000000e+00 6.897465004113119413e-02 9.413189373344683919e-02
1.450000000000000000e+02 1.037443812404703625e-01 1.289279054263272606e-01 0.000000000000000000e+00 0.000000000000000000e+00 9.681613147441954503e-02 9.718206229660919515e-02
1.500000000000000000e+02 2.085926264722676449e-01 2.295090790676730941e-01 1.000000000000000000e+00 0.000000000000000000e+00 5.710749750649515150e-02 7.998427757260702375e-02
1.550000000000000000e+02 1.141089729900680999e-01 2.117437049050001630e-01 0.000000000000000000e+00 0.000000000000000000e+00 6.123676419509526542e-02 9.004433496889129029e-02
1.600000000000000000e+02 1.028507878500904138e-01 2.089652178934392757e-01 0.000000000000000000e+00 0.000000000000000000e+00 5.635915467925232958e-02 9.658114310253738954e-02
1.650000000000000000e+02 1.479378810936188837e-01 2.365623652237209273e-01 0.000000000000000000e+00 0.000000000000000000e+00 9.332891571631062033e-02 9.639020969948035311e-02
1.700000000000000000e+02 1.169970131626854315e-01 3.024937910987481882e-01 0.000000000000000000e+00 0.000000000000000000e+00 8.886194247937356794e-02 9.420176848455577567e-02
1.750000000000000000e+02 1.452338513151397170e-01 2.468074315138866215e-01 0.000000000000000000e+00 0.000000000000000000e+00 6.373272434522216090e-02 8.040916032336364871e-02
1.800000000000000000e+02 5.362114648416103913e-02 2.034466126212060855e-01 0.000000000000000000e+00 0.000000000000000000e+00 8.648486678262855276e-02 7.748923379885153118e-02
1.850000000000000000e+02 0.000000000000000000e+00 1.741070738283711505e-01 0.000000000000000000e+00 0.000000000000000000e+00 0.000000000000000000e+00 7.946693329452986232e-02
1.900000000000000000e+02 1.715749177018188187e-01 3.245466206920589736e-01 0.000000000000000000e+00 0.000000000000000000e+00 9.284116866187559769e-02 1.011322962158270333e-01
1.950000000000000000e+02 2.023074781797266630e-01 6.739590598096992236e-02 0.000000000000000000e+00 0.000000000000000000e+00 9.294544687891370671e-02 4.446172060753489363e-02
2.000000000000000000e+02 1.205481028092735551e-01 3.253950983838948541e-01 0.000000000000000000e+00 1.000000000000000000e+00 8.150422903651326212e-02 8.816474654301316438e-02
2.050000000000000000e+02 7.166816359918667945e-02 1.999719763124476191e-01 0.000000000000000000e+00 0.000000000000000000e+00 7.556196376856738617e-02 8.882853794155183558e-02
2.100000000000000000e+02 2.586008498209931526e-03 9.145775010582844755e-02 0.000000000000000000e+00 0.000000000000000000e+00 9.810587904493973596e-03 8.527178175373244240e-02
2.150000000000000000e+02 1.041870981053442530e-01 1.941199366926316672e-01 0.000000000000000000e+00 0.000000000000000000e+00 6.431404771800033893e-02 8.427010445975370578e-02
2.200000000000000000e+02 2.118175176514376298e-02 2.837621317426257117e-01 0.000000000000000000e+00 0.000000000000000000e+00 6.297883204869235418e-02 9.593040397757107707e-02
2.250000000000000000e+02 1.077497127088213463e-01 1.766799014418076741e-01 0.000000000000000000e+00 0.000000000000000000e+00 1.037548257422695325e-01 9.136002284755057046e-02
2.300000000000000000e+02 1.108160069268109976e-01 2.268559560730879776e-01 0.000000000000000000e+00 0.000000000000000000e+00 7.099381726512639379e-02 8.009736786259689933e-02
2.350000000000000000e+02 1.437628143278468495e-01 1.831630423897654958e-01 0.000000000000000000e+00 0.000000000000000000e+00 5.976481033146291422e-02 1.080887289551792363e-01
2.400000000000000000e+02 1.062613578907538325e-01 1.707876472402616586e-01 0.000000000000000000e+00 0.000000000000000000e+00 8.998030040579114985e-02 1.002172688129943506e-01
2.450000000000000000e+02 8.567258943733620236e-02 3.405850915636696868e-02 0.000000000000000000e+00 0.000000000000000000e+00 5.272898602415778541e-02 2.344034387548437487e-02
2.500000000000000000e+02 1.773306338790463232e-01 1.427028233176056427e-01 0.000000000000000000e+00 0.000000000000000000e+00 5.821160144525810987e-02 9.330687863718999109e-02
2.550000000000000000e+02 2.162158573758814484e-01 5.472509022652232054e-03 0.000000000000000000e+00 0.000000000000000000e+00 7.723488781496141986e-02 8.101254096136999150e-02
2.600000000000000000e+02 1.377341755553522229e-01 1.927539010156968657e-01 0.000000000000000000e+00 0.000000000000000000e+00 1.039840681847884196e-01 8.346525478875121973e-02
2.650000000000000000e+02 9.752627235845283404e-02 1.194922295364361509e-01 0.000000000000000000e+00 0.000000000000000000e+00 8.098806918412830569e-02 7.806382835379328811e-02
2.700000000000000000e+02 1.296056710741236295e-01 2.236044127860142283e-01 0.000000000000000000e+00 0.000000000000000000e+00 9.368662216627784978e-02 7.907356832052118978e-02
2.750000000000000000e+02 1.653418440849948878e-01 1.869138943013443355e-01 0.000000000000000000e+00 0.000000000000000000e+00 6.580241143495574319e-02 6.772658801728401179e-02
2.800000000000000000e+02 1.836258968817851833e-01 2.934358861819969522e-01 0.000000000000000000e+00 1.000000000000000000e+00 8.904739519149033888e-02 6.975309783469384184e-02
2.850000000000000000e+02 1.401941220800752008e-01 1.979180966079801540e-01 0.000000000000000000e+00 0.000000000000000000e+00 6.580631080729495985e-02 1.160433537523291314e-01
2.900000000000000000e+02 1.285753398263127234e-01 1.949468395031165591e-01 0.000000000000000000e+00 0.000000000000000000e+00 8.857866352733856363e-02 6.715233654964582188e-02
2.950000000000000000e+02 1.686618189995422457e-01 1.492264107288973629e-01 0.000000000000000000e+00 0.000000000000000000e+00 7.998434966364480203e-02 9.538404595843565092e-02
3.000000000000000000e+02 1.742288690895632541e-01 9.293546513997581748e-02 0.000000000000000000e+00 0.000000000000000000e+00 7.980353511620097429e-02 1.069551108043619719e-01
3.050000000000000000e+02 7.641448561260308359e-02 2.109475221916088383e-01 0.000000000000000000e+00 0.000000000000000000e+00 7.069712802804387075e-02 8.237973146290065996e-02
3.100000000000000000e+02 1.884713940712553215e-01 1.687510860593124939e-01 0.000000000000000000e+00 0.000000000000000000e+00 9.194837206230750681e-02 9.603778076175235878e-02
3.150000000000000000e+02 1.631273456190550364e-01 1.206323813891961166e-01 0.000000000000000000e+00 0.000000000000000000e+00 7.411558439602895787e-02 9.106378330077061212e-02
3.200000000000000000e+02 1.485361163355652103e-01 1.178805835587449502e-01 0.000000000000000000e+00 0.000000000000000000e+00 6.649474332781007968e-02 4.605176634560189525e-02
3.250000000000000000e+02 2.074955164742920688e-01 2.298576364750513912e-01 0.000000000000000000e+00 0.000000000000000000e+00 6.101164735366798597e-02 9.226191909531497592e-02
3.300000000000000000e+02 1.066779123973655014e-01 1.917917209049342375e-01 0.000000000000000000e+00 0.000000000000000000e+00 6.923475648096860668e-02 5.837394662940077056e-02
3.350000000000000000e+02 1.124155554921019429e-01 2.090694602355190335e-01 0.000000000000000000e+00 0.000000000000000000e+00 5.285306711859354828e-02 6.241587127135764940e-02
3.400000000000000000e+02 2.113324376569537810e-01 2.969779364645726005e-01 0.000000000000000000e+00 0.000000000000000000e+00 6.301147943960043463e-02 1.107020306452874830e-01
3.450000000000000000e+02 8.113146227222767237e-02 2.054178527052109293e-01 0.000000000000000000e+00 0.000000000000000000e+00 8.238764385483879349e-02 8.609002681807442769e-02
3.500000000000000000e+02 2.362108950108044447e-01 2.417492046989071497e-01 0.000000000000000000e+00 1.000000000000000000e+00 8.021480669056450796e-02 5.201202311787599813e-02
3.550000000000000000e+02 5.484324051610915685e-02 5.582975857804060166e-02 0.000000000000000000e+00 0.000000000000000000e+00 3.809271274369145643e-02 1.124213652497505489e-01
3.600000000000000000e+02 2.184349683922928720e-01 1.464838719626325447e-01 0.000000000000000000e+00 0.000000000000000000e+00 9.494442856689669363e-02 9.172093974695927354e-02
3.650000000000000000e+02 9.568908623606095509e-02 2.229961000639585078e-01 0.000000000000000000e+00 0.000000000000000000e+00 9.039947689664226682e-02 7.113512236817971790e-02
3.700000000000000000e+02 1.129515883853921820e-01 0.000000000000000000e+00 0.000000000000000000e+00 0.000000000000000000e+00 9.149341552112723319e-02 0.000000000000000000e+00
3.750000000000000000e+02 2.719159797595767092e-01 2.013790152649946597e-01 0.000000000000000000e+00 0.000000000000000000e+00 8.034246814058700059e-02 8.711799704346719075e-02
3.800000000000000000e+02 1.115511204279644036e-01 2.364872010530982005e-01 0.000000000000000000e+00 0.000000000000000000e+00 7.705304697786495571e-02 1.114864901194238395e-01
3.850000000000000000e+02 1.391780431342287405e-01 9.603822714607303246e-02 0.000000000000000000e+00 0.000000000000000000e+00 8.430995588598831636e-02 1.328178719956496778e-01
3.900000000000000000e+02 1.937753861927387078e-01 1.607378787999158010e-01 0.000000000000000000e+00 0.000000000000000000e+00 6.929534591406322219e-02 8.450887108755952837e-02
3.950000000000000000e+02 9.494077396853313477e-02 2.693702091481766647e-01 0.000000000000000000e+00 0.000000000000000000e+00 8.104974183482359373e-02 1.218278609350672143e-01
4.000000000000000000e+02 1.165822681017354423e-01 2.630366297286685917e-01 0.000000000000000000e+00 0.000000000000000000e+00 5.488876347479961643e-02 1.022976021318444256e-01
4.050000000000000000e+02 1.873777236734643359e-01 1.265982896503176913e-01 0.000000000000000000e+00 0.000000000000000000e+00 9.103536190339014955e-02 1.012189024897721806e-01
4.100000000000000000e+02 1.389978887222719506e-01 1.024398725948474365e-01 0.000000000000000000e+00 0.000000000000000000e+00 9.053993437424462387e-02 1.031027557321104737e-01
4.150000000000000000e+02 1.233589721563158881e-01 2.094030681167062258e-01 0.000000000000000000e+00 0.000000000000000000e+00 7.930174889403505956e-02 1.168586780254949192e-01
4.200000000000000000e+02 2.029579803420789585e-01 1.409595318809963305e-01 0.000000000000000000e+00 0.000000000000000000e+00 7.393036899041476040e-02 8.403037582559892693e-02
4.250000000000000000e+02 3.199149756769277264e-01 1.579625634095557785e-01 1.000000000000000000e+00 0.000000000000000000e+00 7.958646282878201195e-02 9.859793323599014281e-02
4.300000000000000000e+02 7.729804011265033192e-02 1.451365071151088093e-01 0.000000000000000000e+00 0.000000000000000000e+00 6.598880809827244176e-02 9.211842638042620768e-02
4.350000000000000000e+02 3.323554273671436993e-02 1.338780345383488446e-01 0.000000000000000000e+00 0.000000000000000000e+00 8.528319900134111176e-02 5.760155196612861545e-02
4.400000000000000000e+02 1.465730570338002470e-01 2.045076008207486473e-01 0.000000000000000000e+00 0.000000000000000000e+00 7.444281568352724421e-02 1.044711668298835966e-01
4.450000000000000000e+02 1.910438204576325183e-01 1.035715472031819573e-01 0.000000000000000000e+00 0.000000000000000000e+00 6.786230272270428465e-02 8.588423473597166236e-02
4.500000000000000000e+02 7.093553471739333371e-02 2.367818438242700052e-01 0.000000000000000000e+00 0.000000000000000000e+00 9.511508286737339890e-02 8.495992990409746703e-02
4.550000000000000000e+02 1.718716996798132224e-01 9.045363539878448211e-02 0.000000000000000000e+00 0.000000000000000000e+00 6.834636946777536415e-02 5.836822025711317641e-02
4.600000000000000000e+02 9.486963016332368437e-02 2.276373144905320667e-01 0.000000000000000000e+00 0.000000000000000000e+00 9.288271945137806240e-02 9.199317076908361535e-02
4.650000000000000000e+02 1.736544285933507570e-01 1.564702218553674917e-01 0.000000000000000000e+00 0.000000000000000000e+00 1.187210193660103025e-01 1.022080734666115098e-01
4.700000000000000000e+02 1.421122087564010705e-01 1.410951245602054815e-01 0.000000000000000000e+00 0.000000000000000000e+00 8.594374208558210049e-02 1.048834501493361576e-01
4.750000000000000000e+02 2.601182205858489360e-01 2.303943419426544570e-01 0.000000000000000000e+00 0.000000000000000000e+00 1.085214288758839518e-01 7.181446588212264670e-02
4.800000000000000000e+02 2.446952429218953173e-01 1.829102426631732392e-01 0.000000000000000000e+00 0.000000000000000000e+00 1.063213730360566267e-01 9.110369970714872478e-02
4.850000000000000000e+02 9.150738490959060834e-02 1.275634965568529511e-01 0.000000000000000000e+00 0.000000000000000000e+00 5.386712385426599414e-02 1.200371459548669889e-01
4.900000000000000000e+02 2.760351543390029971e-01 1.792721601333835957e-01 0.000000000000000000e+00 0.000000000000000000e+00 9.188192511239030857e-02 9.251814758747295420e-02
4.950000000000000000e+02 1.236618745924791679e-01 1.065718523121259864e-01 0.000000000000000000e+00 0.000000000000000000e+00 6.741845758202696937e-02 1.139700908119585798e-01
