0.000000000000000000e+00 0.000000000000000000e+00 0.000000000000000000e+00 0.000000000000000000e+00 0.000000000000000000e+00 0.000000000000000000e+00 0.000000000000000000e+00
5.000000000000000000e+00 1.624379472084075959e-01 0.000000000000000000e+00 0.000000000000000000e+00 0.000000000000000000e+00 7.226857913581870296e-02 0.000000000000000000e+00
1.000000000000000000e+01 1.344315969031443792e-01 3.064935909162628397e-02 0.000000000000000000e+00 0.000000000000000000e+00 7.203358111257675278e-02 7.550916947186069039e-02
1.500000000000000000e+01 1.199148795944640356e-01 2.413460736482818392e-01 0.000000000000000000e+00 1.000000000000000000e+00 5.769406945121894476e-02 5.428911491411794743e-02
2.000000000000000000e+01 4.033587223715302816e-02 1.270655211743637047e-01 0.000000000000000000e+00 0.000000000000000000e+00 9.889902037440691240e-02 6.127985218738329215e-02
2.500000000000000000e+01 1.473953368857190416e-01 6.236104813446843170e-02 0.000000000000000000e+00 0.000000000000000000e+00 6.610172241300314722e-02 4.251740391346791464e-02
3.000000000000000000e+01 7.125141084561315008e-02 2.800975358887475286e-01 0.000000000000000000e+00 1.000000000000000000e+00 9.527430217976468052e-02 6.832276911541096398e-02
3.500000000000000000e+01 1.469055238839566124e-01 2.437196087152523061e-01 0.000000000000000000e+00 0.000000000000000000e+00 5.626704169097887509e-02 7.072825823729454731e-02
4.000000000000000000e+01 4.175590331671172155e-03 1.743226219565167934e-01 0.000000000000000000e+00 0.000000000000000000e+00 3.581512010417443881e-02 8.542216222115386892e-02
4.500000000000000000e+01 5.049536613520290429e-02 1.896376275054448279e-01 0.000000000000000000e+00 0.000000000000000000e+00 4.260937677970389609e-02 1.032839566001794440e-01
5.000000000000000000e+01 1.172004616551950706e-01 1.230751498937487400e-02 0.000000000000000000e+00 0.000000000000000000e+00 7.323791295096133969e-02 9.057359934153166869e-02
5.500000000000000000e+01 1.248140047721385537e-01 2.092321711860719302e-01 0.000000000000000000e+00 0.000000000000000000e+00 5.867712266492687567e-02 7.131685866210668578e-02
6.000000000000000000e+01 1.450832272445559956e-01 2.822178634077915360e-01 0.000000000000000000e+00 0.000000000000000000e+00 6.896685572453219171e-02 9.730209378965794242e-02
6.500000000000000000e+01 7.349151876156718999e-02 2.906603392580741074e-01 0.000000000000000000e+00 0.000000000000000000e+00 9.793280402145566887e-02 8.477817961217383458e-02
7.000000000000000000e+01 1.594160286747709487e-01 1.806147352200376255e-01 0.000000000000000000e+00 0.000000000000000000e+00 8.141603404804145794e-02 8.607538796302727224e-02
7.500000000000000000e+01 6.083850234832430953e-02 2.080342604065882617e-01 0.000000000000000000e+00 0.000000000000000000e+00 6.816688576785565057e-02 7.550541696639778699e-02
8.000000000000000000e+01 1.230398177162713019e-01 2.411439880932843283e-01 0.000000000000000000e+00 0.000000000000000000e+00 6.585661173015519565e-02 9.274495019566939003e-02
8.500000000000000000e+01 1.763150338448830068e-01 3.486337012336820917e-02 0.000000000000000000e+00 0.000000000000000000e+00 7.148907683157075532e-02 3.873578597298998893e-02
9.000000000000000000e+01 2.188182898777750462e-02 2.598877839036636272e-01 0.000000000000000000e+00 0.000000000000000000e+00 4.767770853825150507e-02 9.797244508370558935e-02
9.500000000000000000e+01 1.842549963935493085e-01 1.535289170019109861e-01 0.000000000000000000e+00 0.000000000000000000e+00 8.632907087295174642e-02 7.059159036785209174e-02
1.000000000000000000e+02 3.731441288467379075e-02 2.601680635507562789e-01 0.000000000000000000e+00 0.000000000000000000e+00 8.300410083025924757e-02 8.786331676103223409e-02
1.050000000000000000e+02 1.218511395312714268e-01 2.200347717875303089e-01 0.000000000000000000e+00 0.000000000000000000e+00 5.044490850796434084e-02 9.403973939192215858e-02
1.100000000000000000e+02 7.343065358951697541e-02 2.076539919938468481e-01 0.000000000000000000e+00 0.000000000000000000e+00 5.032169783666910756e-02 8.401058270273555062e-02
1.150000000000000000e+02 7.387347704350988309e-02 1.895079484011880644e-01 0.000000000000000000e+00 0.000000000000000000e+00 3.556297757954531014e-02 1.074326243946496645e-01
1.200000000000000000e+02 1.250942432989916031e-01 2.136777907751822581e-01 0.000000000000000000e+00 0.000000000000000000e+00 5.451212148065939095e-02 8.899211047927049756e-02
1.250000000000000000e+02 9.127242775078540926e-02 1.363935900320303526e-02 0.000000000000000000e+00 0.000000000000000000e+00 8.379139553414056973e-02 9.530394638709487054e-02
1.300000000000000000e+02 1.832575373928758619e-02 4.888501975521672080e-03 0.000000000000000000e+00 0.000000000000000000e+00 5.490631031205506218e-02 6.636132943152135699e-02
1.350000000000000000e+02 4.345116686031518655e-02 3.057999228997789198e-01 0.000000000000000000e+00 0.000000000000000000e+00 5.520545815840848664e-02 9.364377222642276954e-02
1.400000000000000000e+02 2.067630507466432788e-01 1.777350944444838765e-01 0.000000000000000000e+00 0.000000000000000000e+00 7.130653439872500221e-02 8.000270684552926448e-02
1.450000000000000000e+02 2.607672882851536783e-02 1.217408881565614776e-01 0.000000000000000000e+00 0.000000000000000000e+00 6.006957847098735870e-02 9.918705129519232722e-02
1.500000000000000000e+02 7.609497747552332325e-02 2.860702220691559994e-01 0.000000000000000000e+00 0.000000000000000000e+00 7.253532693160123779e-02 8.420313270315035736e-02
1.550000000000000000e+02 5.381749548673089162e-02 2.032917138546658509e-01 0.000000000000000000e+00 0.000000000000000000e+00 4.019700144639818534e-02 7.962142283025244738e-02
1.600000000000000000e+02 8.386991561782211613e-02 1.208898478628306523e-02 0.000000000000000000e+00 0.000000000000000000e+00 7.677879516465507814e-02 6.712116180482954886e-02
1.650000000000000000e+02 1.124228175985009653e-01 1.695097075370380346e-01 0.000000000000000000e+00 0.000000000000000000e+00 5.594601228820314520e-02 8.990615086201847461e-02
1.700000000000000000e+02 1.022944242125070485e-01 1.574908424318032796e-01 0.000000000000000000e+00 0.000000000000000000e+00 6.524624308938856143e-02 1.013887138834104473e-01
1.750000000000000000e+02 0.000000000000000000e+00 1.016489013661741742e-01 0.000000000000000000e+00 0.000000000000000000e+00 0.000000000000000000e+00 4.468204979286845985e-02
1.800000000000000000e+02 1.229648314788325536e-01 1.525594617111249440e-01 0.000000000000000000e+00 0.000000000000000000e+00 8.426095530086979979e-02 9.084231869415519689e-02
1.850000000000000000e+02 4.515427021816255382e-02 1.460389308373254702e-01 0.000000000000000000e+00 0.000000000000000000e+00 5.537640245768028074e-02 9.900932085284162854e-02
1.900000000000000000e+02 7.691937042133906166e-02 1.652079227949130869e-01 0.000000000000000000e+00 0.000000000000000000e+00 5.317062670961407445e-02 9.420515886164465558e-02
1.950000000000000000e+02 7.677701884528251308e-02 0.000000000000000000e+00 0.000000000000000000e+00 0.000000000000000000e+00 5.547164169811449191e-02 0.000000000000000000e+00
2.000000000000000000e+02 1.924482991468827175e-01 1.471827922568364755e-01 0.000000000000000000e+00 0.000000000000000000e+00 5.813961617091911727e-02 7.680120722149637313e-02
2.050000000000000000e+02 1.199330440498410227e-01 6.537933371622065004e-02 0.000000000000000000e+00 0.000000000000000000e+00 8.495353905035461783e-02 7.822753748665176032e-02
2.100000000000000000e+02 4.359290250028433761e-02 6.817349757242066599e-02 0.000000000000000000e+00 0.000000000000000000e+00 6.003273844937478954e-02 7.563942811073169625e-02
2.150000000000000000e+02 8.330944900715964163e-02 1.789908619873074314e-01 0.000000000000000000e+00 0.000000000000000000e+00 6.304365784901991288e-02 1.140516839532917520e-01
2.200000000000000000e+02 1.639872416215415185e-01 1.596682856711095222e-01 0.000000000000000000e+00 0.000000000000000000e+00 5.412704569521220588e-02 8.094081651847503944e-02
2.250000000000000000e+02 9.044624092431390039e-02 1.876732871754909215e-01 0.000000000000000000e+00 0.000000000000000000e+00 6.085216435046510858e-02 9.533346505902401402e-02
2.300000000000000000e+02 1.508387126658842781e-01 6.890296442739832217e-02 0.000000000000000000e+00 0.000000000000000000e+00 8.235806294871528266e-02 5.968984638737184073e-02
2.350000000000000000e+02 1.173224836262594800e-01 1.369611262564525700e-01 0.000000000000000000e+00 0.000000000000000000e+00 1.014615233639303282e-01 9.414746729570877548e-02
2.400000000000000000e+02 4.484154543458105519e-02 1.703805240108273999e-01 0.000000000000000000e+00 0.000000000000000000e+00 3.733349890108324243e-02 8.377386736162473202e-02
2.450000000000000000e+02 3.536304139407912134e-02 9.021741069346887743e-02 0.000000000000000000e+00 0.000000000000000000e+00 5.564483060190723862e-02 8.029153819958834148e-02
2.500000000000000000e+02 2.037248248542197770e-01 9.112509043118906249e-02 0.000000000000000000e+00 0.000000000000000000e+00 6.098822652667662547e-02 6.213841387989046949e-02
2.550000000000000000e+02 3.290857486799320109e-02 1.208575388707175922e-02 0.000000000000000000e+00 0.000000000000000000e+00 4.116829114876594670e-02 5.168650193284467231e-02
2.600000000000000000e+02 1.734080317728884657e-01 1.524485238798587439e-01 0.000000000000000000e+00 0.000000000000000000e+00 8.970611145229706596e-02 1.022950729315363211e-01
2.650000000000000000e+02 1.592669439027250278e-01 2.554052285493598612e-02 0.000000000000000000e+00 0.000000000000000000e+00 9.247373008549282514e-02 7.585055168172226414e-02
2.700000000000000000e+02 1.284027894689065419e-01 2.346419699891900967e-01 0.000000000000000000e+00 1.000000000000000000e+00 7.966680176796517299e-02 5.701327514381207551e-02
2.750000000000000000e+02 9.896060940388293203e-02 9.565803065805762728e-02 0.000000000000000000e+00 0.000000000000000000e+00 7.210005095598101543e-02 7.838770261118023497e-02
2.800000000000000000e+02 1.173453441913699241e-01 2.000521181709332130e-01 0.000000000000000000e+00 0.000000000000000000e+00 9.318922923790327884e-02 6.627220756153677506e-02
2.850000000000000000e+02 5.559602184872173419e-02 1.453163469036000410e-01 0.000000000000000000e+00 0.000000000000000000e+00 7.054290675945638911e-02 8.524491249976699769e-02
2.900000000000000000e+02 5.424661011124400078e-02 1.004478158547604111e-01 0.000000000000000000e+00 0.000000000000000000e+00 3.768262089804030879e-02 7.021835504889882562e-02
2.950000000000000000e+02 1.516964130859498883e-01 1.055659147204224685e-01 0.000000000000000000e+00 0.000000000000000000e+00 7.117050624960047367e-02 7.955046937289335374e-02
3.000000000000000000e+02 5.757995163321497772e-02 1.289683637542178851e-01 0.000000000000000000e+00 0.000000000000000000e+00 7.287214451669939141e-02 7.909086487854574687e-02
3.050000000000000000e+02 3.601424090025152208e-02 9.736452936266667968e-02 0.000000000000000000e+00 0.000000000000000000e+00 8.520415623126161020e-02 7.661991166486870064e-02
3.100000000000000000e+02 4.211949325474469152e-02 1.551091149179052719e-01 0.000000000000000000e+00 0.000000000000000000e+00 3.493992273804127219e-02 7.987732500504547695e-02
3.150000000000000000e+02 5.026811630709675238e-02 5.975854659235761007e-02 0.000000000000000000e+00 0.000000000000000000e+00 8.635170575843205409e-02 8.665584778436789815e-02
3.200000000000000000e+02 5.215124453777317953e-02 8.081940730582919119e-02 0.000000000000000000e+00 0.000000000000000000e+00 6.652434406292877245e-02 8.543702557061816361e-02
3.250000000000000000e+02 8.501218306490680721e-02 1.689461845348724789e-01 0.000000000000000000e+00 0.000000000000000000e+00 6.919416682435394761e-02 6.464167726463661279e-02
3.300000000000000000e+02 7.841176414981257392e-02 5.292841764831979212e-02 0.000000000000000000e+00 0.000000000000000000e+00 6.338866431542641844e-02 7.717390399985156468e-02
3.350000000000000000e+02 1.943859911928544626e-01 1.377469852369924141e-01 0.000000000000000000e+00 0.000000000000000000e+00 6.853794367252906417e-02 4.531427346675387380e-02
3.400000000000000000e+02 2.708664046871833708e-01 1.690067411451915969e-01 0.000000000000000000e+00 0.000000000000000000e+00 7.752253243961558515e-02 6.075380535444004776e-02
3.450000000000000000e+02 9.913576404349674909e-02 1.704078120270243468e-01 0.000000000000000000e+00 0.000000000000000000e+00 8.636327648017390335e-02 1.039460703176417755e-01
3.500000000000000000e+02 9.637909708564892930e-02 1.479357922692989824e-01 0.000000000000000000e+00 0.000000000000000000e+00 6.107448629946651830e-02 8.411859400297287681e-02
3.550000000000000000e+02 1.160902637126245539e-03 6.269767491618813415e-02 0.000000000000000000e+00 0.000000000000000000e+00 2.050885405748673063e-03 1.050088271742949386e-01
3.600000000000000000e+02 2.408149147086181274e-01 1.852365944432213252e-02 1.000000000000000000e+00 0.000000000000000000e+00 5.656234786986628904e-02 6.028564472909396510e-02
3.650000000000000000e+02 7.527266945450263036e-02 1.272247464923035309e-01 0.000000000000000000e+00 0.000000000000000000e+00 5.662694604486673278e-02 7.349191005367709806e-02
3.700000000000000000e+02 1.944920057520715673e-01 0.000000000000000000e+00 0.000000000000000000e+00 0.000000000000000000e+00 8.499814708373515382e-02 0.000000000000000000e+00
3.750000000000000000e+02 1.246585162016517617e-01 6.456845509674871697e-02 0.000000000000000000e+00 0.000000000000000000e+00 6.417920745537017413e-02 3.500328415639538532e-02
3.800000000000000000e+02 1.629332427826113983e-01 1.717232712181728238e-01 0.000000000000000000e+00 0.000000000000000000e+00 6.558158479775620664e-02 1.005370661511906516e-01
3.850000000000000000e+02 4.932636580881376298e-02 1.104746446991332516e-02 0.000000000000000000e+00 0.000000000000000000e+00 8.516866403478844105e-02 9.101453102521787908e-02
3.900000000000000000e+02 1.207544988316216206e-01 6.148537269173326436e-02 0.000000000000000000e+00 0.000000000000000000e+00 6.086539113285877739e-02 7.592627918703556689e-02
3.950000000000000000e+02 1.639542919253757225e-01 1.029100549462836217e-01 0.000000000000000000e+00 0.000000000000000000e+00 8.930888674050294074e-02 7.091803298591434213e-02
4.000000000000000000e+02 9.460851046023152633e-02 1.421457427238107807e-01 0.000000000000000000e+00 0.000000000000000000e+00 6.459196242230515195e-02 6.081271685097607016e-02
4.050000000000000000e+02 1.054481139607521545e-01 6.953165636055964882e-02 0.000000000000000000e+00 0.000000000000000000e+00 6.230645293278366109e-02 8.775402042466318164e-02
4.100000000000000000e+02 2.486857483209179917e-02 4.887794059920065604e-02 0.000000000000000000e+00 0.000000000000000000e+00 6.273231661306385987e-02 8.836623578652243183e-02
4.150000000000000000e+02 8.466495214261092472e-02 8.812160902075219515e-02 0.000000000000000000e+00 0.000000000000000000e+00 5.552289177559229655e-02 7.045821455323564297e-02
4.200000000000000000e+02 2.537358193967891307e-01 4.923214746510955891e-02 0.000000000000000000e+00 0.000000000000000000e+00 9.755714049045796643e-02 8.102535409348497752e-02
4.250000000000000000e+02 1.014242364864798018e-01 1.784228240326685422e-01 0.000000000000000000e+00 0.000000000000000000e+00 6.180280863034071787e-02 8.951934241812672943e-02
4.300000000000000000e+02 1.766115359634394810e-01 2.404267331117434237e-01 0.000000000000000000e+00 0.000000000000000000e+00 7.165212568604333032e-02 7.553486497750129536e-02
4.350000000000000000e+02 1.157121045676545723e-01 2.088687046383887191e-01 0.000000000000000000e+00 0.000000000000000000e+00 6.035952933323586456e-02 1.111562626706645990e-01
4.400000000000000000e+02 1.290912072751405071e-01 5.180022269555685510e-02 0.000000000000000000e+00 0.000000000000000000e+00 8.973704721962115494e-02 6.922463206129773894e-02
4.450000000000000000e+02 1.654328851204543427e-01 7.083899641395266164e-03 0.000000000000000000e+00 0.000000000000000000e+00 8.671977037869256499e-02 6.493565475103298124e-02
4.500000000000000000e+02 1.283846235865017948e-01 1.336004009874459386e-01 0.000000000000000000e+00 0.000000000000000000e+00 5.500037453049654024e-02 7.843710037754939024e-02
4.550000000000000000e+02 1.185137295846447614e-01 1.252611931810433763e-03 0.000000000000000000e+00 0.000000000000000000e+00 7.737348414848996270e-02 1.968963965445449070e-03
4.600000000000000000e+02 1.439076102093149179e-01 1.632316515724615003e-01 0.000000000000000000e+00 0.000000000000000000e+00 9.747155313477048888e-02 8.395510761745027251e-02
4.650000000000000000e+02 2.722821061673651455e-01 6.250246690075572653e-02 1.000000000000000000e+00 0.000000000000000000e+00 7.075495394536536475e-02 5.761779588855796275e-02
4.700000000000000000e+02 2.881801008450888407e-02 6.907887228409348435e-02 0.000000000000000000e+00 0.000000000000000000e+00 2.696857801017566933e-02 9.533640982422866839e-02
4.750000000000000000e+02 2.022420826958482576e-01 6.904577938406093740e-02 0.000000000000000000e+00 0.000000000000000000e+00 7.216564596423230560e-02 6.996921556327070912e-02
4.800000000000000000e+02 1.513774046689163877e-01 1.333220283233708114e-01 0.000000000000000000e+00 0.000000000000000000e+00 9.043096561808357248e-02 5.977151604078950048e-02
4.850000000000000000e+02 2.633969567209167861e-01 5.143692720877426211e-02 1.000000000000000000e+00 0.000000000000000000e+00 6.980112486954519191e-02 3.989184982506346205e-02
4.900000000000000000e+02 9.000706739125169387e-02 1.516695359987602632e-01 0.000000000000000000e+00 0.000000000000000000e+00 8.135832482471062888e-02 7.197103172194735388e-02
4.950000000000000000e+02 8.785342883895942701e-02 8.981581207365965658e-02 0.000000000000000000e+00 0.000000000000000000e+00 4.672051990688854545e-02 5.378262226387523631e-02
