0.000000000000000000e+00 3.187499999999999362e-02 3.187499999999999362e-02
5.000000000000000000e+00 9.812184257812500698e-01 9.438497070312499293e-01
1.000000000000000000e+01 9.858298257812500021e-01 9.626346164062498101e-01
1.500000000000000000e+01 9.864108992187500258e-01 9.734954601562499921e-01
2.000000000000000000e+01 9.885690804687499167e-01 9.769689156250001005e-01
2.500000000000000000e+01 9.886889507812499645e-01 9.803762960937498772e-01
3.000000000000000000e+01 9.891597382812499228e-01 9.833544023437500448e-01
3.500000000000000000e+01 9.907098117187498332e-01 9.859152937499999769e-01
4.000000000000000000e+01 9.908070093750002139e-01 9.864331851562502251e-01
4.500000000000000000e+01 9.903073250000000716e-01 9.885512937499999486e-01
5.000000000000000000e+01 9.906976851562496744e-01 9.877768929687498201e-01
5.500000000000000000e+01 9.906943414062501230e-01 9.903895210937498916e-01
6.000000000000000000e+01 9.924803515624999184e-01 9.913819124999999621e-01
6.500000000000000000e+01 9.924685585937498278e-01 9.914324749999998687e-01
7.000000000000000000e+01 9.924528414062498971e-01 9.920623156250000241e-01
7.500000000000000000e+01 9.917755179687499645e-01 9.937714609375000174e-01
8.000000000000000000e+01 9.919953898437497974e-01 9.934415179687497988e-01
8.500000000000000000e+01 9.934628031249997937e-01 9.930562179687498769e-01
9.000000000000000000e+01 9.933587562500001411e-01 9.938660578124999256e-01
9.500000000000000000e+01 9.932913640625000706e-01 9.931126007812501877e-01
1.000000000000000000e+02 9.933265851562499416e-01 9.954117789062498778e-01
1.050000000000000000e+02 9.935219132812498355e-01 9.958140984374999061e-01
1.100000000000000000e+02 9.942859156250000163e-01 9.955475445312499394e-01
1.150000000000000000e+02 9.934980859375001083e-01 9.965424085937499843e-01
1.200000000000000000e+02 9.944507210937499897e-01 9.959224703125000300e-01
1.250000000000000000e+02 9.939494499999999011e-01 9.950682320312498330e-01
1.300000000000000000e+02 9.929898296875000474e-01 9.954411015624999859e-01
1.350000000000000000e+02 9.936214390624998893e-01 9.970712273437498663e-01
1.400000000000000000e+02 9.949084742187498387e-01 9.966408820312500083e-01
1.450000000000000000e+02 9.940630031250001775e-01 9.967968765624999339e-01
1.500000000000000000e+02 9.951851585937498967e-01 9.974270414062498258e-01
1.550000000000000000e+02 9.950977281249999695e-01 9.971042953124997776e-01
1.600000000000000000e+02 9.941587124999997638e-01 9.972122406249999127e-01
1.650000000000000000e+02 9.933995734374999609e-01 9.975412390624999182e-01
1.700000000000000000e+02 9.939130687500000727e-01 9.978373124999999622e-01
1.750000000000000000e+02 9.949599304687499757e-01 9.973383250000000810e-01
1.800000000000000000e+02 9.942821703124999910e-01 9.979560695312500451e-01
1.850000000000000000e+02 9.953256437499998777e-01 9.977097875000000560e-01
1.900000000000000000e+02 9.945468101562499053e-01 9.984042984375000040e-01
1.950000000000000000e+02 9.945740007812500227e-01 9.968256484375001003e-01
2.000000000000000000e+02 9.955570078125000055e-01 9.972855359375001338e-01
2.050000000000000000e+02 9.953771414062501099e-01 9.978686492187497370e-01
2.100000000000000000e+02 9.950628578124998125e-01 9.977899921874999745e-01
2.150000000000000000e+02 9.949852992187502299e-01 9.984409476562499108e-01
2.200000000000000000e+02 9.955539015625000099e-01 9.972400554687499419e-01
2.250000000000000000e+02 9.955036609374999790e-01 9.976487664062499983e-01
2.300000000000000000e+02 9.938219328124999752e-01 9.979708812499999970e-01
2.350000000000000000e+02 9.955341031250000139e-01 9.990614718749999401e-01
2.400000000000000000e+02 9.943162734374999534e-01 9.982874765625000535e-01
2.450000000000000000e+02 9.949956320312500768e-01 9.976081203124997909e-01
2.500000000000000000e+02 9.958026812499998215e-01 9.985826664062498192e-01
2.550000000000000000e+02 9.962100976562497934e-01 9.967938015624998593e-01
2.600000000000000000e+02 9.952669062499998054e-01 9.988359484374997876e-01
2.650000000000000000e+02 9.959691835937499738e-01 9.986637351562499543e-01
2.700000000000000000e+02 9.962667710937498367e-01 9.989438914062500618e-01
2.750000000000000000e+02 9.956352421875001024e-01 9.978836312500000139e-01
2.800000000000000000e+02 9.956939195312497493e-01 9.989240359375000100e-01
2.850000000000000000e+02 9.967527687499997402e-01 9.988957992187501578e-01
2.900000000000000000e+02 9.951205234374999042e-01 9.986579687500001246e-01
2.950000000000000000e+02 9.967435765624997890e-01 9.981464374999999833e-01
3.000000000000000000e+02 9.969985289062499589e-01 9.988728351562501384e-01
3.050000000000000000e+02 9.957740945312500980e-01 9.990784328125000835e-01
3.100000000000000000e+02 9.965668218749998974e-01 9.998950468749999709e-01
3.150000000000000000e+02 9.961956140624999012e-01 9.980619218749999799e-01
3.200000000000000000e+02 9.952140179687498645e-01 9.984564937500000070e-01
3.250000000000000000e+02 9.960900890624998505e-01 9.989977031249998030e-01
3.300000000000000000e+02 9.955132257812498997e-01 9.977103132812498165e-01
3.350000000000000000e+02 9.958178531249999299e-01 9.996287859375000417e-01
3.400000000000000000e+02 9.955676218750000306e-01 9.987758296875000052e-01
3.450000000000000000e+02 9.964452601562499012e-01 9.994665718750000982e-01
3.500000000000000000e+02 9.960914289062499094e-01 9.999974828125001158e-01
3.550000000000000000e+02 9.969166148437500485e-01 9.977705960937500729e-01
3.600000000000000000e+02 9.962029687499998065e-01 9.978692125000001578e-01
3.650000000000000000e+02 9.970603523437497895e-01 9.996660656250000443e-01
3.700000000000000000e+02 9.961663781249999738e-01 9.976066531249998537e-01
3.750000000000000000e+02 9.966970218750000887e-01 9.986392335937500642e-01
3.800000000000000000e+02 9.965442351562499024e-01 9.995428968749999754e-01
3.850000000000000000e+02 9.973775781249999417e-01 9.982597148437498680e-01
3.900000000000000000e+02 9.958395734374999586e-01 9.986134054687501038e-01
3.950000000000000000e+02 9.960612078124999602e-01 9.995474632812501037e-01
4.000000000000000000e+02 9.965470703125000052e-01 9.999425289062499056e-01
4.050000000000000000e+02 9.961207585937501552e-01 9.987817195312500562e-01
4.100000000000000000e+02 9.966509648437499314e-01 9.989894671874999243e-01
4.150000000000000000e+02 9.976789515625001936e-01 9.987277054687500044e-01
4.200000000000000000e+02 9.970933265624999375e-01 9.979094351562499687e-01
4.250000000000000000e+02 9.966035273437500175e-01 9.992062968749998442e-01
4.300000000000000000e+02 9.960395789062499450e-01 9.997666953124999534e-01
4.350000000000000000e+02 9.965478687500001209e-01 9.992836429687498301e-01
4.400000000000000000e+02 9.973703179687500864e-01 9.995400414062501904e-01
4.450000000000000000e+02 9.967070390624999110e-01 9.981807648437497349e-01
4.500000000000000000e+02 9.969923148437498384e-01 9.993889796874999565e-01
4.550000000000000000e+02 9.955682289062499635e-01 9.989700593749999413e-01
4.600000000000000000e+02 9.972714445312498288e-01 9.995594859374999919e-01
4.650000000000000000e+02 9.969841367187498582e-01 9.992725140624999502e-01
4.700000000000000000e+02 9.967575234374999038e-01 9.997046187500000514e-01
4.750000000000000000e+02 9.963752531250001931e-01 9.999715890624998327e-01
4.800000000000000000e+02 9.965699281249997821e-01 9.994564640624998830e-01
4.850000000000000000e+02 9.973486976562501161e-01 9.986103429687499533e-01
4.900000000000000000e+02 9.967941367187498347e-01 9.995891578124999066e-01
4.950000000000000000e+02 9.961372789062499233e-01 9.988095398437499828e-01
