0.000000000000000000e+00 3.187499999999999362e-02 3.187499999999999362e-02
5.000000000000000000e+00 9.714251562499999215e-01 9.438497070312499293e-01
1.000000000000000000e+01 9.812627179687499757e-01 9.626346164062498101e-01
1.500000000000000000e+01 9.865491640625000391e-01 9.734954601562499921e-01
2.000000000000000000e+01 9.885475453124998868e-01 9.769689156250001005e-01
2.500000000000000000e+01 9.900757460937500420e-01 9.803762960937498772e-01
3.000000000000000000e+01 9.909617468749999381e-01 9.833544023437500448e-01
3.500000000000000000e+01 9.942795484374997717e-01 9.859152937499999769e-01
4.000000000000000000e+01 9.931468609375000423e-01 9.864331851562502251e-01
4.500000000000000000e+01 9.928506843750000144e-01 9.885512937499999486e-01
5.000000000000000000e+01 9.939701820312499825e-01 9.877768929687498201e-01
5.500000000000000000e+01 9.944728421874999835e-01 9.903895210937498916e-01
6.000000000000000000e+01 9.938975656249997570e-01 9.913819124999999621e-01
6.500000000000000000e+01 9.953969046874998616e-01 9.914324749999998687e-01
7.000000000000000000e+01 9.960133226562500885e-01 9.920623156250000241e-01
7.500000000000000000e+01 9.964107507812499653e-01 9.937714609375000174e-01
8.000000000000000000e+01 9.968963718750000202e-01 9.934415179687497988e-01
8.500000000000000000e+01 9.953538453124997076e-01 9.930562179687498769e-01
9.000000000000000000e+01 9.962406859375002588e-01 9.938660578124999256e-01
9.500000000000000000e+01 9.987662046874999922e-01 9.931126007812501877e-01
1.000000000000000000e+02 9.973859343750000050e-01 9.954117789062498778e-01
1.050000000000000000e+02 9.986589218749999386e-01 9.958140984374999061e-01
1.100000000000000000e+02 9.984011921875002304e-01 9.955475445312499394e-01
1.150000000000000000e+02 9.978036796874999448e-01 9.965424085937499843e-01
1.200000000000000000e+02 9.981075218749999589e-01 9.959224703125000300e-01
1.250000000000000000e+02 9.979100210937499327e-01 9.950682320312498330e-01
1.300000000000000000e+02 9.967800390625001228e-01 9.954411015624999859e-01
1.350000000000000000e+02 9.983524828124998862e-01 9.970712273437498663e-01
1.400000000000000000e+02 9.980083101562499115e-01 9.966408820312500083e-01
1.450000000000000000e+02 9.978108804687501054e-01 9.967968765624999339e-01
1.500000000000000000e+02 9.980455492187501054e-01 9.974270414062498258e-01
1.550000000000000000e+02 9.981326445312499462e-01 9.971042953124997776e-01
1.600000000000000000e+02 9.981685031249998286e-01 9.972122406249999127e-01
1.650000000000000000e+02 9.980125320312497328e-01 9.975412390624999182e-01
1.700000000000000000e+02 9.991589359375000479e-01 9.978373124999999622e-01
1.750000000000000000e+02 9.992090773437498630e-01 9.973383250000000810e-01
1.800000000000000000e+02 9.985721210937498205e-01 9.979560695312500451e-01
1.850000000000000000e+02 9.982696445312496669e-01 9.977097875000000560e-01
1.900000000000000000e+02 9.989498984375000390e-01 9.984042984375000040e-01
1.950000000000000000e+02 9.983738414062498512e-01 9.968256484375001003e-01
2.000000000000000000e+02 9.990910679687500240e-01 9.972855359375001338e-01
2.050000000000000000e+02 9.986508460937499887e-01 9.978686492187497370e-01
2.100000000000000000e+02 9.984034617187498295e-01 9.977899921874999745e-01
2.150000000000000000e+02 9.975661585937498632e-01 9.984409476562499108e-01
2.200000000000000000e+02 9.985535570312500386e-01 9.972400554687499419e-01
2.250000000000000000e+02 9.991990937499999337e-01 9.976487664062499983e-01
2.300000000000000000e+02 9.984847960937498490e-01 9.979708812499999970e-01
2.350000000000000000e+02 9.987213687499998382e-01 9.990614718749999401e-01
2.400000000000000000e+02 9.998634031249998833e-01 9.982874765625000535e-01
2.450000000000000000e+02 1.000163103906249962e+00 9.976081203124997909e-01
2.500000000000000000e+02 9.975267789062499668e-01 9.985826664062498192e-01
2.550000000000000000e+02 9.994232695312497139e-01 9.967938015624998593e-01
2.600000000000000000e+02 9.989188218749998072e-01 9.988359484374997876e-01
2.650000000000000000e+02 9.996243726562497045e-01 9.986637351562499543e-01
2.700000000000000000e+02 9.994314609374997938e-01 9.989438914062500618e-01
2.750000000000000000e+02 9.996947429687501607e-01 9.978836312500000139e-01
2.800000000000000000e+02 9.980701007812499137e-01 9.989240359375000100e-01
2.850000000000000000e+02 9.993265914062499089e-01 9.988957992187501578e-01
2.900000000000000000e+02 9.988601976562501150e-01 9.986579687500001246e-01
2.950000000000000000e+02 9.993312632812498819e-01 9.981464374999999833e-01
3.000000000000000000e+02 1.000101366406249692e+00 9.988728351562501384e-01
3.050000000000000000e+02 1.000092696874999909e+00 9.990784328125000835e-01
3.100000000000000000e+02 9.989026039062499640e-01 9.998950468749999709e-01
3.150000000000000000e+02 9.999691968749999660e-01 9.980619218749999799e-01
3.200000000000000000e+02 9.991087296874999746e-01 9.984564937500000070e-01
3.250000000000000000e+02 9.990535406250000694e-01 9.989977031249998030e-01
3.300000000000000000e+02 9.982942703124997319e-01 9.977103132812498165e-01
3.350000000000000000e+02 9.979975046875001476e-01 9.996287859375000417e-01
3.400000000000000000e+02 9.996909750000000372e-01 9.987758296875000052e-01
3.450000000000000000e+02 9.978199624999998241e-01 9.994665718750000982e-01
3.500000000000000000e+02 9.992271085937499686e-01 9.999974828125001158e-01
3.550000000000000000e+02 9.988841289062501128e-01 9.977705960937500729e-01
3.600000000000000000e+02 9.994241804687498121e-01 9.978692125000001578e-01
3.650000000000000000e+02 1.000938989843750182e+00 9.996660656250000443e-01
3.700000000000000000e+02 9.996064257812499187e-01 9.976066531249998537e-01
3.750000000000000000e+02 9.982013374999999522e-01 9.986392335937500642e-01
3.800000000000000000e+02 9.984532859375001568e-01 9.995428968749999754e-01
3.850000000000000000e+02 9.995786273437499148e-01 9.982597148437498680e-01
3.900000000000000000e+02 9.998133117187499863e-01 9.986134054687501038e-01
3.950000000000000000e+02 9.991588476562501819e-01 9.995474632812501037e-01
4.000000000000000000e+02 1.000510196875000313e+00 9.999425289062499056e-01
4.050000000000000000e+02 9.993867703125000057e-01 9.987817195312500562e-01
4.100000000000000000e+02 1.000180749999999952e+00 9.989894671874999243e-01
4.150000000000000000e+02 9.993142093749998178e-01 9.987277054687500044e-01
4.200000000000000000e+02 9.998662218749998498e-01 9.979094351562499687e-01
4.250000000000000000e+02 9.999939937500000875e-01 9.992062968749998442e-01
4.300000000000000000e+02 9.986430687500000847e-01 9.997666953124999534e-01
4.350000000000000000e+02 1.000135476562500125e+00 9.992836429687498301e-01
4.400000000000000000e+02 9.996412710937500057e-01 9.995400414062501904e-01
4.450000000000000000e+02 9.984486382812498562e-01 9.981807648437497349e-01
4.500000000000000000e+02 9.985057406249998602e-01 9.993889796874999565e-01
4.550000000000000000e+02 9.993050078124999791e-01 9.989700593749999413e-01
4.600000000000000000e+02 9.990848039062498742e-01 9.995594859374999919e-01
4.650000000000000000e+02 9.996517906249996477e-01 9.992725140624999502e-01
4.700000000000000000e+02 9.994365976562502585e-01 9.997046187500000514e-01
4.750000000000000000e+02 9.999485000000000179e-01 9.999715890624998327e-01
4.800000000000000000e+02 9.993554757812498357e-01 9.994564640624998830e-01
4.850000000000000000e+02 1.000406081249999968e+00 9.986103429687499533e-01
4.900000000000000000e+02 9.985132953124999933e-01 9.995891578124999066e-01
4.950000000000000000e+02 9.997009773437500746e-01 9.988095398437499828e-01
