0.000000000000000000e+00 3.187499999999999362e-02 3.187499999999999362e-02
5.000000000000000000e+00 9.734709867187498755e-01 9.438497070312499293e-01
1.000000000000000000e+01 9.754444273437499202e-01 9.626346164062498101e-01
1.500000000000000000e+01 9.772316046875000328e-01 9.734954601562499921e-01
2.000000000000000000e+01 9.765267859374997528e-01 9.769689156250001005e-01
2.500000000000000000e+01 9.773803656249999694e-01 9.803762960937498772e-01
3.000000000000000000e+01 9.799753703125000381e-01 9.833544023437500448e-01
3.500000000000000000e+01 9.789596671874999378e-01 9.859152937499999769e-01
4.000000000000000000e+01 9.798225390625001641e-01 9.864331851562502251e-01
4.500000000000000000e+01 9.792471304687498934e-01 9.885512937499999486e-01
5.000000000000000000e+01 9.806494421874999423e-01 9.877768929687498201e-01
5.500000000000000000e+01 9.811111734374999838e-01 9.903895210937498916e-01
6.000000000000000000e+01 9.813125359375000079e-01 9.913819124999999621e-01
6.500000000000000000e+01 9.805720523437498892e-01 9.914324749999998687e-01
7.000000000000000000e+01 9.811607312499998068e-01 9.920623156250000241e-01
7.500000000000000000e+01 9.814769906249998233e-01 9.937714609375000174e-01
8.000000000000000000e+01 9.812863070312498603e-01 9.934415179687497988e-01
8.500000000000000000e+01 9.814819117187498776e-01 9.930562179687498769e-01
9.000000000000000000e+01 9.812009601562496908e-01 9.938660578124999256e-01
9.500000000000000000e+01 9.822528601562499073e-01 9.931126007812501877e-01
1.000000000000000000e+02 9.826050898437497239e-01 9.954117789062498778e-01
1.050000000000000000e+02 9.834492007812499770e-01 9.958140984374999061e-01
1.100000000000000000e+02 9.819302125000000103e-01 9.955475445312499394e-01
1.150000000000000000e+02 9.824484335937497814e-01 9.965424085937499843e-01
1.200000000000000000e+02 9.835918257812498178e-01 9.959224703125000300e-01
1.250000000000000000e+02 9.832953367187501348e-01 9.950682320312498330e-01
1.300000000000000000e+02 9.826173937500000122e-01 9.954411015624999859e-01
1.350000000000000000e+02 9.836850609375000776e-01 9.970712273437498663e-01
1.400000000000000000e+02 9.842138640624998880e-01 9.966408820312500083e-01
1.450000000000000000e+02 9.835193898437498694e-01 9.967968765624999339e-01
1.500000000000000000e+02 9.838553632812500060e-01 9.974270414062498258e-01
1.550000000000000000e+02 9.831981703125001193e-01 9.971042953124997776e-01
1.600000000000000000e+02 9.838793562499998924e-01 9.972122406249999127e-01
1.650000000000000000e+02 9.845995867187500306e-01 9.975412390624999182e-01
1.700000000000000000e+02 9.845878398437500900e-01 9.978373124999999622e-01
1.750000000000000000e+02 9.848470187499998030e-01 9.973383250000000810e-01
1.800000000000000000e+02 9.848814195312499686e-01 9.979560695312500451e-01
1.850000000000000000e+02 9.849156203125000175e-01 9.977097875000000560e-01
1.900000000000000000e+02 9.848893515625001260e-01 9.984042984375000040e-01
1.950000000000000000e+02 9.844999992187499771e-01 9.968256484375001003e-01
2.000000000000000000e+02 9.839796234375001172e-01 9.972855359375001338e-01
2.050000000000000000e+02 9.842617382812498539e-01 9.978686492187497370e-01
2.100000000000000000e+02 9.853348921875000332e-01 9.977899921874999745e-01
2.150000000000000000e+02 9.839222812499999193e-01 9.984409476562499108e-01
2.200000000000000000e+02 9.855756289062499453e-01 9.972400554687499419e-01
2.250000000000000000e+02 9.848941531250000603e-01 9.976487664062499983e-01
2.300000000000000000e+02 9.851614804687500726e-01 9.979708812499999970e-01
2.350000000000000000e+02 9.854190304687499014e-01 9.990614718749999401e-01
2.400000000000000000e+02 9.845279773437500825e-01 9.982874765625000535e-01
2.450000000000000000e+02 9.847302828124998575e-01 9.976081203124997909e-01
2.500000000000000000e+02 9.851753734375001681e-01 9.985826664062498192e-01
2.550000000000000000e+02 9.845811374999996479e-01 9.967938015624998593e-01
2.600000000000000000e+02 9.848118929687498246e-01 9.988359484374997876e-01
2.650000000000000000e+02 9.837430140624997543e-01 9.986637351562499543e-01
2.700000000000000000e+02 9.842331132812500716e-01 9.989438914062500618e-01
2.750000000000000000e+02 9.839557062499999507e-01 9.978836312500000139e-01
2.800000000000000000e+02 9.851277765624999461e-01 9.989240359375000100e-01
2.850000000000000000e+02 9.837993679687497828e-01 9.988957992187501578e-01
2.900000000000000000e+02 9.838411374999997960e-01 9.986579687500001246e-01
2.950000000000000000e+02 9.858490179687502408e-01 9.981464374999999833e-01
3.000000000000000000e+02 9.859848374999999887e-01 9.988728351562501384e-01
3.050000000000000000e+02 9.859785375000000851e-01 9.990784328125000835e-01
3.100000000000000000e+02 9.869997421875004173e-01 9.998950468749999709e-01
3.150000000000000000e+02 9.842811804687497945e-01 9.980619218749999799e-01
3.200000000000000000e+02 9.847603414062499061e-01 9.984564937500000070e-01
3.250000000000000000e+02 9.863236249999998151e-01 9.989977031249998030e-01
3.300000000000000000e+02 9.866456031249999370e-01 9.977103132812498165e-01
3.350000000000000000e+02 9.851031882812499862e-01 9.996287859375000417e-01
3.400000000000000000e+02 9.846397007812500712e-01 9.987758296875000052e-01
3.450000000000000000e+02 9.863926820312499677e-01 9.994665718750000982e-01
3.500000000000000000e+02 9.855426109375000632e-01 9.999974828125001158e-01
3.550000000000000000e+02 9.855744546875000456e-01 9.977705960937500729e-01
3.600000000000000000e+02 9.859927765625000617e-01 9.978692125000001578e-01
3.650000000000000000e+02 9.857316945312499801e-01 9.996660656250000443e-01
3.700000000000000000e+02 9.859086960937497590e-01 9.976066531249998537e-01
3.750000000000000000e+02 9.858395257812500034e-01 9.986392335937500642e-01
3.800000000000000000e+02 9.864110062499999998e-01 9.995428968749999754e-01
3.850000000000000000e+02 9.864134921874999629e-01 9.982597148437498680e-01
3.900000000000000000e+02 9.860018359375001262e-01 9.986134054687501038e-01
3.950000000000000000e+02 9.859691710937499298e-01 9.995474632812501037e-01
4.000000000000000000e+02 9.861144289062501178e-01 9.999425289062499056e-01
4.050000000000000000e+02 9.862388335937497530e-01 9.987817195312500562e-01
4.100000000000000000e+02 9.862681867187500506e-01 9.989894671874999243e-01
4.150000000000000000e+02 9.869626531250000889e-01 9.987277054687500044e-01
4.200000000000000000e+02 9.859143273437499522e-01 9.979094351562499687e-01
4.250000000000000000e+02 9.865996812500000823e-01 9.992062968749998442e-01
4.300000000000000000e+02 9.873027273437499085e-01 9.997666953124999534e-01
4.350000000000000000e+02 9.882065273437501407e-01 9.992836429687498301e-01
4.400000000000000000e+02 9.867331984374999587e-01 9.995400414062501904e-01
4.450000000000000000e+02 9.867242781250000760e-01 9.981807648437497349e-01
4.500000000000000000e+02 9.861963445312499355e-01 9.993889796874999565e-01
4.550000000000000000e+02 9.869325609375000363e-01 9.989700593749999413e-01
4.600000000000000000e+02 9.855973679687497491e-01 9.995594859374999919e-01
4.650000000000000000e+02 9.865185249999998129e-01 9.992725140624999502e-01
4.700000000000000000e+02 9.865392710937499476e-01 9.997046187500000514e-01
4.750000000000000000e+02 9.875551335937500230e-01 9.999715890624998327e-01
4.800000000000000000e+02 9.866974601562498171e-01 9.994564640624998830e-01
4.850000000000000000e+02 9.873867234374997803e-01 9.986103429687499533e-01
4.900000000000000000e+02 9.867485906249999772e-01 9.995891578124999066e-01
4.950000000000000000e+02 9.876234343749998867e-01 9.988095398437499828e-01
