0.000000000000000000e+00 3.187499999999999362e-02 3.187499999999999362e-02
5.000000000000000000e+00 9.915202171875000525e-01 9.438497070312499293e-01
1.000000000000000000e+01 9.936677695312499115e-01 9.626346164062498101e-01
1.500000000000000000e+01 9.938880820312500086e-01 9.734954601562499921e-01
2.000000000000000000e+01 9.960700445312499207e-01 9.769689156250001005e-01
2.500000000000000000e+01 9.969592882812501333e-01 9.803762960937498772e-01
3.000000000000000000e+01 9.965098968749999120e-01 9.833544023437500448e-01
3.500000000000000000e+01 9.964593367187500883e-01 9.859152937499999769e-01
4.000000000000000000e+01 9.975980664062499281e-01 9.864331851562502251e-01
4.500000000000000000e+01 9.968203054687500009e-01 9.885512937499999486e-01
5.000000000000000000e+01 9.966445546874999062e-01 9.877768929687498201e-01
5.500000000000000000e+01 9.972144968749997451e-01 9.903895210937498916e-01
6.000000000000000000e+01 9.989529617187500321e-01 9.913819124999999621e-01
6.500000000000000000e+01 9.982460015625000960e-01 9.914324749999998687e-01
7.000000000000000000e+01 9.994291882812500472e-01 9.920623156250000241e-01
7.500000000000000000e+01 9.976964460937498558e-01 9.937714609375000174e-01
8.000000000000000000e+01 9.989634914062500703e-01 9.934415179687497988e-01
8.500000000000000000e+01 9.978384281249998988e-01 9.930562179687498769e-01
9.000000000000000000e+01 9.988189624999996852e-01 9.938660578124999256e-01
9.500000000000000000e+01 9.979550554687502961e-01 9.931126007812501877e-01
1.000000000000000000e+02 9.974778382812500288e-01 9.954117789062498778e-01
1.050000000000000000e+02 9.994720390624998174e-01 9.958140984374999061e-01
1.100000000000000000e+02 9.981327601562497431e-01 9.955475445312499394e-01
1.150000000000000000e+02 9.980428414062497700e-01 9.965424085937499843e-01
1.200000000000000000e+02 9.994022210937500983e-01 9.959224703125000300e-01
1.250000000000000000e+02 9.988162664062502083e-01 9.950682320312498330e-01
1.300000000000000000e+02 9.994723937499998545e-01 9.954411015624999859e-01
1.350000000000000000e+02 9.986400265624999495e-01 9.970712273437498663e-01
1.400000000000000000e+02 9.992052445312500364e-01 9.966408820312500083e-01
1.450000000000000000e+02 9.978348265624999991e-01 9.967968765624999339e-01
1.500000000000000000e+02 9.985917304687499385e-01 9.974270414062498258e-01
1.550000000000000000e+02 9.996487757812501096e-01 9.971042953124997776e-01
1.600000000000000000e+02 9.987029007812500137e-01 9.972122406249999127e-01
1.650000000000000000e+02 9.985939750000000226e-01 9.975412390624999182e-01
1.700000000000000000e+02 9.990988476562498999e-01 9.978373124999999622e-01
1.750000000000000000e+02 9.994051374999998183e-01 9.973383250000000810e-01
1.800000000000000000e+02 9.988120234374997519e-01 9.979560695312500451e-01
1.850000000000000000e+02 9.982982445312499342e-01 9.977097875000000560e-01
1.900000000000000000e+02 9.987629414062499933e-01 9.984042984375000040e-01
1.950000000000000000e+02 9.989032914062500046e-01 9.968256484375001003e-01
2.000000000000000000e+02 9.991782765625002449e-01 9.972855359375001338e-01
2.050000000000000000e+02 9.992796914062498370e-01 9.978686492187497370e-01
2.100000000000000000e+02 9.996003718749999489e-01 9.977899921874999745e-01
2.150000000000000000e+02 9.989061125000000541e-01 9.984409476562499108e-01
2.200000000000000000e+02 9.996525124999997569e-01 9.972400554687499419e-01
2.250000000000000000e+02 9.999828015624998567e-01 9.976487664062499983e-01
2.300000000000000000e+02 1.000948735937500000e+00 9.979708812499999970e-01
2.350000000000000000e+02 1.000092718749999943e+00 9.990614718749999401e-01
2.400000000000000000e+02 9.995528265625003295e-01 9.982874765625000535e-01
2.450000000000000000e+02 1.000678875781250143e+00 9.976081203124997909e-01
2.500000000000000000e+02 9.990393781250000993e-01 9.985826664062498192e-01
2.550000000000000000e+02 1.000005881249999895e+00 9.967938015624998593e-01
2.600000000000000000e+02 9.996034140625000841e-01 9.988359484374997876e-01
2.650000000000000000e+02 1.000275453906250167e+00 9.986637351562499543e-01
2.700000000000000000e+02 9.995168945312498110e-01 9.989438914062500618e-01
2.750000000000000000e+02 1.000446035156250080e+00 9.978836312500000139e-01
2.800000000000000000e+02 1.000236139843750038e+00 9.989240359375000100e-01
2.850000000000000000e+02 9.987204234375000045e-01 9.988957992187501578e-01
2.900000000000000000e+02 9.998306156250003074e-01 9.986579687500001246e-01
2.950000000000000000e+02 9.997840570312499509e-01 9.981464374999999833e-01
3.000000000000000000e+02 9.996444718750000513e-01 9.988728351562501384e-01
3.050000000000000000e+02 9.996463179687499201e-01 9.990784328125000835e-01
3.100000000000000000e+02 9.995372187500001226e-01 9.998950468749999709e-01
3.150000000000000000e+02 9.997416140624999503e-01 9.980619218749999799e-01
3.200000000000000000e+02 9.991421976562498974e-01 9.984564937500000070e-01
3.250000000000000000e+02 9.998392523437500401e-01 9.989977031249998030e-01
3.300000000000000000e+02 9.994859210937498961e-01 9.977103132812498165e-01
3.350000000000000000e+02 1.000022925781249850e+00 9.996287859375000417e-01
3.400000000000000000e+02 9.988454218750000280e-01 9.987758296875000052e-01
3.450000000000000000e+02 1.000017774218749933e+00 9.994665718750000982e-01
3.500000000000000000e+02 1.001265701562500166e+00 9.999974828125001158e-01
3.550000000000000000e+02 1.000040817968749662e+00 9.977705960937500729e-01
3.600000000000000000e+02 1.000111425781250007e+00 9.978692125000001578e-01
3.650000000000000000e+02 9.996809937499999688e-01 9.996660656250000443e-01
3.700000000000000000e+02 1.000751562499999858e+00 9.976066531249998537e-01
3.750000000000000000e+02 9.988095117187499872e-01 9.986392335937500642e-01
3.800000000000000000e+02 9.995651976562498486e-01 9.995428968749999754e-01
3.850000000000000000e+02 1.000594796874999748e+00 9.982597148437498680e-01
3.900000000000000000e+02 9.997124335937501716e-01 9.986134054687501038e-01
3.950000000000000000e+02 9.991901539062499893e-01 9.995474632812501037e-01
4.000000000000000000e+02 1.000042914843749964e+00 9.999425289062499056e-01
4.050000000000000000e+02 1.000449649999999968e+00 9.987817195312500562e-01
4.100000000000000000e+02 1.000218180468749996e+00 9.989894671874999243e-01
4.150000000000000000e+02 9.984230374999999436e-01 9.987277054687500044e-01
4.200000000000000000e+02 9.991093398437499440e-01 9.979094351562499687e-01
4.250000000000000000e+02 9.997554757812497916e-01 9.992062968749998442e-01
4.300000000000000000e+02 9.984367320312500516e-01 9.997666953124999534e-01
4.350000000000000000e+02 9.996009789062497708e-01 9.992836429687498301e-01
4.400000000000000000e+02 1.000481348437500140e+00 9.995400414062501904e-01
4.450000000000000000e+02 1.000269542187499860e+00 9.981807648437497349e-01
4.500000000000000000e+02 9.999544625000000853e-01 9.993889796874999565e-01
4.550000000000000000e+02 9.994513898437500377e-01 9.989700593749999413e-01
4.600000000000000000e+02 9.993026992187499236e-01 9.995594859374999919e-01
4.650000000000000000e+02 9.999682609375000197e-01 9.992725140624999502e-01
4.700000000000000000e+02 9.995289070312500801e-01 9.997046187500000514e-01
4.750000000000000000e+02 9.993440601562501024e-01 9.999715890624998327e-01
4.800000000000000000e+02 1.000161389843750026e+00 9.994564640624998830e-01
4.850000000000000000e+02 9.994844820312499545e-01 9.986103429687499533e-01
4.900000000000000000e+02 1.000992074218749917e+00 9.995891578124999066e-01
4.950000000000000000e+02 9.986645570312500109e-01 9.988095398437499828e-01
