0.000000000000000000e+00 3.187499999999999362e-02 3.187499999999999362e-02
5.000000000000000000e+00 9.916636976562498429e-01 9.438497070312499293e-01
1.000000000000000000e+01 9.929044476562498556e-01 9.626346164062498101e-01
1.500000000000000000e+01 9.943340437500001183e-01 9.734954601562499921e-01
2.000000000000000000e+01 9.953762601562499146e-01 9.769689156250001005e-01
2.500000000000000000e+01 9.962720585937500095e-01 9.803762960937498772e-01
3.000000000000000000e+01 9.962210406250001649e-01 9.833544023437500448e-01
3.500000000000000000e+01 9.975046812499999138e-01 9.859152937499999769e-01
4.000000000000000000e+01 9.976198367187499860e-01 9.864331851562502251e-01
4.500000000000000000e+01 9.976592687499998835e-01 9.885512937499999486e-01
5.000000000000000000e+01 9.981059476562498256e-01 9.877768929687498201e-01
5.500000000000000000e+01 9.980160476562499605e-01 9.903895210937498916e-01
6.000000000000000000e+01 9.974236867187500355e-01 9.913819124999999621e-01
6.500000000000000000e+01 9.969710257812499643e-01 9.914324749999998687e-01
7.000000000000000000e+01 9.978902046875000043e-01 9.920623156250000241e-01
7.500000000000000000e+01 9.975480265625000786e-01 9.937714609375000174e-01
8.000000000000000000e+01 9.987744476562501195e-01 9.934415179687497988e-01
8.500000000000000000e+01 9.982415015625001331e-01 9.930562179687498769e-01
9.000000000000000000e+01 9.987119867187498334e-01 9.938660578124999256e-01
9.500000000000000000e+01 9.989045953124998656e-01 9.931126007812501877e-01
1.000000000000000000e+02 9.975900007812498194e-01 9.954117789062498778e-01
1.050000000000000000e+02 9.989975937499997460e-01 9.958140984374999061e-01
1.100000000000000000e+02 9.988319726562497891e-01 9.955475445312499394e-01
1.150000000000000000e+02 9.978115210937501534e-01 9.965424085937499843e-01
1.200000000000000000e+02 9.977230304687501050e-01 9.959224703125000300e-01
1.250000000000000000e+02 9.989059359374999891e-01 9.950682320312498330e-01
1.300000000000000000e+02 9.991363546875000612e-01 9.954411015624999859e-01
1.350000000000000000e+02 9.983569101562501658e-01 9.970712273437498663e-01
1.400000000000000000e+02 9.985534406250000661e-01 9.966408820312500083e-01
1.450000000000000000e+02 9.981313124999999786e-01 9.967968765624999339e-01
1.500000000000000000e+02 9.988963242187500757e-01 9.974270414062498258e-01
1.550000000000000000e+02 9.995543015624999139e-01 9.971042953124997776e-01
1.600000000000000000e+02 9.981954218749999885e-01 9.972122406249999127e-01
1.650000000000000000e+02 9.988879257812499635e-01 9.975412390624999182e-01
1.700000000000000000e+02 9.991355023437499261e-01 9.978373124999999622e-01
1.750000000000000000e+02 9.994466437500000300e-01 9.973383250000000810e-01
1.800000000000000000e+02 9.992478203125001457e-01 9.979560695312500451e-01
1.850000000000000000e+02 9.977914601562497543e-01 9.977097875000000560e-01
1.900000000000000000e+02 9.988412242187498791e-01 9.984042984375000040e-01
1.950000000000000000e+02 9.998353632812501113e-01 9.968256484375001003e-01
2.000000000000000000e+02 1.000354324999999767e+00 9.972855359375001338e-01
2.050000000000000000e+02 9.992320593749998148e-01 9.978686492187497370e-01
2.100000000000000000e+02 9.996905304687500049e-01 9.977899921874999745e-01
2.150000000000000000e+02 9.988587796874999203e-01 9.984409476562499108e-01
2.200000000000000000e+02 9.982180960937500069e-01 9.972400554687499419e-01
2.250000000000000000e+02 9.987777976562499660e-01 9.976487664062499983e-01
2.300000000000000000e+02 9.987405273437499620e-01 9.979708812499999970e-01
2.350000000000000000e+02 1.000033880468750080e+00 9.990614718749999401e-01
2.400000000000000000e+02 9.986941804687499147e-01 9.982874765625000535e-01
2.450000000000000000e+02 9.996345304687501709e-01 9.976081203124997909e-01
2.500000000000000000e+02 9.983300421875000996e-01 9.985826664062498192e-01
2.550000000000000000e+02 9.995564140625001759e-01 9.967938015624998593e-01
2.600000000000000000e+02 9.978959851562499983e-01 9.988359484374997876e-01
2.650000000000000000e+02 1.000483031249999932e+00 9.986637351562499543e-01
2.700000000000000000e+02 9.982366710937500276e-01 9.989438914062500618e-01
2.750000000000000000e+02 9.980957445312499399e-01 9.978836312500000139e-01
2.800000000000000000e+02 9.980498640625002915e-01 9.989240359375000100e-01
2.850000000000000000e+02 9.997315468750000989e-01 9.988957992187501578e-01
2.900000000000000000e+02 9.988158109375000482e-01 9.986579687500001246e-01
2.950000000000000000e+02 9.992508765625001121e-01 9.981464374999999833e-01
3.000000000000000000e+02 9.993191734374999857e-01 9.988728351562501384e-01
3.050000000000000000e+02 9.991593640625001660e-01 9.990784328125000835e-01
3.100000000000000000e+02 9.996051812500000855e-01 9.998950468749999709e-01
3.150000000000000000e+02 9.998748601562498228e-01 9.980619218749999799e-01
3.200000000000000000e+02 9.992732312500001157e-01 9.984564937500000070e-01
3.250000000000000000e+02 9.991106484375000818e-01 9.989977031249998030e-01
3.300000000000000000e+02 9.991104718749997948e-01 9.977103132812498165e-01
3.350000000000000000e+02 9.986134476562498197e-01 9.996287859375000417e-01
3.400000000000000000e+02 9.998152343749999726e-01 9.987758296875000052e-01
3.450000000000000000e+02 9.985900624999999309e-01 9.994665718750000982e-01
3.500000000000000000e+02 1.000443499218750087e+00 9.999974828125001158e-01
3.550000000000000000e+02 9.989524531250000283e-01 9.977705960937500729e-01
3.600000000000000000e+02 1.000267753906249890e+00 9.978692125000001578e-01
3.650000000000000000e+02 9.996453085937501148e-01 9.996660656250000443e-01
3.700000000000000000e+02 1.000396977343749771e+00 9.976066531249998537e-01
3.750000000000000000e+02 9.997275757812499331e-01 9.986392335937500642e-01
3.800000000000000000e+02 9.997969414062495286e-01 9.995428968749999754e-01
3.850000000000000000e+02 9.993008515624997035e-01 9.982597148437498680e-01
3.900000000000000000e+02 9.994895812500000920e-01 9.986134054687501038e-01
3.950000000000000000e+02 9.999745304687497338e-01 9.995474632812501037e-01
4.000000000000000000e+02 1.000055855468749977e+00 9.999425289062499056e-01
4.050000000000000000e+02 1.000232429687499813e+00 9.987817195312500562e-01
4.100000000000000000e+02 9.983626484374999999e-01 9.989894671874999243e-01
4.150000000000000000e+02 9.995969953125001251e-01 9.987277054687500044e-01
4.200000000000000000e+02 9.996132421874998064e-01 9.979094351562499687e-01
4.250000000000000000e+02 9.993911554687497922e-01 9.992062968749998442e-01
4.300000000000000000e+02 9.990894523437499064e-01 9.997666953124999534e-01
4.350000000000000000e+02 9.992527234375000456e-01 9.992836429687498301e-01
4.400000000000000000e+02 9.992503421874998626e-01 9.995400414062501904e-01
4.450000000000000000e+02 9.996291921874999042e-01 9.981807648437497349e-01
4.500000000000000000e+02 9.995082249999999169e-01 9.993889796874999565e-01
4.550000000000000000e+02 9.996006742187496519e-01 9.989700593749999413e-01
4.600000000000000000e+02 9.996686875000000416e-01 9.995594859374999919e-01
4.650000000000000000e+02 1.000415778124999822e+00 9.992725140624999502e-01
4.700000000000000000e+02 9.998645874999999572e-01 9.997046187500000514e-01
4.750000000000000000e+02 9.999126695312499091e-01 9.999715890624998327e-01
4.800000000000000000e+02 9.989987570312500731e-01 9.994564640624998830e-01
4.850000000000000000e+02 1.000022070312500011e+00 9.986103429687499533e-01
4.900000000000000000e+02 9.998165906249999457e-01 9.995891578124999066e-01
4.950000000000000000e+02 9.999803156250000047e-01 9.988095398437499828e-01
