0.000000000000000000e+00 3.187499999999999362e-02 3.187499999999999362e-02
5.000000000000000000e+00 9.651903187499998316e-01 9.438497070312499293e-01
1.000000000000000000e+01 9.704334531249999563e-01 9.626346164062498101e-01
1.500000000000000000e+01 9.719807007812498734e-01 9.734954601562499921e-01
2.000000000000000000e+01 9.725051382812501810e-01 9.769689156250001005e-01
2.500000000000000000e+01 9.742526296875000380e-01 9.803762960937498772e-01
3.000000000000000000e+01 9.756885437499999147e-01 9.833544023437500448e-01
3.500000000000000000e+01 9.773515000000001507e-01 9.859152937499999769e-01
4.000000000000000000e+01 9.754901835937499488e-01 9.864331851562502251e-01
4.500000000000000000e+01 9.764078000000001589e-01 9.885512937499999486e-01
5.000000000000000000e+01 9.762885656249998823e-01 9.877768929687498201e-01
5.500000000000000000e+01 9.777192929687499312e-01 9.903895210937498916e-01
6.000000000000000000e+01 9.774140898437501113e-01 9.913819124999999621e-01
6.500000000000000000e+01 9.787319343749999456e-01 9.914324749999998687e-01
7.000000000000000000e+01 9.794235468749997731e-01 9.920623156250000241e-01
7.500000000000000000e+01 9.797721742187499583e-01 9.937714609375000174e-01
8.000000000000000000e+01 9.795064789062500887e-01 9.934415179687497988e-01
8.500000000000000000e+01 9.794287273437500829e-01 9.930562179687498769e-01
9.000000000000000000e+01 9.785093976562500018e-01 9.938660578124999256e-01
9.500000000000000000e+01 9.803899304687500038e-01 9.931126007812501877e-01
1.000000000000000000e+02 9.808387406249998719e-01 9.954117789062498778e-01
1.050000000000000000e+02 9.814107601562499505e-01 9.958140984374999061e-01
1.100000000000000000e+02 9.810193914062500520e-01 9.955475445312499394e-01
1.150000000000000000e+02 9.807744117187497945e-01 9.965424085937499843e-01
1.200000000000000000e+02 9.807343874999998601e-01 9.959224703125000300e-01
1.250000000000000000e+02 9.811737554687498530e-01 9.950682320312498330e-01
1.300000000000000000e+02 9.816514484375000738e-01 9.954411015624999859e-01
1.350000000000000000e+02 9.816426468750000245e-01 9.970712273437498663e-01
1.400000000000000000e+02 9.813623968749997095e-01 9.966408820312500083e-01
1.450000000000000000e+02 9.818934234374999681e-01 9.967968765624999339e-01
1.500000000000000000e+02 9.830833914062502288e-01 9.974270414062498258e-01
1.550000000000000000e+02 9.826147968749998629e-01 9.971042953124997776e-01
1.600000000000000000e+02 9.819196648437500397e-01 9.972122406249999127e-01
1.650000000000000000e+02 9.824200515625001184e-01 9.975412390624999182e-01
1.700000000000000000e+02 9.833960312500000800e-01 9.978373124999999622e-01
1.750000000000000000e+02 9.826309601562497331e-01 9.973383250000000810e-01
1.800000000000000000e+02 9.822609414062499766e-01 9.979560695312500451e-01
1.850000000000000000e+02 9.831559695312499514e-01 9.977097875000000560e-01
1.900000000000000000e+02 9.837679117187499989e-01 9.984042984375000040e-01
1.950000000000000000e+02 9.835358148437498560e-01 9.968256484375001003e-01
2.000000000000000000e+02 9.829016742187498545e-01 9.972855359375001338e-01
2.050000000000000000e+02 9.840240921874998659e-01 9.978686492187497370e-01
2.100000000000000000e+02 9.827610132812502064e-01 9.977899921874999745e-01
2.150000000000000000e+02 9.825906054687501001e-01 9.984409476562499108e-01
2.200000000000000000e+02 9.842947984374997850e-01 9.972400554687499419e-01
2.250000000000000000e+02 9.843119398437497614e-01 9.976487664062499983e-01
2.300000000000000000e+02 9.845549554687501592e-01 9.979708812499999970e-01
2.350000000000000000e+02 9.844224421874999686e-01 9.990614718749999401e-01
2.400000000000000000e+02 9.824023585937501357e-01 9.982874765625000535e-01
2.450000000000000000e+02 9.840773593749998494e-01 9.976081203124997909e-01
2.500000000000000000e+02 9.831181335937498877e-01 9.985826664062498192e-01
2.550000000000000000e+02 9.845991195312500111e-01 9.967938015624998593e-01
2.600000000000000000e+02 9.849235968749997516e-01 9.988359484374997876e-01
2.650000000000000000e+02 9.837357609375001477e-01 9.986637351562499543e-01
2.700000000000000000e+02 9.851855234374997661e-01 9.989438914062500618e-01
2.750000000000000000e+02 9.841993664062498315e-01 9.978836312500000139e-01
2.800000000000000000e+02 9.833294757812500730e-01 9.989240359375000100e-01
2.850000000000000000e+02 9.864660406249999847e-01 9.988957992187501578e-01
2.900000000000000000e+02 9.850040843749999775e-01 9.986579687500001246e-01
2.950000000000000000e+02 9.856340976562499856e-01 9.981464374999999833e-01
3.000000000000000000e+02 9.844554742187497931e-01 9.988728351562501384e-01
3.050000000000000000e+02 9.852668914062497896e-01 9.990784328125000835e-01
3.100000000000000000e+02 9.845430351562498572e-01 9.998950468749999709e-01
3.150000000000000000e+02 9.868419351562500719e-01 9.980619218749999799e-01
3.200000000000000000e+02 9.845041687500000194e-01 9.984564937500000070e-01
3.250000000000000000e+02 9.847145617187498257e-01 9.989977031249998030e-01
3.300000000000000000e+02 9.851804195312500179e-01 9.977103132812498165e-01
3.350000000000000000e+02 9.862111257812499199e-01 9.996287859375000417e-01
3.400000000000000000e+02 9.851377976562499805e-01 9.987758296875000052e-01
3.450000000000000000e+02 9.863873609374997908e-01 9.994665718750000982e-01
3.500000000000000000e+02 9.856979984374998338e-01 9.999974828125001158e-01
3.550000000000000000e+02 9.862518617187499004e-01 9.977705960937500729e-01
3.600000000000000000e+02 9.856117406250000101e-01 9.978692125000001578e-01
3.650000000000000000e+02 9.862311046874999709e-01 9.996660656250000443e-01
3.700000000000000000e+02 9.863074429687499478e-01 9.976066531249998537e-01
3.750000000000000000e+02 9.850742125000000460e-01 9.986392335937500642e-01
3.800000000000000000e+02 9.850695531249998860e-01 9.995428968749999754e-01
3.850000000000000000e+02 9.849546187500000105e-01 9.982597148437498680e-01
3.900000000000000000e+02 9.855376781249998164e-01 9.986134054687501038e-01
3.950000000000000000e+02 9.858031414062500275e-01 9.995474632812501037e-01
4.000000000000000000e+02 9.857852390624998185e-01 9.999425289062499056e-01
4.050000000000000000e+02 9.869667742187498982e-01 9.987817195312500562e-01
4.100000000000000000e+02 9.863274289062499145e-01 9.989894671874999243e-01
4.150000000000000000e+02 9.851604632812497320e-01 9.987277054687500044e-01
4.200000000000000000e+02 9.860283078124997269e-01 9.979094351562499687e-01
4.250000000000000000e+02 9.865285624999999836e-01 9.992062968749998442e-01
4.300000000000000000e+02 9.869251124999998126e-01 9.997666953124999534e-01
4.350000000000000000e+02 9.861553468749999496e-01 9.992836429687498301e-01
4.400000000000000000e+02 9.868800710937499776e-01 9.995400414062501904e-01
4.450000000000000000e+02 9.859975195312499219e-01 9.981807648437497349e-01
4.500000000000000000e+02 9.868725531249999960e-01 9.993889796874999565e-01
4.550000000000000000e+02 9.872502476562499130e-01 9.989700593749999413e-01
4.600000000000000000e+02 9.857796179687501326e-01 9.995594859374999919e-01
4.650000000000000000e+02 9.865712343750001612e-01 9.992725140624999502e-01
4.700000000000000000e+02 9.863161460937501790e-01 9.997046187500000514e-01
4.750000000000000000e+02 9.877176843749998492e-01 9.999715890624998327e-01
4.800000000000000000e+02 9.869378039062499663e-01 9.994564640624998830e-01
4.850000000000000000e+02 9.877397078125003116e-01 9.986103429687499533e-01
4.900000000000000000e+02 9.884503640624998644e-01 9.995891578124999066e-01
4.950000000000000000e+02 9.876389218749996868e-01 9.988095398437499828e-01
