0.000000000000000000e+00 3.187499999999999362e-02 3.187499999999999362e-02
5.000000000000000000e+00 9.919305898437500435e-01 9.438497070312499293e-01
1.000000000000000000e+01 9.924327984374998746e-01 9.626346164062498101e-01
1.500000000000000000e+01 9.931307625000000971e-01 9.734954601562499921e-01
2.000000000000000000e+01 9.931392710937499979e-01 9.769689156250001005e-01
2.500000000000000000e+01 9.929209374999998783e-01 9.803762960937498772e-01
3.000000000000000000e+01 9.924107328124996963e-01 9.833544023437500448e-01
3.500000000000000000e+01 9.956262195312500785e-01 9.859152937499999769e-01
4.000000000000000000e+01 9.951347992187498104e-01 9.864331851562502251e-01
4.500000000000000000e+01 9.939597187499999986e-01 9.885512937499999486e-01
5.000000000000000000e+01 9.951736421875001515e-01 9.877768929687498201e-01
5.500000000000000000e+01 9.950479453125000706e-01 9.903895210937498916e-01
6.000000000000000000e+01 9.946472968749997534e-01 9.913819124999999621e-01
6.500000000000000000e+01 9.955456679687498811e-01 9.914324749999998687e-01
7.000000000000000000e+01 9.953488273437500755e-01 9.920623156250000241e-01
7.500000000000000000e+01 9.955054039062499749e-01 9.937714609375000174e-01
8.000000000000000000e+01 9.970586281250002347e-01 9.934415179687497988e-01
8.500000000000000000e+01 9.964321921874997878e-01 9.930562179687498769e-01
9.000000000000000000e+01 9.960629343749998199e-01 9.938660578124999256e-01
9.500000000000000000e+01 9.975915359374998292e-01 9.931126007812501877e-01
1.000000000000000000e+02 9.961996046874999067e-01 9.954117789062498778e-01
1.050000000000000000e+02 9.960479453124999605e-01 9.958140984374999061e-01
1.100000000000000000e+02 9.967462585937498787e-01 9.955475445312499394e-01
1.150000000000000000e+02 9.974167234374998747e-01 9.965424085937499843e-01
1.200000000000000000e+02 9.969257335937499187e-01 9.959224703125000300e-01
1.250000000000000000e+02 9.953278624999999380e-01 9.950682320312498330e-01
1.300000000000000000e+02 9.964682578125000356e-01 9.954411015624999859e-01
1.350000000000000000e+02 9.965430429687499592e-01 9.970712273437498663e-01
1.400000000000000000e+02 9.980714820312501789e-01 9.966408820312500083e-01
1.450000000000000000e+02 9.966737398437498507e-01 9.967968765624999339e-01
1.500000000000000000e+02 9.973707406249998630e-01 9.974270414062498258e-01
1.550000000000000000e+02 9.971870609374999805e-01 9.971042953124997776e-01
1.600000000000000000e+02 9.975213546874999171e-01 9.972122406249999127e-01
1.650000000000000000e+02 9.966592390625000908e-01 9.975412390624999182e-01
1.700000000000000000e+02 9.969465796875001118e-01 9.978373124999999622e-01
1.750000000000000000e+02 9.965097914062501783e-01 9.973383250000000810e-01
1.800000000000000000e+02 9.975781835937498343e-01 9.979560695312500451e-01
1.850000000000000000e+02 9.959033312499997459e-01 9.977097875000000560e-01
1.900000000000000000e+02 9.970288843749999241e-01 9.984042984375000040e-01
1.950000000000000000e+02 9.976352250000000144e-01 9.968256484375001003e-01
2.000000000000000000e+02 9.974755523437497384e-01 9.972855359375001338e-01
2.050000000000000000e+02 9.975767429687498744e-01 9.978686492187497370e-01
2.100000000000000000e+02 9.971199507812498197e-01 9.977899921874999745e-01
2.150000000000000000e+02 9.971804312499999989e-01 9.984409476562499108e-01
2.200000000000000000e+02 9.969127984374999141e-01 9.972400554687499419e-01
2.250000000000000000e+02 9.976268882812501237e-01 9.976487664062499983e-01
2.300000000000000000e+02 9.985250968749997957e-01 9.979708812499999970e-01
2.350000000000000000e+02 9.984364281249999973e-01 9.990614718749999401e-01
2.400000000000000000e+02 9.977569242187500631e-01 9.982874765625000535e-01
2.450000000000000000e+02 9.977936023437499191e-01 9.976081203124997909e-01
2.500000000000000000e+02 9.994100031249999461e-01 9.985826664062498192e-01
2.550000000000000000e+02 9.968432257812500641e-01 9.967938015624998593e-01
2.600000000000000000e+02 9.983441781250000924e-01 9.988359484374997876e-01
2.650000000000000000e+02 9.987629492187499736e-01 9.986637351562499543e-01
2.700000000000000000e+02 9.977406671874999855e-01 9.989438914062500618e-01
2.750000000000000000e+02 9.987882328124998432e-01 9.978836312500000139e-01
2.800000000000000000e+02 9.970154437499998412e-01 9.989240359375000100e-01
2.850000000000000000e+02 9.972813023437498980e-01 9.988957992187501578e-01
2.900000000000000000e+02 9.967240367187499839e-01 9.986579687500001246e-01
2.950000000000000000e+02 9.977910320312497472e-01 9.981464374999999833e-01
3.000000000000000000e+02 9.987260187499999997e-01 9.988728351562501384e-01
3.050000000000000000e+02 9.971539671874998234e-01 9.990784328125000835e-01
3.100000000000000000e+02 9.971260328125000072e-01 9.998950468749999709e-01
3.150000000000000000e+02 9.980129124999999046e-01 9.980619218749999799e-01
3.200000000000000000e+02 9.977564726562500041e-01 9.984564937500000070e-01
3.250000000000000000e+02 9.981534296875000933e-01 9.989977031249998030e-01
3.300000000000000000e+02 9.970350687499998088e-01 9.977103132812498165e-01
3.350000000000000000e+02 9.984819624999998755e-01 9.996287859375000417e-01
3.400000000000000000e+02 9.980886882812500804e-01 9.987758296875000052e-01
3.450000000000000000e+02 9.982880656249999429e-01 9.994665718750000982e-01
3.500000000000000000e+02 9.982332546874997936e-01 9.999974828125001158e-01
3.550000000000000000e+02 9.969943390624997903e-01 9.977705960937500729e-01
3.600000000000000000e+02 9.996856382812501218e-01 9.978692125000001578e-01
3.650000000000000000e+02 9.976968609374997632e-01 9.996660656250000443e-01
3.700000000000000000e+02 9.988674578124999703e-01 9.976066531249998537e-01
3.750000000000000000e+02 9.984317531249999877e-01 9.986392335937500642e-01
3.800000000000000000e+02 9.981120328125001606e-01 9.995428968749999754e-01
3.850000000000000000e+02 9.980635210937499613e-01 9.982597148437498680e-01
3.900000000000000000e+02 9.980959382812499836e-01 9.986134054687501038e-01
3.950000000000000000e+02 9.989672679687500167e-01 9.995474632812501037e-01
4.000000000000000000e+02 9.976052609374997937e-01 9.999425289062499056e-01
4.050000000000000000e+02 9.988807414062499390e-01 9.987817195312500562e-01
4.100000000000000000e+02 9.975864273437501373e-01 9.989894671874999243e-01
4.150000000000000000e+02 9.981205078125002794e-01 9.987277054687500044e-01
4.200000000000000000e+02 9.987869648437500691e-01 9.979094351562499687e-01
4.250000000000000000e+02 9.980200414062497805e-01 9.992062968749998442e-01
4.300000000000000000e+02 9.989258171875000647e-01 9.997666953124999534e-01
4.350000000000000000e+02 9.983700015624998869e-01 9.992836429687498301e-01
4.400000000000000000e+02 9.977526250000000596e-01 9.995400414062501904e-01
4.450000000000000000e+02 9.994598179687500528e-01 9.981807648437497349e-01
4.500000000000000000e+02 9.981962921875000561e-01 9.993889796874999565e-01
4.550000000000000000e+02 9.980802703125000175e-01 9.989700593749999413e-01
4.600000000000000000e+02 9.991127289062499139e-01 9.995594859374999919e-01
4.650000000000000000e+02 9.999218921875000499e-01 9.992725140624999502e-01
4.700000000000000000e+02 9.973848812499997996e-01 9.997046187500000514e-01
4.750000000000000000e+02 9.997718500000001285e-01 9.999715890624998327e-01
4.800000000000000000e+02 9.980568921874999333e-01 9.994564640624998830e-01
4.850000000000000000e+02 9.999524179687497849e-01 9.986103429687499533e-01
4.900000000000000000e+02 9.991836843750000474e-01 9.995891578124999066e-01
4.950000000000000000e+02 9.975446421875000524e-01 9.988095398437499828e-01
