0.000000000000000000e+00 3.187499999999999362e-02 3.187499999999999362e-02
5.000000000000000000e+00 9.820229421874998588e-01 9.438497070312499293e-01
1.000000000000000000e+01 9.839656570312499406e-01 9.626346164062498101e-01
1.500000000000000000e+01 9.843616085937501037e-01 9.734954601562499921e-01
2.000000000000000000e+01 9.846853546874999585e-01 9.769689156250001005e-01
2.500000000000000000e+01 9.865670632812498786e-01 9.803762960937498772e-01
3.000000000000000000e+01 9.857023140624999735e-01 9.833544023437500448e-01
3.500000000000000000e+01 9.866116539062499413e-01 9.859152937499999769e-01
4.000000000000000000e+01 9.861544617187499862e-01 9.864331851562502251e-01
4.500000000000000000e+01 9.867620468750001317e-01 9.885512937499999486e-01
5.000000000000000000e+01 9.866173921874998864e-01 9.877768929687498201e-01
5.500000000000000000e+01 9.860494843750000626e-01 9.903895210937498916e-01
6.000000000000000000e+01 9.863458585937496803e-01 9.913819124999999621e-01
6.500000000000000000e+01 9.866161859374997789e-01 9.914324749999998687e-01
7.000000000000000000e+01 9.867399429687498946e-01 9.920623156250000241e-01
7.500000000000000000e+01 9.885660070312500824e-01 9.937714609375000174e-01
8.000000000000000000e+01 9.872599687500001053e-01 9.934415179687497988e-01
8.500000000000000000e+01 9.873599546875000410e-01 9.930562179687498769e-01
9.000000000000000000e+01 9.866364179687499014e-01 9.938660578124999256e-01
9.500000000000000000e+01 9.870197562499999355e-01 9.931126007812501877e-01
1.000000000000000000e+02 9.885173179687500866e-01 9.954117789062498778e-01
1.050000000000000000e+02 9.880997507812500080e-01 9.958140984374999061e-01
1.100000000000000000e+02 9.866097039062499130e-01 9.955475445312499394e-01
1.150000000000000000e+02 9.879652148437498838e-01 9.965424085937499843e-01
1.200000000000000000e+02 9.879057062500002928e-01 9.959224703125000300e-01
1.250000000000000000e+02 9.878898859374999342e-01 9.950682320312498330e-01
1.300000000000000000e+02 9.880874851562498895e-01 9.954411015624999859e-01
1.350000000000000000e+02 9.884344398437499013e-01 9.970712273437498663e-01
1.400000000000000000e+02 9.875241781250000406e-01 9.966408820312500083e-01
1.450000000000000000e+02 9.883859929687499601e-01 9.967968765624999339e-01
1.500000000000000000e+02 9.884742124999998936e-01 9.974270414062498258e-01
1.550000000000000000e+02 9.887354273437498620e-01 9.971042953124997776e-01
1.600000000000000000e+02 9.890674984374999701e-01 9.972122406249999127e-01
1.650000000000000000e+02 9.890624148437499041e-01 9.975412390624999182e-01
1.700000000000000000e+02 9.884547335937499124e-01 9.978373124999999622e-01
1.750000000000000000e+02 9.882681898437499779e-01 9.973383250000000810e-01
1.800000000000000000e+02 9.897578421874999588e-01 9.979560695312500451e-01
1.850000000000000000e+02 9.883653585937499653e-01 9.977097875000000560e-01
1.900000000000000000e+02 9.890377007812499732e-01 9.984042984375000040e-01
1.950000000000000000e+02 9.884961773437499488e-01 9.968256484375001003e-01
2.000000000000000000e+02 9.890552179687498446e-01 9.972855359375001338e-01
2.050000000000000000e+02 9.879229624999996684e-01 9.978686492187497370e-01
2.100000000000000000e+02 9.892878734375001315e-01 9.977899921874999745e-01
2.150000000000000000e+02 9.896513648437499366e-01 9.984409476562499108e-01
2.200000000000000000e+02 9.901171640625001658e-01 9.972400554687499419e-01
2.250000000000000000e+02 9.889959984374998569e-01 9.976487664062499983e-01
2.300000000000000000e+02 9.902274609375000258e-01 9.979708812499999970e-01
2.350000000000000000e+02 9.891957898437497843e-01 9.990614718749999401e-01
2.400000000000000000e+02 9.894902132812498641e-01 9.982874765625000535e-01
2.450000000000000000e+02 9.894226148437501589e-01 9.976081203124997909e-01
2.500000000000000000e+02 9.904252296875000194e-01 9.985826664062498192e-01
2.550000000000000000e+02 9.902068328125001040e-01 9.967938015624998593e-01
2.600000000000000000e+02 9.897989460937500761e-01 9.988359484374997876e-01
2.650000000000000000e+02 9.904473742187500651e-01 9.986637351562499543e-01
2.700000000000000000e+02 9.903155656250000050e-01 9.989438914062500618e-01
2.750000000000000000e+02 9.890357656249999518e-01 9.978836312500000139e-01
2.800000000000000000e+02 9.896588085937502166e-01 9.989240359375000100e-01
2.850000000000000000e+02 9.888775039062499550e-01 9.988957992187501578e-01
2.900000000000000000e+02 9.906257382812500012e-01 9.986579687500001246e-01
2.950000000000000000e+02 9.902606468749997060e-01 9.981464374999999833e-01
3.000000000000000000e+02 9.895490507812502168e-01 9.988728351562501384e-01
3.050000000000000000e+02 9.904526226562498925e-01 9.990784328125000835e-01
3.100000000000000000e+02 9.888738609375000710e-01 9.998950468749999709e-01
3.150000000000000000e+02 9.897018992187500697e-01 9.980619218749999799e-01
3.200000000000000000e+02 9.900149125000000661e-01 9.984564937500000070e-01
3.250000000000000000e+02 9.906135757812501996e-01 9.989977031249998030e-01
3.300000000000000000e+02 9.910965414062499201e-01 9.977103132812498165e-01
3.350000000000000000e+02 9.907182085937501492e-01 9.996287859375000417e-01
3.400000000000000000e+02 9.907642078124998530e-01 9.987758296875000052e-01
3.450000000000000000e+02 9.895855148437497917e-01 9.994665718750000982e-01
3.500000000000000000e+02 9.900678562499999336e-01 9.999974828125001158e-01
3.550000000000000000e+02 9.904837921874998230e-01 9.977705960937500729e-01
3.600000000000000000e+02 9.902548648437500267e-01 9.978692125000001578e-01
3.650000000000000000e+02 9.903504171874999429e-01 9.996660656250000443e-01
3.700000000000000000e+02 9.917687734374999176e-01 9.976066531249998537e-01
3.750000000000000000e+02 9.906566171875000881e-01 9.986392335937500642e-01
3.800000000000000000e+02 9.900362375000000270e-01 9.995428968749999754e-01
3.850000000000000000e+02 9.912807703125000591e-01 9.982597148437498680e-01
3.900000000000000000e+02 9.909698398437498668e-01 9.986134054687501038e-01
3.950000000000000000e+02 9.908506773437497639e-01 9.995474632812501037e-01
4.000000000000000000e+02 9.907562414062500711e-01 9.999425289062499056e-01
4.050000000000000000e+02 9.906627374999998903e-01 9.987817195312500562e-01
4.100000000000000000e+02 9.916908507812498552e-01 9.989894671874999243e-01
4.150000000000000000e+02 9.898883351562499655e-01 9.987277054687500044e-01
4.200000000000000000e+02 9.911441625000000366e-01 9.979094351562499687e-01
4.250000000000000000e+02 9.910125523437500750e-01 9.992062968749998442e-01
4.300000000000000000e+02 9.913370718750000865e-01 9.997666953124999534e-01
4.350000000000000000e+02 9.909505179687499998e-01 9.992836429687498301e-01
4.400000000000000000e+02 9.907323960937499674e-01 9.995400414062501904e-01
4.450000000000000000e+02 9.906235867187500599e-01 9.981807648437497349e-01
4.500000000000000000e+02 9.916487023437499104e-01 9.993889796874999565e-01
4.550000000000000000e+02 9.904521023437498073e-01 9.989700593749999413e-01
4.600000000000000000e+02 9.913910226562500094e-01 9.995594859374999919e-01
4.650000000000000000e+02 9.907020531249999262e-01 9.992725140624999502e-01
4.700000000000000000e+02 9.914836601562500018e-01 9.997046187500000514e-01
4.750000000000000000e+02 9.917990359374998510e-01 9.999715890624998327e-01
4.800000000000000000e+02 9.911184210937499239e-01 9.994564640624998830e-01
4.850000000000000000e+02 9.900650640624999443e-01 9.986103429687499533e-01
4.900000000000000000e+02 9.916332234375000443e-01 9.995891578124999066e-01
4.950000000000000000e+02 9.901904109374999319e-01 9.988095398437499828e-01
