0.000000000000000000e+00 3.187499999999999362e-02 3.187499999999999362e-02
5.000000000000000000e+00 9.342771398437499375e-01 9.438497070312499293e-01
1.000000000000000000e+01 9.569829726562500971e-01 9.626346164062498101e-01
1.500000000000000000e+01 9.691748703124998254e-01 9.734954601562499921e-01
2.000000000000000000e+01 9.750094312499998361e-01 9.769689156250001005e-01
2.500000000000000000e+01 9.795524085937499237e-01 9.803762960937498772e-01
3.000000000000000000e+01 9.819066429687500763e-01 9.833544023437500448e-01
3.500000000000000000e+01 9.848587117187499462e-01 9.859152937499999769e-01
4.000000000000000000e+01 9.860965734375000125e-01 9.864331851562502251e-01
4.500000000000000000e+01 9.883389429687496897e-01 9.885512937499999486e-01
5.000000000000000000e+01 9.904370203124995831e-01 9.877768929687498201e-01
5.500000000000000000e+01 9.903691218749998137e-01 9.903895210937498916e-01
6.000000000000000000e+01 9.912509546874996857e-01 9.913819124999999621e-01
6.500000000000000000e+01 9.928390257812500508e-01 9.914324749999998687e-01
7.000000000000000000e+01 9.933539296874999147e-01 9.920623156250000241e-01
7.500000000000000000e+01 9.936925242187498730e-01 9.937714609375000174e-01
8.000000000000000000e+01 9.943673960937500222e-01 9.934415179687497988e-01
8.500000000000000000e+01 9.948404562500000603e-01 9.930562179687498769e-01
9.000000000000000000e+01 9.950954070312499899e-01 9.938660578124999256e-01
9.500000000000000000e+01 9.957708632812499738e-01 9.931126007812501877e-01
1.000000000000000000e+02 9.956536648437499526e-01 9.954117789062498778e-01
1.050000000000000000e+02 9.970138242187498445e-01 9.958140984374999061e-01
1.100000000000000000e+02 9.958541054687499727e-01 9.955475445312499394e-01
1.150000000000000000e+02 9.958096554687498880e-01 9.965424085937499843e-01
1.200000000000000000e+02 9.959325460937499264e-01 9.959224703125000300e-01
1.250000000000000000e+02 9.969654523437500027e-01 9.950682320312498330e-01
1.300000000000000000e+02 9.974709124999998622e-01 9.954411015624999859e-01
1.350000000000000000e+02 9.972721687499997989e-01 9.970712273437498663e-01
1.400000000000000000e+02 9.968664390624999427e-01 9.966408820312500083e-01
1.450000000000000000e+02 9.973382703124998860e-01 9.967968765624999339e-01
1.500000000000000000e+02 9.975952148437498002e-01 9.974270414062498258e-01
1.550000000000000000e+02 9.983226757812498908e-01 9.971042953124997776e-01
1.600000000000000000e+02 9.993496117187499195e-01 9.972122406249999127e-01
1.650000000000000000e+02 9.988060874999998839e-01 9.975412390624999182e-01
1.700000000000000000e+02 9.983999109374999126e-01 9.978373124999999622e-01
1.750000000000000000e+02 9.986260257812501484e-01 9.973383250000000810e-01
1.800000000000000000e+02 9.973093562499999454e-01 9.979560695312500451e-01
1.850000000000000000e+02 9.978954453125000734e-01 9.977097875000000560e-01
1.900000000000000000e+02 9.981227601562497886e-01 9.984042984375000040e-01
1.950000000000000000e+02 9.988482515625000113e-01 9.968256484375001003e-01
2.000000000000000000e+02 9.979673742187502583e-01 9.972855359375001338e-01
2.050000000000000000e+02 9.991171250000000503e-01 9.978686492187497370e-01
2.100000000000000000e+02 9.988544656249999099e-01 9.977899921874999745e-01
2.150000000000000000e+02 9.978024125000001243e-01 9.984409476562499108e-01
2.200000000000000000e+02 9.984583164062501570e-01 9.972400554687499419e-01
2.250000000000000000e+02 9.991257226562501037e-01 9.976487664062499983e-01
2.300000000000000000e+02 9.989117148437500759e-01 9.979708812499999970e-01
2.350000000000000000e+02 9.986885320312497427e-01 9.990614718749999401e-01
2.400000000000000000e+02 9.982468523437498797e-01 9.982874765625000535e-01
2.450000000000000000e+02 9.995526640624999848e-01 9.976081203124997909e-01
2.500000000000000000e+02 9.981272367187499217e-01 9.985826664062498192e-01
2.550000000000000000e+02 9.986954734374998699e-01 9.967938015624998593e-01
2.600000000000000000e+02 9.980964609374998187e-01 9.988359484374997876e-01
2.650000000000000000e+02 9.989145039062499176e-01 9.986637351562499543e-01
2.700000000000000000e+02 9.986376476562499604e-01 9.989438914062500618e-01
2.750000000000000000e+02 9.988422570312499582e-01 9.978836312500000139e-01
2.800000000000000000e+02 9.977922500000000472e-01 9.989240359375000100e-01
2.850000000000000000e+02 9.982140171874999135e-01 9.988957992187501578e-01
2.900000000000000000e+02 9.984392101562498123e-01 9.986579687500001246e-01
2.950000000000000000e+02 9.983618414062499502e-01 9.981464374999999833e-01
3.000000000000000000e+02 9.980577976562500231e-01 9.988728351562501384e-01
3.050000000000000000e+02 9.992071992187497864e-01 9.990784328125000835e-01
3.100000000000000000e+02 9.989372437500000368e-01 9.998950468749999709e-01
3.150000000000000000e+02 9.993133640624998204e-01 9.980619218749999799e-01
3.200000000000000000e+02 9.998517874999997002e-01 9.984564937500000070e-01
3.250000000000000000e+02 9.995616921874997951e-01 9.989977031249998030e-01
3.300000000000000000e+02 9.989460679687501843e-01 9.977103132812498165e-01
3.350000000000000000e+02 9.996539624999998264e-01 9.996287859375000417e-01
3.400000000000000000e+02 1.000092596875000073e+00 9.987758296875000052e-01
3.450000000000000000e+02 1.000842585937499862e+00 9.994665718750000982e-01
3.500000000000000000e+02 9.987059562499999155e-01 9.999974828125001158e-01
3.550000000000000000e+02 1.000304128906249979e+00 9.977705960937500729e-01
3.600000000000000000e+02 9.987875273437498702e-01 9.978692125000001578e-01
3.650000000000000000e+02 1.000061737500000048e+00 9.996660656250000443e-01
3.700000000000000000e+02 9.995165820312500449e-01 9.976066531249998537e-01
3.750000000000000000e+02 9.994069179687501414e-01 9.986392335937500642e-01
3.800000000000000000e+02 9.994229695312499828e-01 9.995428968749999754e-01
3.850000000000000000e+02 9.994774656249999500e-01 9.982597148437498680e-01
3.900000000000000000e+02 1.000454643749999928e+00 9.986134054687501038e-01
3.950000000000000000e+02 9.998052093749999480e-01 9.995474632812501037e-01
4.000000000000000000e+02 9.993852023437499454e-01 9.999425289062499056e-01
4.050000000000000000e+02 9.993615367187500542e-01 9.987817195312500562e-01
4.100000000000000000e+02 9.998372789062498489e-01 9.989894671874999243e-01
4.150000000000000000e+02 9.995301234375000288e-01 9.987277054687500044e-01
4.200000000000000000e+02 9.997947859374999302e-01 9.979094351562499687e-01
4.250000000000000000e+02 9.990784101562499853e-01 9.992062968749998442e-01
4.300000000000000000e+02 9.991931046874997779e-01 9.997666953124999534e-01
4.350000000000000000e+02 1.000042281250000054e+00 9.992836429687498301e-01
4.400000000000000000e+02 9.991311554687498653e-01 9.995400414062501904e-01
4.450000000000000000e+02 1.000771288281250060e+00 9.981807648437497349e-01
4.500000000000000000e+02 9.996225000000003025e-01 9.993889796874999565e-01
4.550000000000000000e+02 9.995530609374997377e-01 9.989700593749999413e-01
4.600000000000000000e+02 1.000049372656250046e+00 9.995594859374999919e-01
4.650000000000000000e+02 9.993551593750001905e-01 9.992725140624999502e-01
4.700000000000000000e+02 9.999874218750001154e-01 9.997046187500000514e-01
4.750000000000000000e+02 9.998316468749998132e-01 9.999715890624998327e-01
4.800000000000000000e+02 1.000408157031249967e+00 9.994564640624998830e-01
4.850000000000000000e+02 1.000189450781250100e+00 9.986103429687499533e-01
4.900000000000000000e+02 9.995968718749999038e-01 9.995891578124999066e-01
4.950000000000000000e+02 9.994840445312499488e-01 9.988095398437499828e-01
