0.000000000000000000e+00 3.187499999999999362e-02 3.187499999999999362e-02
5.000000000000000000e+00 9.749573859374999207e-01 9.438497070312499293e-01
1.000000000000000000e+01 9.782749804687501660e-01 9.626346164062498101e-01
1.500000000000000000e+01 9.778401921874998459e-01 9.734954601562499921e-01
2.000000000000000000e+01 9.794552484374999812e-01 9.769689156250001005e-01
2.500000000000000000e+01 9.792616250000000244e-01 9.803762960937498772e-01
3.000000000000000000e+01 9.800443921874999464e-01 9.833544023437500448e-01
3.500000000000000000e+01 9.800502945312500325e-01 9.859152937499999769e-01
4.000000000000000000e+01 9.803189078124999734e-01 9.864331851562502251e-01
4.500000000000000000e+01 9.803235101562499665e-01 9.885512937499999486e-01
5.000000000000000000e+01 9.803050499999999001e-01 9.877768929687498201e-01
5.500000000000000000e+01 9.796413054687498345e-01 9.903895210937498916e-01
6.000000000000000000e+01 9.815162171874998176e-01 9.913819124999999621e-01
6.500000000000000000e+01 9.807611945312499913e-01 9.914324749999998687e-01
7.000000000000000000e+01 9.811711742187499974e-01 9.920623156250000241e-01
7.500000000000000000e+01 9.812774960937499236e-01 9.937714609375000174e-01
8.000000000000000000e+01 9.810255421875000437e-01 9.934415179687497988e-01
8.500000000000000000e+01 9.796642898437500913e-01 9.930562179687498769e-01
9.000000000000000000e+01 9.816968445312497238e-01 9.938660578124999256e-01
9.500000000000000000e+01 9.819009171874999442e-01 9.931126007812501877e-01
1.000000000000000000e+02 9.812494718750001121e-01 9.954117789062498778e-01
1.050000000000000000e+02 9.803991437499997019e-01 9.958140984374999061e-01
1.100000000000000000e+02 9.821720984374999741e-01 9.955475445312499394e-01
1.150000000000000000e+02 9.815998070312499379e-01 9.965424085937499843e-01
1.200000000000000000e+02 9.818840546875001740e-01 9.959224703125000300e-01
1.250000000000000000e+02 9.813261609374999139e-01 9.950682320312498330e-01
1.300000000000000000e+02 9.820396578124999110e-01 9.954411015624999859e-01
1.350000000000000000e+02 9.837822625000001153e-01 9.970712273437498663e-01
1.400000000000000000e+02 9.805488093749999967e-01 9.966408820312500083e-01
1.450000000000000000e+02 9.824252695312500894e-01 9.967968765624999339e-01
1.500000000000000000e+02 9.834973835937498299e-01 9.974270414062498258e-01
1.550000000000000000e+02 9.830848851562498103e-01 9.971042953124997776e-01
1.600000000000000000e+02 9.825772273437500814e-01 9.972122406249999127e-01
1.650000000000000000e+02 9.828709648437499169e-01 9.975412390624999182e-01
1.700000000000000000e+02 9.841529171875000870e-01 9.978373124999999622e-01
1.750000000000000000e+02 9.840672187500001389e-01 9.973383250000000810e-01
1.800000000000000000e+02 9.833726656249999198e-01 9.979560695312500451e-01
1.850000000000000000e+02 9.825811328125000355e-01 9.977097875000000560e-01
1.900000000000000000e+02 9.819954804687498484e-01 9.984042984375000040e-01
1.950000000000000000e+02 9.842016257812499225e-01 9.968256484375001003e-01
2.000000000000000000e+02 9.827697632812499862e-01 9.972855359375001338e-01
2.050000000000000000e+02 9.824528437500001932e-01 9.978686492187497370e-01
2.100000000000000000e+02 9.842782414062499763e-01 9.977899921874999745e-01
2.150000000000000000e+02 9.841697804687499218e-01 9.984409476562499108e-01
2.200000000000000000e+02 9.837068820312498962e-01 9.972400554687499419e-01
2.250000000000000000e+02 9.835113570312501441e-01 9.976487664062499983e-01
2.300000000000000000e+02 9.836807593750001022e-01 9.979708812499999970e-01
2.350000000000000000e+02 9.842320445312500166e-01 9.990614718749999401e-01
2.400000000000000000e+02 9.839677539062503531e-01 9.982874765625000535e-01
2.450000000000000000e+02 9.847782351562498482e-01 9.976081203124997909e-01
2.500000000000000000e+02 9.854271953125000039e-01 9.985826664062498192e-01
2.550000000000000000e+02 9.843265921874999602e-01 9.967938015624998593e-01
2.600000000000000000e+02 9.844347921874998519e-01 9.988359484374997876e-01
2.650000000000000000e+02 9.834711656249999212e-01 9.986637351562499543e-01
2.700000000000000000e+02 9.843410726562499269e-01 9.989438914062500618e-01
2.750000000000000000e+02 9.845921929687501128e-01 9.978836312500000139e-01
2.800000000000000000e+02 9.850185281250002367e-01 9.989240359375000100e-01
2.850000000000000000e+02 9.846539718749998116e-01 9.988957992187501578e-01
2.900000000000000000e+02 9.846405171875000084e-01 9.986579687500001246e-01
2.950000000000000000e+02 9.847234085937497383e-01 9.981464374999999833e-01
3.000000000000000000e+02 9.836779523437501060e-01 9.988728351562501384e-01
3.050000000000000000e+02 9.862802117187499107e-01 9.990784328125000835e-01
3.100000000000000000e+02 9.846712546874998306e-01 9.998950468749999709e-01
3.150000000000000000e+02 9.840314468749997712e-01 9.980619218749999799e-01
3.200000000000000000e+02 9.842271070312499370e-01 9.984564937500000070e-01
3.250000000000000000e+02 9.836680703124999203e-01 9.989977031249998030e-01
3.300000000000000000e+02 9.845529578125000736e-01 9.977103132812498165e-01
3.350000000000000000e+02 9.850950898437498271e-01 9.996287859375000417e-01
3.400000000000000000e+02 9.849018499999999676e-01 9.987758296875000052e-01
3.450000000000000000e+02 9.834431460937498315e-01 9.994665718750000982e-01
3.500000000000000000e+02 9.847526453124999524e-01 9.999974828125001158e-01
3.550000000000000000e+02 9.850618273437501404e-01 9.977705960937500729e-01
3.600000000000000000e+02 9.848369664062500695e-01 9.978692125000001578e-01
3.650000000000000000e+02 9.852618789062501659e-01 9.996660656250000443e-01
3.700000000000000000e+02 9.849878671875000880e-01 9.976066531249998537e-01
3.750000000000000000e+02 9.850917617187500142e-01 9.986392335937500642e-01
3.800000000000000000e+02 9.855191703124999147e-01 9.995428968749999754e-01
3.850000000000000000e+02 9.854833031250000985e-01 9.982597148437498680e-01
3.900000000000000000e+02 9.849932718749998539e-01 9.986134054687501038e-01
3.950000000000000000e+02 9.863751554687499867e-01 9.995474632812501037e-01
4.000000000000000000e+02 9.848535671875000563e-01 9.999425289062499056e-01
4.050000000000000000e+02 9.850336195312499044e-01 9.987817195312500562e-01
4.100000000000000000e+02 9.856731890624998993e-01 9.989894671874999243e-01
4.150000000000000000e+02 9.849482562500000427e-01 9.987277054687500044e-01
4.200000000000000000e+02 9.859557859374999955e-01 9.979094351562499687e-01
4.250000000000000000e+02 9.851488749999998129e-01 9.992062968749998442e-01
4.300000000000000000e+02 9.857473406249999126e-01 9.997666953124999534e-01
4.350000000000000000e+02 9.841399265624998227e-01 9.992836429687498301e-01
4.400000000000000000e+02 9.861593882812499379e-01 9.995400414062501904e-01
4.450000000000000000e+02 9.856222171874998716e-01 9.981807648437497349e-01
4.500000000000000000e+02 9.866189382812498021e-01 9.993889796874999565e-01
4.550000000000000000e+02 9.868807960937499013e-01 9.989700593749999413e-01
4.600000000000000000e+02 9.863844859374999441e-01 9.995594859374999919e-01
4.650000000000000000e+02 9.854515296875000496e-01 9.992725140624999502e-01
4.700000000000000000e+02 9.861283343750001373e-01 9.997046187500000514e-01
4.750000000000000000e+02 9.852564085937499661e-01 9.999715890624998327e-01
4.800000000000000000e+02 9.853653554687499261e-01 9.994564640624998830e-01
4.850000000000000000e+02 9.857858953124999379e-01 9.986103429687499533e-01
4.900000000000000000e+02 9.865042609374998772e-01 9.995891578124999066e-01
4.950000000000000000e+02 9.862910460937500678e-01 9.988095398437499828e-01
