0.000000000000000000e+00 3.187499999999999362e-02 3.187499999999999362e-02
5.000000000000000000e+00 9.952974281249998834e-01 9.438497070312499293e-01
1.000000000000000000e+01 9.970015492187499495e-01 9.626346164062498101e-01
1.500000000000000000e+01 9.973520007812501920e-01 9.734954601562499921e-01
2.000000000000000000e+01 9.987842109374998056e-01 9.769689156250001005e-01
2.500000000000000000e+01 9.974577140624999450e-01 9.803762960937498772e-01
3.000000000000000000e+01 9.972968695312498522e-01 9.833544023437500448e-01
3.500000000000000000e+01 9.989712015624998553e-01 9.859152937499999769e-01
4.000000000000000000e+01 9.991245601562497303e-01 9.864331851562502251e-01
4.500000000000000000e+01 9.986727828124999373e-01 9.885512937499999486e-01
5.000000000000000000e+01 9.990139210937497571e-01 9.877768929687498201e-01
5.500000000000000000e+01 9.983948078124997849e-01 9.903895210937498916e-01
6.000000000000000000e+01 9.995185218749998990e-01 9.913819124999999621e-01
6.500000000000000000e+01 9.986754664062500453e-01 9.914324749999998687e-01
7.000000000000000000e+01 9.986939664062498556e-01 9.920623156250000241e-01
7.500000000000000000e+01 1.000363796093749702e+00 9.937714609375000174e-01
8.000000000000000000e+01 1.000401856249999888e+00 9.934415179687497988e-01
8.500000000000000000e+01 9.987885546874999410e-01 9.930562179687498769e-01
9.000000000000000000e+01 9.990882109374996656e-01 9.938660578124999256e-01
9.500000000000000000e+01 9.989274750000001202e-01 9.931126007812501877e-01
1.000000000000000000e+02 1.000245446874999722e+00 9.954117789062498778e-01
1.050000000000000000e+02 9.990683187500000173e-01 9.958140984374999061e-01
1.100000000000000000e+02 9.987906367187496803e-01 9.955475445312499394e-01
1.150000000000000000e+02 9.988996210937498565e-01 9.965424085937499843e-01
1.200000000000000000e+02 9.987816039062498152e-01 9.959224703125000300e-01
1.250000000000000000e+02 1.000261841406249852e+00 9.950682320312498330e-01
1.300000000000000000e+02 1.000068742968749813e+00 9.954411015624999859e-01
1.350000000000000000e+02 1.000196409374999984e+00 9.970712273437498663e-01
1.400000000000000000e+02 9.983679249999999339e-01 9.966408820312500083e-01
1.450000000000000000e+02 9.996045179687499393e-01 9.967968765624999339e-01
1.500000000000000000e+02 9.995042617187500644e-01 9.974270414062498258e-01
1.550000000000000000e+02 9.994812726562496419e-01 9.971042953124997776e-01
1.600000000000000000e+02 9.993456695312501470e-01 9.972122406249999127e-01
1.650000000000000000e+02 9.995727257812501154e-01 9.975412390624999182e-01
1.700000000000000000e+02 1.000302872656249953e+00 9.978373124999999622e-01
1.750000000000000000e+02 1.000572860937499975e+00 9.973383250000000810e-01
1.800000000000000000e+02 1.000400860937499914e+00 9.979560695312500451e-01
1.850000000000000000e+02 9.998765867187499046e-01 9.977097875000000560e-01
1.900000000000000000e+02 1.000177289062500030e+00 9.984042984375000040e-01
1.950000000000000000e+02 9.999532351562498977e-01 9.968256484375001003e-01
2.000000000000000000e+02 1.000418914062499942e+00 9.972855359375001338e-01
2.050000000000000000e+02 9.996043851562500526e-01 9.978686492187497370e-01
2.100000000000000000e+02 1.000317930468749950e+00 9.977899921874999745e-01
2.150000000000000000e+02 9.993852343749999312e-01 9.984409476562499108e-01
2.200000000000000000e+02 1.000353497656250035e+00 9.972400554687499419e-01
2.250000000000000000e+02 9.997940742187502172e-01 9.976487664062499983e-01
2.300000000000000000e+02 9.991651101562497583e-01 9.979708812499999970e-01
2.350000000000000000e+02 1.000222157031250170e+00 9.990614718749999401e-01
2.400000000000000000e+02 9.986923546874999502e-01 9.982874765625000535e-01
2.450000000000000000e+02 9.992492125000002057e-01 9.976081203124997909e-01
2.500000000000000000e+02 9.987795640625000138e-01 9.985826664062498192e-01
2.550000000000000000e+02 9.988189476562500113e-01 9.967938015624998593e-01
2.600000000000000000e+02 9.990424289062499463e-01 9.988359484374997876e-01
2.650000000000000000e+02 1.000342801562499995e+00 9.986637351562499543e-01
2.700000000000000000e+02 9.995734984374999854e-01 9.989438914062500618e-01
2.750000000000000000e+02 1.000059542968749771e+00 9.978836312500000139e-01
2.800000000000000000e+02 9.990837265624999963e-01 9.989240359375000100e-01
2.850000000000000000e+02 9.991128828124997696e-01 9.988957992187501578e-01
2.900000000000000000e+02 9.987757953124999366e-01 9.986579687500001246e-01
2.950000000000000000e+02 9.997532484375000195e-01 9.981464374999999833e-01
3.000000000000000000e+02 9.992527695312499736e-01 9.988728351562501384e-01
3.050000000000000000e+02 1.000096864062499868e+00 9.990784328125000835e-01
3.100000000000000000e+02 9.992184945312496680e-01 9.998950468749999709e-01
3.150000000000000000e+02 9.995591195312499844e-01 9.980619218749999799e-01
3.200000000000000000e+02 9.998739156250000537e-01 9.984564937500000070e-01
3.250000000000000000e+02 9.992147375000000054e-01 9.989977031249998030e-01
3.300000000000000000e+02 1.000756649218749850e+00 9.977103132812498165e-01
3.350000000000000000e+02 1.000164665624999838e+00 9.996287859375000417e-01
3.400000000000000000e+02 9.999382492187501859e-01 9.987758296875000052e-01
3.450000000000000000e+02 9.996552062500001501e-01 9.994665718750000982e-01
3.500000000000000000e+02 9.991515968749998811e-01 9.999974828125001158e-01
3.550000000000000000e+02 1.000256014843750041e+00 9.977705960937500729e-01
3.600000000000000000e+02 1.000030435156249897e+00 9.978692125000001578e-01
3.650000000000000000e+02 9.996242601562498331e-01 9.996660656250000443e-01
3.700000000000000000e+02 9.990950179687502208e-01 9.976066531249998537e-01
3.750000000000000000e+02 9.995875648437501093e-01 9.986392335937500642e-01
3.800000000000000000e+02 9.995345796875000355e-01 9.995428968749999754e-01
3.850000000000000000e+02 1.000228552343749966e+00 9.982597148437498680e-01
3.900000000000000000e+02 9.988410531250002666e-01 9.986134054687501038e-01
3.950000000000000000e+02 1.000471283593749927e+00 9.995474632812501037e-01
4.000000000000000000e+02 1.000568068749999817e+00 9.999425289062499056e-01
4.050000000000000000e+02 9.992566023437499112e-01 9.987817195312500562e-01
4.100000000000000000e+02 1.001533285937500128e+00 9.989894671874999243e-01
4.150000000000000000e+02 9.990637867187499577e-01 9.987277054687500044e-01
4.200000000000000000e+02 1.000152830468750143e+00 9.979094351562499687e-01
4.250000000000000000e+02 1.000317454687499774e+00 9.992062968749998442e-01
4.300000000000000000e+02 9.996036921875000036e-01 9.997666953124999534e-01
4.350000000000000000e+02 1.000004043749999960e+00 9.992836429687498301e-01
4.400000000000000000e+02 9.998656421874997369e-01 9.995400414062501904e-01
4.450000000000000000e+02 9.998906062499999248e-01 9.981807648437497349e-01
4.500000000000000000e+02 9.997841781249998672e-01 9.993889796874999565e-01
4.550000000000000000e+02 1.000148594531249824e+00 9.989700593749999413e-01
4.600000000000000000e+02 1.000121985156249727e+00 9.995594859374999919e-01
4.650000000000000000e+02 1.000039516406250106e+00 9.992725140624999502e-01
4.700000000000000000e+02 1.000668371875000018e+00 9.997046187500000514e-01
4.750000000000000000e+02 1.000141875781249912e+00 9.999715890624998327e-01
4.800000000000000000e+02 1.000233489843749934e+00 9.994564640624998830e-01
4.850000000000000000e+02 9.992358867187498550e-01 9.986103429687499533e-01
4.900000000000000000e+02 1.000346790625000093e+00 9.995891578124999066e-01
4.950000000000000000e+02 9.985364070312497953e-01 9.988095398437499828e-01
