0.000000000000000000e+00 3.187499999999999362e-02 3.187499999999999362e-02
5.000000000000000000e+00 9.836184054687500122e-01 9.438497070312499293e-01
1.000000000000000000e+01 9.864948375000001102e-01 9.626346164062498101e-01
1.500000000000000000e+01 9.867135898437500163e-01 9.734954601562499921e-01
2.000000000000000000e+01 9.892506578125001004e-01 9.769689156250001005e-01
2.500000000000000000e+01 9.888870460937498885e-01 9.803762960937498772e-01
3.000000000000000000e+01 9.899865593749996862e-01 9.833544023437500448e-01
3.500000000000000000e+01 9.909833828124998689e-01 9.859152937499999769e-01
4.000000000000000000e+01 9.911962007812500364e-01 9.864331851562502251e-01
4.500000000000000000e+01 9.912923492187498686e-01 9.885512937499999486e-01
5.000000000000000000e+01 9.898020679687498102e-01 9.877768929687498201e-01
5.500000000000000000e+01 9.925022187499999982e-01 9.903895210937498916e-01
6.000000000000000000e+01 9.922028218750000850e-01 9.913819124999999621e-01
6.500000000000000000e+01 9.921428554687498069e-01 9.914324749999998687e-01
7.000000000000000000e+01 9.925970781249999764e-01 9.920623156250000241e-01
7.500000000000000000e+01 9.933494890624998686e-01 9.937714609375000174e-01
8.000000000000000000e+01 9.929981937499998690e-01 9.934415179687497988e-01
8.500000000000000000e+01 9.930766195312499267e-01 9.930562179687498769e-01
9.000000000000000000e+01 9.930334195312499057e-01 9.938660578124999256e-01
9.500000000000000000e+01 9.934652445312499580e-01 9.931126007812501877e-01
1.000000000000000000e+02 9.933629523437499387e-01 9.954117789062498778e-01
1.050000000000000000e+02 9.950601023437503079e-01 9.958140984374999061e-01
1.100000000000000000e+02 9.934198445312499848e-01 9.955475445312499394e-01
1.150000000000000000e+02 9.934820132812498539e-01 9.965424085937499843e-01
1.200000000000000000e+02 9.949745898437498681e-01 9.959224703125000300e-01
1.250000000000000000e+02 9.935893687500000349e-01 9.950682320312498330e-01
1.300000000000000000e+02 9.935587585937497579e-01 9.954411015624999859e-01
1.350000000000000000e+02 9.936265726562499845e-01 9.970712273437498663e-01
1.400000000000000000e+02 9.935618781249999643e-01 9.966408820312500083e-01
1.450000000000000000e+02 9.940539687499997390e-01 9.967968765624999339e-01
1.500000000000000000e+02 9.941518906249999787e-01 9.974270414062498258e-01
1.550000000000000000e+02 9.946215679687501199e-01 9.971042953124997776e-01
1.600000000000000000e+02 9.938400210937498036e-01 9.972122406249999127e-01
1.650000000000000000e+02 9.946254968749999037e-01 9.975412390624999182e-01
1.700000000000000000e+02 9.946713781249998387e-01 9.978373124999999622e-01
1.750000000000000000e+02 9.961934398437500837e-01 9.973383250000000810e-01
1.800000000000000000e+02 9.932184749999999340e-01 9.979560695312500451e-01
1.850000000000000000e+02 9.933427992187497946e-01 9.977097875000000560e-01
1.900000000000000000e+02 9.948911382812500870e-01 9.984042984375000040e-01
1.950000000000000000e+02 9.947103695312499161e-01 9.968256484375001003e-01
2.000000000000000000e+02 9.945766968750000547e-01 9.972855359375001338e-01
2.050000000000000000e+02 9.943759453124998426e-01 9.978686492187497370e-01
2.100000000000000000e+02 9.944425898437498912e-01 9.977899921874999745e-01
2.150000000000000000e+02 9.938519742187500450e-01 9.984409476562499108e-01
2.200000000000000000e+02 9.938252296874999780e-01 9.972400554687499419e-01
2.250000000000000000e+02 9.940087585937499304e-01 9.976487664062499983e-01
2.300000000000000000e+02 9.951085773437500226e-01 9.979708812499999970e-01
2.350000000000000000e+02 9.955644398437499820e-01 9.990614718749999401e-01
2.400000000000000000e+02 9.954164851562501415e-01 9.982874765625000535e-01
2.450000000000000000e+02 9.947419640625000392e-01 9.976081203124997909e-01
2.500000000000000000e+02 9.945830156250001775e-01 9.985826664062498192e-01
2.550000000000000000e+02 9.955906804687500999e-01 9.967938015624998593e-01
2.600000000000000000e+02 9.962008531250001742e-01 9.988359484374997876e-01
2.650000000000000000e+02 9.960918367187501232e-01 9.986637351562499543e-01
2.700000000000000000e+02 9.951258570312500051e-01 9.989438914062500618e-01
2.750000000000000000e+02 9.958997078125001456e-01 9.978836312500000139e-01
2.800000000000000000e+02 9.959957828124998969e-01 9.989240359375000100e-01
2.850000000000000000e+02 9.957924304687496564e-01 9.988957992187501578e-01
2.900000000000000000e+02 9.957986929687500099e-01 9.986579687500001246e-01
2.950000000000000000e+02 9.962147851562500600e-01 9.981464374999999833e-01
3.000000000000000000e+02 9.959692093749999975e-01 9.988728351562501384e-01
3.050000000000000000e+02 9.950154078125000856e-01 9.990784328125000835e-01
3.100000000000000000e+02 9.950146046874998040e-01 9.998950468749999709e-01
3.150000000000000000e+02 9.965449601562499371e-01 9.980619218749999799e-01
3.200000000000000000e+02 9.953972242187498765e-01 9.984564937500000070e-01
3.250000000000000000e+02 9.958271710937500742e-01 9.989977031249998030e-01
3.300000000000000000e+02 9.949729195312499996e-01 9.977103132812498165e-01
3.350000000000000000e+02 9.959750398437501318e-01 9.996287859375000417e-01
3.400000000000000000e+02 9.959132820312497358e-01 9.987758296875000052e-01
3.450000000000000000e+02 9.951435601562501621e-01 9.994665718750000982e-01
3.500000000000000000e+02 9.949412726562500975e-01 9.999974828125001158e-01
3.550000000000000000e+02 9.954190718749998945e-01 9.977705960937500729e-01
3.600000000000000000e+02 9.958386226562498944e-01 9.978692125000001578e-01
3.650000000000000000e+02 9.957781515625001578e-01 9.996660656250000443e-01
3.700000000000000000e+02 9.952613789062499938e-01 9.976066531249998537e-01
3.750000000000000000e+02 9.968402742187499888e-01 9.986392335937500642e-01
3.800000000000000000e+02 9.955337632812500948e-01 9.995428968749999754e-01
3.850000000000000000e+02 9.957565054687501638e-01 9.982597148437498680e-01
3.900000000000000000e+02 9.956235328124998230e-01 9.986134054687501038e-01
3.950000000000000000e+02 9.960834640625000347e-01 9.995474632812501037e-01
4.000000000000000000e+02 9.969237437499997023e-01 9.999425289062499056e-01
4.050000000000000000e+02 9.974128046875000431e-01 9.987817195312500562e-01
4.100000000000000000e+02 9.956219804687499453e-01 9.989894671874999243e-01
4.150000000000000000e+02 9.961944960937498816e-01 9.987277054687500044e-01
4.200000000000000000e+02 9.959469867187500380e-01 9.979094351562499687e-01
4.250000000000000000e+02 9.968045625000000465e-01 9.992062968749998442e-01
4.300000000000000000e+02 9.949586328124999657e-01 9.997666953124999534e-01
4.350000000000000000e+02 9.962809054687499222e-01 9.992836429687498301e-01
4.400000000000000000e+02 9.952571273437499366e-01 9.995400414062501904e-01
4.450000000000000000e+02 9.963974476562501570e-01 9.981807648437497349e-01
4.500000000000000000e+02 9.947812328124998604e-01 9.993889796874999565e-01
4.550000000000000000e+02 9.955224984374997366e-01 9.989700593749999413e-01
4.600000000000000000e+02 9.969084179687499603e-01 9.995594859374999919e-01
4.650000000000000000e+02 9.963165187499999353e-01 9.992725140624999502e-01
4.700000000000000000e+02 9.962900914062500224e-01 9.997046187500000514e-01
4.750000000000000000e+02 9.970443023437496333e-01 9.999715890624998327e-01
4.800000000000000000e+02 9.967140898437500951e-01 9.994564640624998830e-01
4.850000000000000000e+02 9.965376867187500931e-01 9.986103429687499533e-01
4.900000000000000000e+02 9.967436429687497323e-01 9.995891578124999066e-01
4.950000000000000000e+02 9.954805148437498863e-01 9.988095398437499828e-01
