0.000000000000000000e+00 3.187499999999999362e-02 3.187499999999999362e-02
5.000000000000000000e+00 9.883931234374999653e-01 9.438497070312499293e-01
1.000000000000000000e+01 9.897878296874995652e-01 9.626346164062498101e-01
1.500000000000000000e+01 9.908763203125001695e-01 9.734954601562499921e-01
2.000000000000000000e+01 9.912567210937497375e-01 9.769689156250001005e-01
2.500000000000000000e+01 9.918623937499999599e-01 9.803762960937498772e-01
3.000000000000000000e+01 9.923597046874998995e-01 9.833544023437500448e-01
3.500000000000000000e+01 9.922623718749999933e-01 9.859152937499999769e-01
4.000000000000000000e+01 9.922771492187500986e-01 9.864331851562502251e-01
4.500000000000000000e+01 9.919229460937499798e-01 9.885512937499999486e-01
5.000000000000000000e+01 9.925772898437499325e-01 9.877768929687498201e-01
5.500000000000000000e+01 9.924770742187497552e-01 9.903895210937498916e-01
6.000000000000000000e+01 9.926564960937500626e-01 9.913819124999999621e-01
6.500000000000000000e+01 9.923789507812500466e-01 9.914324749999998687e-01
7.000000000000000000e+01 9.932664664062500481e-01 9.920623156250000241e-01
7.500000000000000000e+01 9.932552171875000946e-01 9.937714609375000174e-01
8.000000000000000000e+01 9.939311437499996904e-01 9.934415179687497988e-01
8.500000000000000000e+01 9.935772429687498297e-01 9.930562179687498769e-01
9.000000000000000000e+01 9.935167570312497531e-01 9.938660578124999256e-01
9.500000000000000000e+01 9.943922976562499239e-01 9.931126007812501877e-01
1.000000000000000000e+02 9.934221687499998898e-01 9.954117789062498778e-01
1.050000000000000000e+02 9.935493570312502465e-01 9.958140984374999061e-01
1.100000000000000000e+02 9.931849664062498695e-01 9.955475445312499394e-01
1.150000000000000000e+02 9.935919906249998101e-01 9.965424085937499843e-01
1.200000000000000000e+02 9.934849695312500950e-01 9.959224703125000300e-01
1.250000000000000000e+02 9.932761757812500480e-01 9.950682320312498330e-01
1.300000000000000000e+02 9.947835976562497962e-01 9.954411015624999859e-01
1.350000000000000000e+02 9.956521070312497335e-01 9.970712273437498663e-01
1.400000000000000000e+02 9.938719437499997644e-01 9.966408820312500083e-01
1.450000000000000000e+02 9.935331281249997204e-01 9.967968765624999339e-01
1.500000000000000000e+02 9.929519070312500251e-01 9.974270414062498258e-01
1.550000000000000000e+02 9.949376296874999914e-01 9.971042953124997776e-01
1.600000000000000000e+02 9.943664023437499555e-01 9.972122406249999127e-01
1.650000000000000000e+02 9.952425273437498499e-01 9.975412390624999182e-01
1.700000000000000000e+02 9.932383953124996889e-01 9.978373124999999622e-01
1.750000000000000000e+02 9.939192015625000209e-01 9.973383250000000810e-01
1.800000000000000000e+02 9.944335796874999023e-01 9.979560695312500451e-01
1.850000000000000000e+02 9.949035921875000188e-01 9.977097875000000560e-01
1.900000000000000000e+02 9.939533929687499603e-01 9.984042984375000040e-01
1.950000000000000000e+02 9.946600445312500094e-01 9.968256484375001003e-01
2.000000000000000000e+02 9.940331999999999502e-01 9.972855359375001338e-01
2.050000000000000000e+02 9.939551515625000278e-01 9.978686492187497370e-01
2.100000000000000000e+02 9.954723085937500215e-01 9.977899921874999745e-01
2.150000000000000000e+02 9.945596921875001772e-01 9.984409476562499108e-01
2.200000000000000000e+02 9.936376507812501035e-01 9.972400554687499419e-01
2.250000000000000000e+02 9.951322624999999755e-01 9.976487664062499983e-01
2.300000000000000000e+02 9.947128124999998766e-01 9.979708812499999970e-01
2.350000000000000000e+02 9.944257054687499764e-01 9.990614718749999401e-01
2.400000000000000000e+02 9.947030546874999768e-01 9.982874765625000535e-01
2.450000000000000000e+02 9.947030851562501663e-01 9.976081203124997909e-01
2.500000000000000000e+02 9.942319015624997425e-01 9.985826664062498192e-01
2.550000000000000000e+02 9.954698968749997601e-01 9.967938015624998593e-01
2.600000000000000000e+02 9.935762039062501216e-01 9.988359484374997876e-01
2.650000000000000000e+02 9.952246742187502715e-01 9.986637351562499543e-01
2.700000000000000000e+02 9.945537804687498706e-01 9.989438914062500618e-01
2.750000000000000000e+02 9.945873156249998015e-01 9.978836312500000139e-01
2.800000000000000000e+02 9.950619312499998648e-01 9.989240359375000100e-01
2.850000000000000000e+02 9.939096796874998807e-01 9.988957992187501578e-01
2.900000000000000000e+02 9.936976617187498473e-01 9.986579687500001246e-01
2.950000000000000000e+02 9.942964140624998004e-01 9.981464374999999833e-01
3.000000000000000000e+02 9.949743859374999833e-01 9.988728351562501384e-01
3.050000000000000000e+02 9.951175242187499936e-01 9.990784328125000835e-01
3.100000000000000000e+02 9.953223609375001502e-01 9.998950468749999709e-01
3.150000000000000000e+02 9.941732343749997147e-01 9.980619218749999799e-01
3.200000000000000000e+02 9.933647999999998257e-01 9.984564937500000070e-01
3.250000000000000000e+02 9.952493335937500074e-01 9.989977031249998030e-01
3.300000000000000000e+02 9.960504749999998797e-01 9.977103132812498165e-01
3.350000000000000000e+02 9.955278499999999919e-01 9.996287859375000417e-01
3.400000000000000000e+02 9.948420726562499095e-01 9.987758296875000052e-01
3.450000000000000000e+02 9.947208531250000263e-01 9.994665718750000982e-01
3.500000000000000000e+02 9.949817484374999799e-01 9.999974828125001158e-01
3.550000000000000000e+02 9.943505851562501885e-01 9.977705960937500729e-01
3.600000000000000000e+02 9.952862273437499407e-01 9.978692125000001578e-01
3.650000000000000000e+02 9.950520062499996765e-01 9.996660656250000443e-01
3.700000000000000000e+02 9.954203781249999494e-01 9.976066531249998537e-01
3.750000000000000000e+02 9.955819320312497833e-01 9.986392335937500642e-01
3.800000000000000000e+02 9.929901789062499651e-01 9.995428968749999754e-01
3.850000000000000000e+02 9.940005296874998564e-01 9.982597148437498680e-01
3.900000000000000000e+02 9.942656335937499756e-01 9.986134054687501038e-01
3.950000000000000000e+02 9.956549101562499615e-01 9.995474632812501037e-01
4.000000000000000000e+02 9.954412554687500636e-01 9.999425289062499056e-01
4.050000000000000000e+02 9.955852921874999151e-01 9.987817195312500562e-01
4.100000000000000000e+02 9.953035624999998499e-01 9.989894671874999243e-01
4.150000000000000000e+02 9.964865210937500217e-01 9.987277054687500044e-01
4.200000000000000000e+02 9.945643234375000086e-01 9.979094351562499687e-01
4.250000000000000000e+02 9.947132015624997603e-01 9.992062968749998442e-01
4.300000000000000000e+02 9.956951406249998637e-01 9.997666953124999534e-01
4.350000000000000000e+02 9.951352539062499059e-01 9.992836429687498301e-01
4.400000000000000000e+02 9.941598226562499141e-01 9.995400414062501904e-01
4.450000000000000000e+02 9.952084562499997622e-01 9.981807648437497349e-01
4.500000000000000000e+02 9.951556960937502083e-01 9.993889796874999565e-01
4.550000000000000000e+02 9.938661460937497916e-01 9.989700593749999413e-01
4.600000000000000000e+02 9.950401632812496677e-01 9.995594859374999919e-01
4.650000000000000000e+02 9.943868164062500403e-01 9.992725140624999502e-01
4.700000000000000000e+02 9.966337453125000412e-01 9.997046187500000514e-01
4.750000000000000000e+02 9.949168898437500408e-01 9.999715890624998327e-01
4.800000000000000000e+02 9.958564757812498058e-01 9.994564640624998830e-01
4.850000000000000000e+02 9.936863054687499197e-01 9.986103429687499533e-01
4.900000000000000000e+02 9.962842007812497958e-01 9.995891578124999066e-01
4.950000000000000000e+02 9.944036937500001505e-01 9.988095398437499828e-01
