0.000000000000000000e+00 0.000000000000000000e+00 0.000000000000000000e+00 0.000000000000000000e+00 0.000000000000000000e+00 0.000000000000000000e+00 0.000000000000000000e+00
5.000000000000000000e+00 2.611638616189748685e-01 9.024447923309583675e-02 0.000000000000000000e+00 0.000000000000000000e+00 7.407183091046717904e-02 5.402289096801815571e-02
1.000000000000000000e+01 1.713670534606728801e-01 2.830564172222999053e-02 0.000000000000000000e+00 0.000000000000000000e+00 7.272655979053965769e-02 6.157162249775256085e-02
1.500000000000000000e+01 1.271289362620605101e-01 3.684382402439715515e-02 0.000000000000000000e+00 0.000000000000000000e+00 9.463873053685881165e-02 6.699991910609780221e-02
2.000000000000000000e+01 1.195113284879973092e-01 4.755009628470732719e-02 0.000000000000000000e+00 0.000000000000000000e+00 8.461184915048987343e-02 5.244809959571374025e-02
2.500000000000000000e+01 1.483310926700654453e-01 7.427847839650599925e-04 0.000000000000000000e+00 0.000000000000000000e+00 8.132067527480711655e-02 1.927534080138943937e-03
3.000000000000000000e+01 5.894775757378407921e-02 4.748638867384641360e-02 0.000000000000000000e+00 0.000000000000000000e+00 7.232306330855362009e-02 6.965224446626874788e-02
3.500000000000000000e+01 1.538300259561281857e-01 0.000000000000000000e+00 0.000000000000000000e+00 0.000000000000000000e+00 6.158762324932740007e-02 0.000000000000000000e+00
4.000000000000000000e+01 1.450464364700042585e-01 0.000000000000000000e+00 0.000000000000000000e+00 0.000000000000000000e+00 9.514511526194954771e-02 0.000000000000000000e+00
4.500000000000000000e+01 1.226533829159228983e-01 0.000000000000000000e+00 0.000000000000000000e+00 0.000000000000000000e+00 7.371976101253556457e-02 0.000000000000000000e+00
5.000000000000000000e+01 1.059027340766232339e-01 1.274618575251919572e-01 0.000000000000000000e+00 0.000000000000000000e+00 5.538739264127205686e-02 1.007879854785815738e-01
5.500000000000000000e+01 3.452987843913880167e-02 1.319411156329172718e-02 0.000000000000000000e+00 0.000000000000000000e+00 2.602142518272736182e-02 2.716861034831945590e-02
6.000000000000000000e+01 3.891147406247132123e-02 4.601771081563827033e-03 0.000000000000000000e+00 0.000000000000000000e+00 1.062347013873115031e-01 9.639281793822590538e-02
6.500000000000000000e+01 4.259944485986623397e-02 7.971466472139324133e-03 0.000000000000000000e+00 0.000000000000000000e+00 1.191034796535066775e-01 7.269465536957014917e-02
7.000000000000000000e+01 1.570943129509076164e-01 1.411317414319739408e-02 0.000000000000000000e+00 0.000000000000000000e+00 6.927613878599851727e-02 7.254857016781013357e-02
7.500000000000000000e+01 9.315315057890447004e-02 1.306570668098396004e-03 0.000000000000000000e+00 0.000000000000000000e+00 7.136576415438117271e-02 2.683772675096410959e-02
8.000000000000000000e+01 2.119861035901756952e-01 8.637271985142300212e-02 0.000000000000000000e+00 0.000000000000000000e+00 5.942604895638999019e-02 5.493443963823558401e-02
8.500000000000000000e+01 1.451047571259862501e-01 9.245293830394735179e-02 0.000000000000000000e+00 0.000000000000000000e+00 1.082855739752162788e-01 7.502472051883737891e-02
9.000000000000000000e+01 1.248960624173287293e-01 3.316923441800663508e-02 0.000000000000000000e+00 0.000000000000000000e+00 7.832171269389825996e-02 5.695446586265259098e-02
9.500000000000000000e+01 2.814329813906181199e-01 2.453278879496700871e-02 0.000000000000000000e+00 0.000000000000000000e+00 1.003037439670107639e-01 5.444235242862013185e-02
1.000000000000000000e+02 1.916154295150150066e-01 4.856128150156784062e-02 0.000000000000000000e+00 0.000000000000000000e+00 1.022397643773867437e-01 5.819577403714175368e-02
1.050000000000000000e+02 9.511820000828750954e-03 1.225242122076909690e-01 0.000000000000000000e+00 0.000000000000000000e+00 2.009303754544112391e-02 5.283830452428166929e-02
1.100000000000000000e+02 1.747596099244808632e-01 1.654759415534014233e-01 0.000000000000000000e+00 0.000000000000000000e+00 8.828730894498636184e-02 7.573360242490653760e-02
1.150000000000000000e+02 1.083486920325196917e-01 5.961834636306980600e-02 0.000000000000000000e+00 0.000000000000000000e+00 6.829981805237342329e-02 7.701212327625772680e-02
1.200000000000000000e+02 1.270238859387682051e-01 1.515333429553107347e-01 0.000000000000000000e+00 0.000000000000000000e+00 7.975600823163092601e-02 1.225997968443443692e-01
1.250000000000000000e+02 1.571435782576960719e-02 9.538122818187602658e-02 0.000000000000000000e+00 0.000000000000000000e+00 8.350616304023236736e-02 7.281396742424726953e-02
1.300000000000000000e+02 2.007852076866872490e-02 6.148058797135076692e-02 0.000000000000000000e+00 0.000000000000000000e+00 8.449091922395672583e-02 5.508869586115882483e-02
1.350000000000000000e+02 1.594327329207218535e-01 1.977963486141774349e-02 0.000000000000000000e+00 0.000000000000000000e+00 6.417532433714494278e-02 8.541043695291106186e-02
1.400000000000000000e+02 2.265251130734819429e-01 0.000000000000000000e+00 0.000000000000000000e+00 0.000000000000000000e+00 8.347072358042342821e-02 0.000000000000000000e+00
1.450000000000000000e+02 5.887987524933592509e-02 1.434861957970032520e-01 0.000000000000000000e+00 0.000000000000000000e+00 6.270539676577917276e-02 8.878895356130522831e-02
1.500000000000000000e+02 1.325442714447238324e-01 6.352309180932110000e-02 0.000000000000000000e+00 0.000000000000000000e+00 1.019984271245986673e-01 7.794810196838909688e-02
1.550000000000000000e+02 6.515303175962289250e-02 1.534550857293369153e-01 0.000000000000000000e+00 0.000000000000000000e+00 3.701444728728861544e-02 5.772271911316436549e-02
1.600000000000000000e+02 1.561988195247141498e-01 6.282678218881143639e-02 0.000000000000000000e+00 0.000000000000000000e+00 8.335355466400816427e-02 7.503007337763584195e-02
1.650000000000000000e+02 5.096041666646165119e-02 2.032156749066671986e-01 0.000000000000000000e+00 0.000000000000000000e+00 9.238148915410634987e-02 9.030441309860688659e-02
1.700000000000000000e+02 1.135866559415230903e-01 1.578639190250834268e-01 0.000000000000000000e+00 0.000000000000000000e+00 8.361215120135073731e-02 6.059589905314261699e-02
1.750000000000000000e+02 5.094703299880587455e-02 1.274901572780536563e-01 0.000000000000000000e+00 0.000000000000000000e+00 6.282695720558723051e-02 9.410494628665126704e-02
1.800000000000000000e+02 1.442916736669688227e-01 1.013319994854953165e-01 0.000000000000000000e+00 0.000000000000000000e+00 1.165411168351839222e-01 9.190655945651073078e-02
1.850000000000000000e+02 4.373394881451041216e-02 1.918965767448728710e-01 0.000000000000000000e+00 0.000000000000000000e+00 9.821958412997273957e-02 6.747730086684242123e-02
1.900000000000000000e+02 3.216367903049961730e-02 3.221825343126752915e-03 0.000000000000000000e+00 0.000000000000000000e+00 9.454369032178465415e-02 1.484456649065705579e-03
1.950000000000000000e+02 1.678666000972696970e-01 1.006336533246705578e-01 0.000000000000000000e+00 0.000000000000000000e+00 5.932232319716872204e-02 7.054886107568961173e-02
2.000000000000000000e+02 6.821252970847556385e-02 1.346193656978729725e-01 0.000000000000000000e+00 0.000000000000000000e+00 7.365148075208709233e-02 6.490443992640242132e-02
2.050000000000000000e+02 1.078387412618504043e-01 2.342175990936055247e-02 0.000000000000000000e+00 0.000000000000000000e+00 7.153982877234801863e-02 8.333062514794489783e-02
2.100000000000000000e+02 7.653879524552473224e-02 1.960675491090406106e-02 0.000000000000000000e+00 0.000000000000000000e+00 5.060549615451707256e-02 2.740865885890967149e-02
2.150000000000000000e+02 6.525539296786106447e-02 1.142127859888528441e-01 0.000000000000000000e+00 0.000000000000000000e+00 5.044542260847080517e-02 6.034950912243474547e-02
2.200000000000000000e+02 8.442019378859842715e-02 9.389235369693757494e-02 0.000000000000000000e+00 0.000000000000000000e+00 5.841894052997418513e-02 7.749104504623925693e-02
2.250000000000000000e+02 8.180262172345922900e-02 7.586054645066435224e-03 0.000000000000000000e+00 0.000000000000000000e+00 4.771472482533771486e-02 1.790643415623034002e-02
2.300000000000000000e+02 1.388382629835089865e-01 8.225594766897448284e-02 0.000000000000000000e+00 0.000000000000000000e+00 5.400946660325864346e-02 7.939122233818601826e-02
2.350000000000000000e+02 8.210407284114164261e-02 5.991976037920110354e-02 0.000000000000000000e+00 0.000000000000000000e+00 6.451852826211160186e-02 7.182952638504787324e-02
2.400000000000000000e+02 1.195580959587498882e-01 7.496830260407193192e-02 0.000000000000000000e+00 0.000000000000000000e+00 6.907945350675614993e-02 7.660923537974846653e-02
2.450000000000000000e+02 6.953097748682988966e-02 7.661773801435023401e-02 0.000000000000000000e+00 0.000000000000000000e+00 1.004163187749972513e-01 8.753007294555405216e-02
2.500000000000000000e+02 1.487427500880525166e-01 0.000000000000000000e+00 0.000000000000000000e+00 0.000000000000000000e+00 9.233295226534012079e-02 0.000000000000000000e+00
2.550000000000000000e+02 6.772274826462808262e-02 1.325506193728158144e-01 0.000000000000000000e+00 0.000000000000000000e+00 5.614319279176651495e-02 7.971756284558748074e-02
2.600000000000000000e+02 1.428497087918808306e-01 1.757494067067744969e-01 0.000000000000000000e+00 0.000000000000000000e+00 9.715524273740151762e-02 8.365996378295241509e-02
2.650000000000000000e+02 1.151272257690835882e-01 1.937778654592064165e-01 0.000000000000000000e+00 0.000000000000000000e+00 9.557537618672774793e-02 8.724114863344539783e-02
2.700000000000000000e+02 6.959755229185254910e-02 2.461848853462825226e-01 0.000000000000000000e+00 0.000000000000000000e+00 6.429120918005387653e-02 7.655632851129562377e-02
2.750000000000000000e+02 1.015921325472139980e-01 2.655463667197070082e-02 0.000000000000000000e+00 0.000000000000000000e+00 6.950072014443590962e-02 7.606748828855844358e-02
2.800000000000000000e+02 8.876241091323359977e-02 1.189314507678546030e-03 0.000000000000000000e+00 0.000000000000000000e+00 1.116147749250930715e-01 1.743284013272574122e-03
2.850000000000000000e+02 3.508759771837270669e-02 6.900441232553167215e-02 0.000000000000000000e+00 0.000000000000000000e+00 8.577602353044949668e-02 7.690541941961122341e-02
2.900000000000000000e+02 1.099181653933737068e-01 4.656504147826241724e-02 0.000000000000000000e+00 0.000000000000000000e+00 6.317633077385605145e-02 1.090732950749894598e-01
2.950000000000000000e+02 9.388437053228812501e-02 3.321885673741622937e-03 0.000000000000000000e+00 0.000000000000000000e+00 9.747016382997020223e-02 1.255167795843401338e-03
3.000000000000000000e+02 1.593050844941064081e-01 2.350059951928089655e-02 0.000000000000000000e+00 0.000000000000000000e+00 9.104080688977293778e-02 4.964710670866739894e-02
3.050000000000000000e+02 2.136186680219784306e-01 2.530634467746974495e-02 0.000000000000000000e+00 0.000000000000000000e+00 9.521270052214760027e-02 6.254606001116827518e-02
3.100000000000000000e+02 5.408635067977942031e-03 7.868695058735904191e-02 0.000000000000000000e+00 0.000000000000000000e+00 1.618353124388536429e-02 8.108009912918540119e-02
3.150000000000000000e+02 2.929623150402171916e-02 8.315940469872247845e-03 0.000000000000000000e+00 0.000000000000000000e+00 1.013475358225096046e-01 4.873031801858558609e-02
3.200000000000000000e+02 4.303952644506628400e-02 3.643894648693070393e-02 0.000000000000000000e+00 0.000000000000000000e+00 8.260746936034868426e-02 5.980806128941883876e-02
3.250000000000000000e+02 1.274291503241704038e-01 2.139660981787599829e-03 0.000000000000000000e+00 0.000000000000000000e+00 7.963843545733018114e-02 2.035051604276468234e-03
3.300000000000000000e+02 1.648427822654491559e-01 8.636769917761399906e-02 0.000000000000000000e+00 0.000000000000000000e+00 6.907922719205233930e-02 7.937975864050349217e-02
3.350000000000000000e+02 1.723841825038429643e-01 1.903373975514283112e-02 0.000000000000000000e+00 0.000000000000000000e+00 6.005053923726577647e-02 6.760773297535538351e-02
3.400000000000000000e+02 2.457231862555776802e-01 9.867205425671113361e-02 0.000000000000000000e+00 0.000000000000000000e+00 8.789709575947213249e-02 5.277442561051286923e-02
3.450000000000000000e+02 1.162839580486183799e-01 4.115997663569986170e-02 0.000000000000000000e+00 0.000000000000000000e+00 7.165159644363533475e-02 9.133936337079266721e-02
3.500000000000000000e+02 1.345013871223330604e-01 2.622041564424503618e-02 0.000000000000000000e+00 0.000000000000000000e+00 6.232468618130933974e-02 1.910684894867056491e-02
3.550000000000000000e+02 3.730710888680716097e-02 1.083702403330054909e-01 0.000000000000000000e+00 0.000000000000000000e+00 7.173874800619502168e-02 5.896088130706766267e-02
3.600000000000000000e+02 2.310291095552441942e-01 1.713172640511534395e-02 0.000000000000000000e+00 0.000000000000000000e+00 8.077853345053112588e-02 1.543016820757403020e-02
3.650000000000000000e+02 5.172872415453327877e-02 4.811263853834803206e-02 0.000000000000000000e+00 0.000000000000000000e+00 4.526826199756816410e-02 5.303041892696393894e-02
3.700000000000000000e+02 1.663898718775901064e-01 7.857269759530211006e-02 0.000000000000000000e+00 0.000000000000000000e+00 1.008509677366861285e-01 8.404890580520009424e-02
3.750000000000000000e+02 1.778108051226549857e-01 1.295058023251363308e-02 0.000000000000000000e+00 0.000000000000000000e+00 8.696763113993669081e-02 1.586231959577695874e-02
3.800000000000000000e+02 1.674562930159821383e-01 1.318304803448538398e-01 0.000000000000000000e+00 0.000000000000000000e+00 7.058121022101693232e-02 7.148761950344582894e-02
3.850000000000000000e+02 1.332263580390871671e-01 2.153534410960835643e-01 0.000000000000000000e+00 0.000000000000000000e+00 7.630004182917181355e-02 6.317730463829696053e-02
3.900000000000000000e+02 9.862720683918632658e-02 8.124857893641902751e-02 0.000000000000000000e+00 0.000000000000000000e+00 4.523082132090700674e-02 9.873583477074653059e-02
3.950000000000000000e+02 8.860323520238627681e-02 2.283271330741002969e-01 0.000000000000000000e+00 0.000000000000000000e+00 9.963645697309962690e-02 7.352568259527726691e-02
4.000000000000000000e+02 4.193768757494358013e-02 1.864148761646520769e-01 0.000000000000000000e+00 0.000000000000000000e+00 7.057842432801317289e-02 6.530759219546514172e-02
4.050000000000000000e+02 1.682316371708292291e-01 1.513485293975886381e-01 0.000000000000000000e+00 0.000000000000000000e+00 6.680153488827761388e-02 9.110233570938137959e-02
4.100000000000000000e+02 4.221740405759990405e-02 2.018851796074827010e-01 0.000000000000000000e+00 0.000000000000000000e+00 7.216839839769989551e-02 6.687463730244770643e-02
4.150000000000000000e+02 1.152630999934794731e-01 9.226323841745602550e-02 0.000000000000000000e+00 0.000000000000000000e+00 6.706915226728263346e-02 8.460747504716624456e-02
4.200000000000000000e+02 2.193779789664646596e-01 1.496360839511602925e-01 0.000000000000000000e+00 0.000000000000000000e+00 6.454134353754333031e-02 7.576201340565975884e-02
4.250000000000000000e+02 1.539509979537620997e-02 1.232074358769029987e-01 0.000000000000000000e+00 0.000000000000000000e+00 7.082389132179366109e-02 6.325668461226201245e-02
4.300000000000000000e+02 2.077733776090547324e-01 1.323074228827430220e-02 0.000000000000000000e+00 0.000000000000000000e+00 7.945412406289768803e-02 3.943849015361270555e-02
4.350000000000000000e+02 5.589480765198309026e-02 5.182740684320310404e-02 0.000000000000000000e+00 0.000000000000000000e+00 6.578337089575785057e-02 5.519527637314949192e-02
4.400000000000000000e+02 8.240580789901504055e-02 5.962080591114904404e-02 0.000000000000000000e+00 0.000000000000000000e+00 8.389734072565374623e-02 6.384106234125250245e-02
4.450000000000000000e+02 2.246298705895939940e-01 5.848271943160524705e-02 0.000000000000000000e+00 0.000000000000000000e+00 8.710249618347906675e-02 7.275190509641273062e-02
4.500000000000000000e+02 8.595429243585456236e-02 3.126307695752896659e-02 0.000000000000000000e+00 0.000000000000000000e+00 8.564825263359511498e-02 7.241074972962972811e-02
4.550000000000000000e+02 1.135212316169893210e-01 3.682553555156661829e-02 0.000000000000000000e+00 0.000000000000000000e+00 7.527257103273145289e-02 5.368948739826284733e-02
4.600000000000000000e+02 9.876936301343737512e-02 2.081751191464197709e-02 0.000000000000000000e+00 0.000000000000000000e+00 1.240341504816868529e-01 8.346542702692946736e-02
4.650000000000000000e+02 2.568081770179713730e-01 1.133616483360451455e-01 0.000000000000000000e+00 0.000000000000000000e+00 7.259539249476121281e-02 5.640896481771450616e-02
4.700000000000000000e+02 2.757243854656902388e-02 9.977484531345939822e-02 0.000000000000000000e+00 0.000000000000000000e+00 3.011715265704797626e-02 8.929045303749819085e-02
4.750000000000000000e+02 2.701683179659981615e-01 1.654723874014378815e-01 0.000000000000000000e+00 0.000000000000000000e+00 8.064698892705582378e-02 1.015733007124426379e-01
4.800000000000000000e+02 8.815322710809073148e-02 9.272987169906528326e-02 0.000000000000000000e+00 0.000000000000000000e+00 4.097570816112969944e-02 8.131486030919886365e-02
4.850000000000000000e+02 3.048245154505404564e-01 1.338223782363373027e-01 1.000000000000000000e+00 0.000000000000000000e+00 6.577055230539707864e-02 8.214060211862238281e-02
4.900000000000000000e+02 1.558979075945565729e-01 1.325774978817579053e-01 0.000000000000000000e+00 0.000000000000000000e+00 9.491251685914628422e-02 7.381296680575216707e-02
4.950000000000000000e+02 1.225597529704799404e-01 6.113738601199696088e-02 0.000000000000000000e+00 0.000000000000000000e+00 6.691973108893607691e-02 8.702086045045309692e-02
