0.000000000000000000e+00 0.000000000000000000e+00 0.000000000000000000e+00 0.000000000000000000e+00 0.000000000000000000e+00 0.000000000000000000e+00 0.000000000000000000e+00
5.000000000000000000e+00 1.690704501256967140e-01 2.062414281764916313e-01 0.000000000000000000e+00 0.000000000000000000e+00 8.177806909082215026e-02 7.388109156184795301e-02
1.000000000000000000e+01 1.506090687877703616e-01 4.109459362598123777e-02 0.000000000000000000e+00 0.000000000000000000e+00 6.824554759036824403e-02 3.643559517118950819e-02
1.500000000000000000e+01 7.149708746542637883e-02 3.071212728031953373e-02 0.000000000000000000e+00 0.000000000000000000e+00 5.764891709546950821e-02 2.279537032262560908e-02
2.000000000000000000e+01 2.565732107511320415e-01 3.335406202118582769e-02 0.000000000000000000e+00 0.000000000000000000e+00 7.638035325910290385e-02 6.608383489801322730e-02
2.500000000000000000e+01 5.313554065829730749e-02 2.645264202424519803e-02 0.000000000000000000e+00 0.000000000000000000e+00 6.265064221689238544e-02 8.522475147737988699e-02
3.000000000000000000e+01 5.515337458577986018e-02 0.000000000000000000e+00 0.000000000000000000e+00 0.000000000000000000e+00 4.681150598230954252e-02 0.000000000000000000e+00
3.500000000000000000e+01 2.802513421808200955e-01 1.072987955696248497e-01 1.000000000000000000e+00 0.000000000000000000e+00 7.349551345090998833e-02 5.918625095679599241e-02
4.000000000000000000e+01 1.552573476920699747e-01 1.289183270805301651e-01 1.000000000000000000e+00 0.000000000000000000e+00 4.196932955780480201e-02 6.516417008624061924e-02
4.500000000000000000e+01 1.737778975852573571e-01 5.330184733658455132e-02 0.000000000000000000e+00 0.000000000000000000e+00 5.049116132509350041e-02 5.730327627214543140e-02
5.000000000000000000e+01 1.374117621299204561e-01 3.808640619774649599e-02 0.000000000000000000e+00 0.000000000000000000e+00 8.832712346463424125e-02 1.075373875965107140e-01
5.500000000000000000e+01 5.151145777291066263e-02 2.099250819208705460e-02 0.000000000000000000e+00 0.000000000000000000e+00 3.680955949655628084e-02 4.233534320483213487e-02
6.000000000000000000e+01 2.675764417975475262e-01 5.447082174498096840e-02 1.000000000000000000e+00 0.000000000000000000e+00 6.525923517278718611e-02 6.389246831559441953e-02
6.500000000000000000e+01 1.286084168654202664e-01 8.413740487386892064e-02 0.000000000000000000e+00 0.000000000000000000e+00 9.596275287721627023e-02 5.620891873472068367e-02
7.000000000000000000e+01 2.415931138546752871e-02 7.782846716715670354e-02 0.000000000000000000e+00 0.000000000000000000e+00 2.359146553725745971e-02 6.470295835193039247e-02
7.500000000000000000e+01 2.146345505350004124e-01 0.000000000000000000e+00 0.000000000000000000e+00 0.000000000000000000e+00 7.637217086021087786e-02 0.000000000000000000e+00
8.000000000000000000e+01 1.900098629921814219e-01 9.379602385094169825e-02 0.000000000000000000e+00 0.000000000000000000e+00 5.378922646449367517e-02 8.137027106411663657e-02
8.500000000000000000e+01 6.261990875911101206e-02 6.709890028333530265e-02 0.000000000000000000e+00 0.000000000000000000e+00 8.719959096954549294e-02 5.549581948237027745e-02
9.000000000000000000e+01 1.991772333432750564e-01 1.599154643563357181e-01 0.000000000000000000e+00 0.000000000000000000e+00 5.725715290053390305e-02 6.831703379537376608e-02
9.500000000000000000e+01 1.483860910017976154e-01 8.478496216496507476e-02 0.000000000000000000e+00 0.000000000000000000e+00 6.087049317903662354e-02 6.685427034363074228e-02
1.000000000000000000e+02 2.263710084808792100e-01 3.858761301055379372e-02 0.000000000000000000e+00 0.000000000000000000e+00 1.252301884870457016e-01 7.886793069976097414e-02
1.050000000000000000e+02 3.106519407972282987e-02 1.139345382238457355e-01 0.000000000000000000e+00 0.000000000000000000e+00 9.058564591684895029e-02 5.284372541652809091e-02
1.100000000000000000e+02 1.169245485496492043e-01 1.663783517764516051e-01 0.000000000000000000e+00 0.000000000000000000e+00 6.364856321739952028e-02 8.793811795430496459e-02
1.150000000000000000e+02 1.180588937787051956e-01 6.379331387053183144e-02 0.000000000000000000e+00 0.000000000000000000e+00 8.994475852772353119e-02 8.455450318068329085e-02
1.200000000000000000e+02 1.811395925785471914e-02 8.064535861708184428e-02 0.000000000000000000e+00 0.000000000000000000e+00 3.195947982855228825e-02 7.086077766601429906e-02
1.250000000000000000e+02 2.427561121129739319e-01 2.168298101997845340e-01 1.000000000000000000e+00 0.000000000000000000e+00 6.052469350583010443e-02 8.122494075206150577e-02
1.300000000000000000e+02 2.437066515921076371e-01 6.389387894959397407e-02 0.000000000000000000e+00 0.000000000000000000e+00 8.888407827262302663e-02 1.095788546236923094e-01
1.350000000000000000e+02 1.719659108387698865e-01 1.202009544994059737e-01 0.000000000000000000e+00 0.000000000000000000e+00 8.021481540357194850e-02 1.113747475391650144e-01
1.400000000000000000e+02 8.831910830641631627e-02 3.586039840666620238e-02 0.000000000000000000e+00 0.000000000000000000e+00 9.946284127480087278e-02 3.374620206656493704e-02
1.450000000000000000e+02 1.615484611484996891e-01 6.623272773490380960e-02 0.000000000000000000e+00 0.000000000000000000e+00 7.556937001122589204e-02 1.020800754985794895e-01
1.500000000000000000e+02 7.098236150771680686e-02 1.797400323733863020e-02 0.000000000000000000e+00 0.000000000000000000e+00 4.611986690822565682e-02 7.989465249875837838e-02
1.550000000000000000e+02 1.126392939227905260e-01 1.576891246393395396e-01 0.000000000000000000e+00 0.000000000000000000e+00 7.641287603660978922e-02 1.055527723399765083e-01
1.600000000000000000e+02 4.883746912280430980e-02 1.137239479057820385e-01 0.000000000000000000e+00 0.000000000000000000e+00 1.087051576354601673e-01 5.596151067880315855e-02
1.650000000000000000e+02 8.675271054146320437e-02 1.144030700899257430e-01 0.000000000000000000e+00 0.000000000000000000e+00 6.928728163514140392e-02 1.116332976277926714e-01
1.700000000000000000e+02 2.138413903902327551e-01 4.047374263636293462e-02 0.000000000000000000e+00 0.000000000000000000e+00 6.630903536164978185e-02 6.342893717795464181e-02
1.750000000000000000e+02 3.097441492280254560e-01 6.681663087251335509e-02 1.000000000000000000e+00 0.000000000000000000e+00 6.758070810354993574e-02 1.102295693183646674e-01
1.800000000000000000e+02 2.797473843691377082e-01 7.679160075874792712e-02 0.000000000000000000e+00 0.000000000000000000e+00 8.334509549295113229e-02 6.449113314932715391e-02
1.850000000000000000e+02 1.348046067456859509e-01 1.540676102768631650e-01 0.000000000000000000e+00 0.000000000000000000e+00 7.991304970142669439e-02 6.630601296249119536e-02
1.900000000000000000e+02 1.889285087670953545e-01 1.345010830006858060e-01 0.000000000000000000e+00 0.000000000000000000e+00 8.502451704147796774e-02 7.893035694266647972e-02
1.950000000000000000e+02 2.908990278023695225e-02 1.284992357469961211e-01 0.000000000000000000e+00 0.000000000000000000e+00 8.437892821280809641e-02 7.001956677954145059e-02
2.000000000000000000e+02 1.667625879090583185e-01 1.725375266838564681e-01 0.000000000000000000e+00 0.000000000000000000e+00 6.395637418653606077e-02 8.702012419343785332e-02
2.050000000000000000e+02 1.861664874251885149e-01 1.512747117148846299e-01 0.000000000000000000e+00 0.000000000000000000e+00 6.794386669128824052e-02 7.097959747031180877e-02
2.100000000000000000e+02 1.537076234909369732e-01 6.532724942759862707e-02 0.000000000000000000e+00 0.000000000000000000e+00 5.460163483623957370e-02 9.176279958456702579e-02
2.150000000000000000e+02 1.322047645811735006e-01 1.433615296521887905e-01 0.000000000000000000e+00 0.000000000000000000e+00 1.012050076642390384e-01 8.443753888967156507e-02
2.200000000000000000e+02 2.511883359918404279e-01 1.467413564122870273e-01 0.000000000000000000e+00 0.000000000000000000e+00 8.608060063786535099e-02 8.900174932128837590e-02
2.250000000000000000e+02 1.165069086265601433e-01 9.425646499430234693e-02 0.000000000000000000e+00 0.000000000000000000e+00 9.725711939615604151e-02 6.613930292771036390e-02
2.300000000000000000e+02 1.399631999702362628e-01 1.353796166917619337e-01 0.000000000000000000e+00 0.000000000000000000e+00 5.473693790748183213e-02 7.331120104617132316e-02
2.350000000000000000e+02 1.649878245760919571e-01 6.590035264134905257e-02 0.000000000000000000e+00 0.000000000000000000e+00 5.247966623328949309e-02 5.289236666520328450e-02
2.400000000000000000e+02 0.000000000000000000e+00 8.221032356415988729e-02 0.000000000000000000e+00 0.000000000000000000e+00 0.000000000000000000e+00 9.184059069356773075e-02
2.450000000000000000e+02 3.326666514132916620e-03 8.098732515096232487e-02 0.000000000000000000e+00 0.000000000000000000e+00 4.484484056466084799e-03 8.469392813647326490e-02
2.500000000000000000e+02 1.505697504164475453e-01 9.862875661958718856e-03 0.000000000000000000e+00 0.000000000000000000e+00 5.890354377310015599e-02 5.986740047487817268e-02
2.550000000000000000e+02 4.952362285278284759e-02 9.694763738339338965e-02 0.000000000000000000e+00 0.000000000000000000e+00 4.734489899267299573e-02 9.882571899615066879e-02
2.600000000000000000e+02 2.793973726419013426e-02 5.790431946725367596e-02 0.000000000000000000e+00 0.000000000000000000e+00 7.496879506743579780e-02 8.591245660796702210e-02
2.650000000000000000e+02 1.576330405143800406e-01 1.523487134791034481e-01 0.000000000000000000e+00 0.000000000000000000e+00 7.051176137218474749e-02 7.586962845142455891e-02
2.700000000000000000e+02 6.603052197404701840e-02 1.323838728759388628e-01 0.000000000000000000e+00 0.000000000000000000e+00 7.151284752830180946e-02 6.558773525484576372e-02
2.750000000000000000e+02 1.521383169855777262e-01 1.551312062973670136e-01 0.000000000000000000e+00 0.000000000000000000e+00 6.590669918687050433e-02 8.876160700804619497e-02
2.800000000000000000e+02 1.065846276485478972e-01 2.062407349865545345e-02 0.000000000000000000e+00 0.000000000000000000e+00 6.447015394051774928e-02 1.239402718136072695e-02
2.850000000000000000e+02 9.095733680731708792e-02 2.087317508725118013e-03 0.000000000000000000e+00 0.000000000000000000e+00 8.983537621031389975e-02 1.554315355705549124e-03
2.900000000000000000e+02 1.702695604528503825e-01 6.296813293430544682e-03 0.000000000000000000e+00 0.000000000000000000e+00 6.845733622434868604e-02 8.414694767587518887e-02
2.950000000000000000e+02 8.818226023429524829e-02 6.676099045135479304e-02 0.000000000000000000e+00 0.000000000000000000e+00 9.621855802891317311e-02 4.091965653153906146e-02
3.000000000000000000e+02 4.808843422832208281e-02 9.842273442272613405e-04 0.000000000000000000e+00 0.000000000000000000e+00 6.610894939612224630e-02 5.976139924908128488e-03
3.050000000000000000e+02 1.679786964114679260e-01 3.727447713534820517e-02 0.000000000000000000e+00 0.000000000000000000e+00 7.092432492251167508e-02 4.542085187145383784e-02
3.100000000000000000e+02 9.012361412421002194e-02 2.283041057614645236e-02 0.000000000000000000e+00 0.000000000000000000e+00 5.181173547248557609e-02 4.062833543086719068e-02
3.150000000000000000e+02 9.354715606863076016e-02 6.226657051681072641e-02 0.000000000000000000e+00 0.000000000000000000e+00 5.933049698503738145e-02 7.070621816033872964e-02
3.200000000000000000e+02 9.317367696688284850e-02 2.514884856796018725e-02 0.000000000000000000e+00 0.000000000000000000e+00 9.494730966501303826e-02 6.128071868211013018e-02
3.250000000000000000e+02 2.249191036577170150e-02 4.974739632490039754e-02 0.000000000000000000e+00 0.000000000000000000e+00 1.060580293200652918e-01 7.026962934730350552e-02
3.300000000000000000e+02 1.130970185128917782e-01 9.465853210599865786e-02 0.000000000000000000e+00 0.000000000000000000e+00 6.388969017560676422e-02 6.423338614189129381e-02
3.350000000000000000e+02 1.744341345796142084e-01 2.140512155403687111e-02 1.000000000000000000e+00 0.000000000000000000e+00 4.730787662086369250e-02 2.140658582506424837e-02
3.400000000000000000e+02 1.263979404942771334e-01 1.931387016762768361e-01 0.000000000000000000e+00 0.000000000000000000e+00 1.250334085514656357e-01 7.229521708529455803e-02
3.450000000000000000e+02 3.827012382530655538e-02 6.585623320367103850e-02 0.000000000000000000e+00 0.000000000000000000e+00 8.145944384265360605e-02 4.775919568547370986e-02
3.500000000000000000e+02 5.826240109588751853e-02 6.528996743013007475e-02 0.000000000000000000e+00 0.000000000000000000e+00 6.930920957441591423e-02 5.040408162849082524e-02
3.550000000000000000e+02 6.204338100727128935e-02 1.062711674164447395e-01 0.000000000000000000e+00 0.000000000000000000e+00 4.370962343073241108e-02 5.107927107318721571e-02
3.600000000000000000e+02 1.846602515085597196e-01 1.354543860408907729e-02 0.000000000000000000e+00 0.000000000000000000e+00 8.102295473105647350e-02 1.618146482609491774e-02
3.650000000000000000e+02 8.533170718901979257e-02 7.251724570923165358e-02 0.000000000000000000e+00 0.000000000000000000e+00 1.005073826648609364e-01 4.584067647095457082e-02
3.700000000000000000e+02 1.257065712264177071e-01 1.313381997390362932e-01 0.000000000000000000e+00 0.000000000000000000e+00 7.352218033947820197e-02 6.247225900839684098e-02
3.750000000000000000e+02 6.501670665463625542e-02 1.367075961147002326e-02 0.000000000000000000e+00 0.000000000000000000e+00 4.153949887406600816e-02 5.087916921610815407e-02
3.800000000000000000e+02 5.577719575011964859e-02 3.111056491165944266e-02 0.000000000000000000e+00 0.000000000000000000e+00 4.948635158802321132e-02 3.312644978489772546e-02
3.850000000000000000e+02 1.351232772997978115e-01 2.293835100221905121e-01 0.000000000000000000e+00 0.000000000000000000e+00 6.273021994703266435e-02 6.989099060776725325e-02
3.900000000000000000e+02 1.061182724230654434e-01 9.218511582469694765e-02 0.000000000000000000e+00 0.000000000000000000e+00 7.846735149588134062e-02 4.168944773753456567e-02
3.950000000000000000e+02 1.214303334900889431e-01 1.343472975580649875e-01 0.000000000000000000e+00 0.000000000000000000e+00 7.526824363401753148e-02 5.997407015566785099e-02
4.000000000000000000e+02 1.869903932322590501e-01 1.840332860214818900e-01 0.000000000000000000e+00 0.000000000000000000e+00 8.319707529539439872e-02 5.432169711557054831e-02
4.050000000000000000e+02 5.352354898417666096e-02 1.884148757517673245e-01 0.000000000000000000e+00 0.000000000000000000e+00 7.822285285137846322e-02 6.724712787179246143e-02
4.100000000000000000e+02 2.595871075610805545e-01 2.536234738608938999e-01 0.000000000000000000e+00 0.000000000000000000e+00 7.998389848735640295e-02 9.176435662944333604e-02
4.150000000000000000e+02 1.537731484370227254e-02 1.275859757844752251e-01 0.000000000000000000e+00 0.000000000000000000e+00 3.752680115603631433e-02 5.993400489325788338e-02
4.200000000000000000e+02 1.766606078760515897e-01 1.039410289237715779e-01 0.000000000000000000e+00 0.000000000000000000e+00 7.678545947141142414e-02 1.070843168701749032e-01
4.250000000000000000e+02 1.798796032740677675e-01 8.612107516584624478e-02 0.000000000000000000e+00 0.000000000000000000e+00 1.188415869644349199e-01 9.666085912366971511e-02
4.300000000000000000e+02 1.075829103758245420e-01 2.638611867977650599e-03 0.000000000000000000e+00 0.000000000000000000e+00 5.628026381887955842e-02 3.144063862070446691e-02
4.350000000000000000e+02 2.905346503907143552e-01 4.241582675872570402e-02 1.000000000000000000e+00 0.000000000000000000e+00 7.368738063319331399e-02 4.103596597608556024e-02
4.400000000000000000e+02 7.779008482078002273e-02 9.205185002700380648e-02 0.000000000000000000e+00 0.000000000000000000e+00 6.542907051620149017e-02 6.731963366781412716e-02
4.450000000000000000e+02 1.296146043752309795e-01 6.839826487429635782e-02 0.000000000000000000e+00 0.000000000000000000e+00 7.690287081343719078e-02 7.893817955458974633e-02
4.500000000000000000e+02 1.685594912650530963e-01 2.036183786979273158e-02 0.000000000000000000e+00 0.000000000000000000e+00 9.390188623853766570e-02 9.798071924619022877e-02
4.550000000000000000e+02 4.496572704477187765e-02 6.944918613683953579e-02 0.000000000000000000e+00 0.000000000000000000e+00 1.110169576925932183e-01 5.445653169307565489e-02
4.600000000000000000e+02 1.603965026016140605e-01 5.342116772691389570e-02 0.000000000000000000e+00 0.000000000000000000e+00 8.187528339438417124e-02 3.603211014710651361e-02
4.650000000000000000e+02 9.937675908696322336e-02 8.132027873013759900e-02 0.000000000000000000e+00 0.000000000000000000e+00 8.909989078529963191e-02 4.458255224881515349e-02
4.700000000000000000e+02 1.428667454024139249e-01 1.175146858443305159e-01 0.000000000000000000e+00 0.000000000000000000e+00 8.781005207363441756e-02 5.625824653682310467e-02
4.750000000000000000e+02 1.483079132746665044e-02 1.171626071394424595e-01 0.000000000000000000e+00 0.000000000000000000e+00 7.543677637572518413e-02 7.581773810588389451e-02
4.800000000000000000e+02 8.513648813978950958e-02 6.991468284283944290e-02 0.000000000000000000e+00 0.000000000000000000e+00 7.012109003535399454e-02 1.022078847551901454e-01
4.850000000000000000e+02 1.199237546275931515e-01 1.714517784504768216e-01 0.000000000000000000e+00 0.000000000000000000e+00 8.008235403569330391e-02 5.319563274931719127e-02
4.900000000000000000e+02 1.000107799104640594e-01 1.988983345382783485e-01 0.000000000000000000e+00 0.000000000000000000e+00 6.074029583514138630e-02 8.691075697093217367e-02
4.950000000000000000e+02 6.363816912311459628e-02 9.878367277558633419e-02 0.000000000000000000e+00 0.000000000000000000e+00 5.727170986322702856e-02 7.826619840353270241e-02
