0.000000000000000000e+00 0.000000000000000000e+00 0.000000000000000000e+00 0.000000000000000000e+00 0.000000000000000000e+00 0.000000000000000000e+00 0.000000000000000000e+00
5.000000000000000000e+00 2.680143359212757148e-01 1.957599410396001216e-01 1.000000000000000000e+00 0.000000000000000000e+00 7.254444614173749528e-02 9.931145631662444129e-02
1.000000000000000000e+01 2.653315176410447895e-01 1.318687675122261760e-01 0.000000000000000000e+00 0.000000000000000000e+00 9.526082399210325513e-02 7.368401318498951635e-02
1.500000000000000000e+01 2.913585056662088002e-01 7.142648924619984796e-02 1.000000000000000000e+00 0.000000000000000000e+00 7.801582280669729086e-02 9.929295529376133689e-02
2.000000000000000000e+01 3.883737955378787077e-01 6.548183772419374771e-02 0.000000000000000000e+00 0.000000000000000000e+00 1.225053266602904034e-01 7.929732008863989157e-02
2.500000000000000000e+01 1.591330185483916804e-01 1.324769367001125686e-01 0.000000000000000000e+00 0.000000000000000000e+00 8.664543994623052914e-02 9.060575444089928598e-02
3.000000000000000000e+01 3.851908148019290712e-01 6.900336404195439588e-02 1.000000000000000000e+00 0.000000000000000000e+00 8.384332180495678022e-02 5.582668333240140002e-02
3.500000000000000000e+01 3.298617072313075882e-01 2.492025840453686390e-03 1.000000000000000000e+00 0.000000000000000000e+00 8.001756614672900225e-02 2.087627971156229105e-03
4.000000000000000000e+01 2.012401744455719899e-01 8.191266873192878939e-02 0.000000000000000000e+00 0.000000000000000000e+00 9.490799010154520043e-02 7.867890511681682741e-02
4.500000000000000000e+01 2.704751064419588236e-01 1.086158855979154209e-01 0.000000000000000000e+00 0.000000000000000000e+00 1.058393916676043378e-01 9.582799570001813982e-02
5.000000000000000000e+01 2.260630493796668417e-01 2.217261663512753445e-01 0.000000000000000000e+00 0.000000000000000000e+00 9.221025172023303296e-02 1.122044338603530728e-01
5.500000000000000000e+01 1.907846269667866079e-01 5.528736650313407358e-02 0.000000000000000000e+00 0.000000000000000000e+00 1.093434601610888401e-01 6.538433400504765902e-02
6.000000000000000000e+01 2.460288864770843742e-01 9.167256005886748049e-02 0.000000000000000000e+00 0.000000000000000000e+00 1.198006811461539561e-01 8.482216328815644912e-02
6.500000000000000000e+01 4.907685450226805801e-01 1.163410369621236395e-01 1.000000000000000000e+00 0.000000000000000000e+00 1.122218257710762002e-01 8.286446516080310520e-02
7.000000000000000000e+01 2.766259541077352724e-01 1.920986941129029235e-01 0.000000000000000000e+00 0.000000000000000000e+00 1.400811391380451520e-01 1.012440574681100908e-01
7.500000000000000000e+01 3.064873489874702650e-01 2.274042358844670098e-01 1.000000000000000000e+00 0.000000000000000000e+00 8.053062493000788524e-02 9.217256491088933468e-02
8.000000000000000000e+01 2.592991951047521892e-01 1.665773612768084444e-01 0.000000000000000000e+00 0.000000000000000000e+00 1.229511505389891679e-01 8.743180874610494147e-02
8.500000000000000000e+01 3.591335570651896236e-01 2.185320525377887346e-01 0.000000000000000000e+00 0.000000000000000000e+00 1.109014134897441800e-01 8.394045448276682420e-02
9.000000000000000000e+01 1.785224271601789092e-01 1.069650345590866108e-01 0.000000000000000000e+00 0.000000000000000000e+00 1.037248937674869476e-01 1.142086015345043087e-01
9.500000000000000000e+01 3.336933710089969862e-01 2.208733819578236057e-01 0.000000000000000000e+00 0.000000000000000000e+00 1.142371152815390423e-01 8.525948330088309324e-02
1.000000000000000000e+02 2.777415372653992964e-01 1.832258828547442542e-01 0.000000000000000000e+00 0.000000000000000000e+00 1.244728544904926681e-01 8.175391239712721803e-02
1.050000000000000000e+02 2.918996097445462068e-01 2.641063650245936145e-01 0.000000000000000000e+00 0.000000000000000000e+00 1.039164136979279091e-01 7.796207658342195479e-02
1.100000000000000000e+02 2.091854359804602714e-01 3.150406571270383260e-01 0.000000000000000000e+00 1.000000000000000000e+00 7.377097091225118253e-02 7.757660361666927906e-02
1.150000000000000000e+02 1.702403850459209833e-01 2.948805019866591048e-01 0.000000000000000000e+00 0.000000000000000000e+00 1.023171683056726261e-01 8.455565782096693961e-02
1.200000000000000000e+02 2.613662881333951304e-01 2.946718332975949983e-01 0.000000000000000000e+00 0.000000000000000000e+00 1.187949872096467213e-01 1.107711718971186449e-01
1.250000000000000000e+02 1.611856698345049965e-01 2.682157794579527188e-01 0.000000000000000000e+00 0.000000000000000000e+00 7.674623031438652931e-02 8.440534902913424120e-02
1.300000000000000000e+02 2.149579742435149543e-01 2.264691606550987280e-01 0.000000000000000000e+00 0.000000000000000000e+00 1.143889305111893823e-01 1.155136618117163366e-01
1.350000000000000000e+02 3.086411902080105629e-01 1.748589078173066469e-01 0.000000000000000000e+00 0.000000000000000000e+00 1.433233558257231977e-01 6.890668970758755119e-02
1.400000000000000000e+02 3.365960224895577224e-01 1.484551208666435029e-01 0.000000000000000000e+00 0.000000000000000000e+00 1.171702768559152591e-01 7.770808363228776106e-02
1.450000000000000000e+02 3.241842994884024387e-01 2.141583186822522133e-01 0.000000000000000000e+00 0.000000000000000000e+00 9.266759822361397836e-02 9.127158229640530696e-02
1.500000000000000000e+02 2.767901955130444014e-01 2.056980879818938734e-01 0.000000000000000000e+00 0.000000000000000000e+00 1.201378350362985320e-01 7.643478345845024224e-02
1.550000000000000000e+02 2.887525770059135577e-01 2.238115645035677059e-01 0.000000000000000000e+00 0.000000000000000000e+00 9.236760934869864270e-02 9.760130030576485982e-02
1.600000000000000000e+02 4.035354739254780609e-01 1.123287719745824920e-01 1.000000000000000000e+00 0.000000000000000000e+00 8.528094252663177832e-02 7.996586948606612677e-02
1.650000000000000000e+02 1.750488753824766541e-01 2.741835026137272591e-01 0.000000000000000000e+00 1.000000000000000000e+00 9.989925663491694419e-02 5.906980823297212913e-02
1.700000000000000000e+02 2.519867491074115340e-01 2.458131234218533245e-01 0.000000000000000000e+00 0.000000000000000000e+00 1.155532814932615643e-01 7.486639348291748708e-02
1.750000000000000000e+02 1.092392733394028925e-01 2.072956175367492160e-01 0.000000000000000000e+00 0.000000000000000000e+00 1.097763699909788393e-01 7.843113742161063329e-02
1.800000000000000000e+02 3.158880432597394594e-01 2.112428433931042571e-01 0.000000000000000000e+00 0.000000000000000000e+00 1.077907411854669151e-01 7.268615598446438730e-02
1.850000000000000000e+02 3.172375278070379556e-01 2.270835500884461344e-01 0.000000000000000000e+00 0.000000000000000000e+00 1.024752738352944365e-01 7.354343716492893479e-02
1.900000000000000000e+02 1.248965751400218788e-01 1.693299186171494108e-01 0.000000000000000000e+00 0.000000000000000000e+00 1.242246879342382843e-01 8.254657061046671851e-02
1.950000000000000000e+02 2.511776982422284643e-01 3.014789358916808992e-01 0.000000000000000000e+00 1.000000000000000000e+00 1.269511602162378128e-01 8.166558729438896935e-02
2.000000000000000000e+02 3.728713248324727059e-01 2.590790136404529376e-01 0.000000000000000000e+00 0.000000000000000000e+00 1.335276137953540498e-01 7.721208648961730425e-02
2.050000000000000000e+02 2.482237062719065968e-01 1.239724977182489890e-01 0.000000000000000000e+00 0.000000000000000000e+00 7.852344954026750645e-02 6.654213418095707155e-02
2.100000000000000000e+02 2.839798729307491665e-01 1.091680139920390147e-01 0.000000000000000000e+00 0.000000000000000000e+00 8.971827602988421968e-02 9.048841336092625087e-02
2.150000000000000000e+02 3.440190004232334675e-01 1.893507168488978432e-01 0.000000000000000000e+00 0.000000000000000000e+00 1.165639271834559426e-01 6.442648724269771365e-02
2.200000000000000000e+02 1.211858119023980773e-01 1.823348067637095560e-01 0.000000000000000000e+00 0.000000000000000000e+00 1.175436253827079891e-01 1.112734877601364442e-01
2.250000000000000000e+02 1.515072336603429937e-01 1.506891844218191112e-01 0.000000000000000000e+00 0.000000000000000000e+00 8.483450943761609853e-02 9.394329752631588870e-02
2.300000000000000000e+02 2.953095566515925308e-01 1.907069182985268174e-01 0.000000000000000000e+00 0.000000000000000000e+00 1.117512954012274684e-01 9.374308119334384681e-02
2.350000000000000000e+02 2.623713310520806585e-01 2.393868219060510116e-01 0.000000000000000000e+00 0.000000000000000000e+00 1.031214805299417586e-01 7.956749224227972761e-02
2.400000000000000000e+02 2.020212349401372953e-01 1.602476044792639776e-01 0.000000000000000000e+00 0.000000000000000000e+00 1.303264473193737338e-01 9.603163942148820742e-02
2.450000000000000000e+02 1.926245216448234099e-01 7.973654119165686505e-02 0.000000000000000000e+00 0.000000000000000000e+00 1.199426323248447696e-01 7.108422727760943527e-02
2.500000000000000000e+02 2.862261130555894262e-01 2.848896030057431264e-02 0.000000000000000000e+00 0.000000000000000000e+00 1.084043932907983454e-01 8.637794418604489988e-02
2.550000000000000000e+02 1.221201531976650739e-01 1.623675266094553593e-01 0.000000000000000000e+00 0.000000000000000000e+00 9.723417116902681456e-02 1.114478523054082959e-01
2.600000000000000000e+02 1.982092191225430788e-01 1.945569484555303430e-01 0.000000000000000000e+00 0.000000000000000000e+00 1.290715887557480346e-01 1.090789757276330596e-01
2.650000000000000000e+02 2.726691055990373980e-01 3.094452073308122664e-01 0.000000000000000000e+00 0.000000000000000000e+00 8.481889344545803788e-02 1.060551085404429911e-01
2.700000000000000000e+02 2.672534669829497167e-01 2.606173046533869497e-01 0.000000000000000000e+00 1.000000000000000000e+00 9.391239610401215521e-02 6.907250490010594102e-02
2.750000000000000000e+02 7.221422845030560367e-02 1.101409626379624696e-01 0.000000000000000000e+00 0.000000000000000000e+00 9.324718712979832014e-02 6.881338233555665818e-02
2.800000000000000000e+02 4.500888902333358144e-01 6.976333550780468296e-02 1.000000000000000000e+00 0.000000000000000000e+00 1.163133842740259605e-01 1.008580405096510674e-01
2.850000000000000000e+02 1.952441629465885009e-01 1.118972377293970533e-01 0.000000000000000000e+00 0.000000000000000000e+00 9.397320784713761310e-02 1.109337955407207615e-01
2.900000000000000000e+02 2.173583865255377945e-01 1.423704752360238635e-01 0.000000000000000000e+00 0.000000000000000000e+00 8.233451399895456990e-02 6.912126013299661753e-02
2.950000000000000000e+02 2.426148876665145671e-01 9.691658629621405230e-02 0.000000000000000000e+00 0.000000000000000000e+00 1.234946463231753888e-01 6.697134867699440497e-02
3.000000000000000000e+02 2.542906735416341490e-01 1.386450127644842101e-01 1.000000000000000000e+00 0.000000000000000000e+00 6.886994215072918257e-02 8.574885304868631875e-02
3.050000000000000000e+02 1.534502518574014651e-01 9.084945294053765885e-02 0.000000000000000000e+00 0.000000000000000000e+00 1.123859911770937192e-01 7.235894804782472267e-02
3.100000000000000000e+02 2.351050363509343821e-01 3.043480934595375192e-02 0.000000000000000000e+00 0.000000000000000000e+00 7.720232430743510788e-02 9.365010489629846391e-02
3.150000000000000000e+02 2.666151046000720393e-01 7.521640647936952973e-02 0.000000000000000000e+00 0.000000000000000000e+00 1.173930386330044040e-01 8.486705771356273242e-02
3.200000000000000000e+02 2.720879186097942548e-01 1.587829458844632335e-01 0.000000000000000000e+00 0.000000000000000000e+00 1.023945994799429354e-01 5.166587036173827391e-02
3.250000000000000000e+02 2.878458783965128776e-01 3.587467948217870108e-03 0.000000000000000000e+00 0.000000000000000000e+00 1.130883612729990245e-01 8.529140293467821210e-02
3.300000000000000000e+02 1.585567483235666708e-01 8.371432857972352370e-02 0.000000000000000000e+00 0.000000000000000000e+00 8.204197636777356417e-02 7.938539240320301171e-02
3.350000000000000000e+02 2.453189249019600560e-01 7.469799005073635145e-02 0.000000000000000000e+00 0.000000000000000000e+00 1.301014052947268573e-01 8.200587409932473537e-02
3.400000000000000000e+02 1.119698735117773680e-01 9.966309377677222414e-02 0.000000000000000000e+00 0.000000000000000000e+00 9.024308536362093958e-02 9.333830177265722838e-02
3.450000000000000000e+02 2.004779078007070670e-01 1.834195104570037205e-01 0.000000000000000000e+00 0.000000000000000000e+00 1.227447603665850762e-01 6.987139553759072474e-02
3.500000000000000000e+02 1.800356693189044954e-01 1.530203804320141026e-01 0.000000000000000000e+00 0.000000000000000000e+00 9.068139912835510019e-02 8.538252572106616589e-02
3.550000000000000000e+02 3.215391158373479552e-01 1.887668129801111927e-01 0.000000000000000000e+00 0.000000000000000000e+00 9.594998681537959817e-02 8.868796025848528497e-02
3.600000000000000000e+02 2.871801469086341929e-01 1.037161694165444209e-01 0.000000000000000000e+00 0.000000000000000000e+00 8.908121803582627618e-02 8.054355131984269889e-02
3.650000000000000000e+02 2.811411772279415744e-01 1.048383503025035746e-01 0.000000000000000000e+00 0.000000000000000000e+00 1.115092371387313153e-01 8.345169533005515616e-02
3.700000000000000000e+02 1.791514056086358497e-01 1.777716968218663873e-01 0.000000000000000000e+00 0.000000000000000000e+00 7.714690987173325465e-02 6.367707891009993793e-02
3.750000000000000000e+02 2.006612584109236930e-01 1.415791708382614922e-01 0.000000000000000000e+00 0.000000000000000000e+00 1.009936256637802982e-01 1.046839933602794620e-01
3.800000000000000000e+02 1.526407910883642582e-01 1.141765644431149279e-01 0.000000000000000000e+00 0.000000000000000000e+00 9.633795084940159625e-02 9.623879035780459612e-02
3.850000000000000000e+02 2.794186706572360235e-01 2.150756666110986703e-01 0.000000000000000000e+00 0.000000000000000000e+00 9.684649748605365926e-02 7.114682369331928879e-02
3.900000000000000000e+02 1.162830487643623928e-01 1.364578375220892315e-01 0.000000000000000000e+00 0.000000000000000000e+00 1.001432090611308612e-01 7.639646020913161417e-02
3.950000000000000000e+02 4.773650638270821034e-02 2.531843412403554927e-01 0.000000000000000000e+00 1.000000000000000000e+00 7.002480711254065182e-02 6.485368377097182335e-02
4.000000000000000000e+02 7.579185319435327584e-03 1.732039044205938572e-01 0.000000000000000000e+00 0.000000000000000000e+00 2.012994753726912722e-02 7.283842973371197627e-02
4.050000000000000000e+02 3.769242153074006674e-01 1.458706798340103084e-01 0.000000000000000000e+00 0.000000000000000000e+00 1.061668403556684237e-01 8.834195821582585539e-02
4.100000000000000000e+02 2.711992668426745912e-01 1.509378958938615845e-01 1.000000000000000000e+00 0.000000000000000000e+00 6.377045760216668024e-02 7.668708442358670996e-02
4.150000000000000000e+02 2.619125885003175114e-01 1.473937379240216339e-01 0.000000000000000000e+00 0.000000000000000000e+00 1.302553718136506833e-01 9.931697220047140673e-02
4.200000000000000000e+02 2.601117594327138072e-01 6.221629378003068478e-02 0.000000000000000000e+00 0.000000000000000000e+00 9.870564507266878229e-02 7.633106592387386979e-02
4.250000000000000000e+02 2.158401736654679548e-01 9.701931115225391478e-02 0.000000000000000000e+00 0.000000000000000000e+00 1.137112692176330264e-01 9.605061023753648508e-02
4.300000000000000000e+02 1.944782789897585851e-01 7.908528008638728013e-02 0.000000000000000000e+00 0.000000000000000000e+00 6.992713284837205612e-02 7.424537020310799373e-02
4.350000000000000000e+02 1.779362085605545873e-01 7.297803515267589636e-02 0.000000000000000000e+00 0.000000000000000000e+00 9.123604636944197821e-02 6.791768808956259729e-02
4.400000000000000000e+02 3.628924549172663494e-01 3.749291570707109778e-02 1.000000000000000000e+00 0.000000000000000000e+00 8.580621053121967323e-02 6.865945234817116827e-02
4.450000000000000000e+02 2.414390461644387587e-01 2.630218065585596121e-02 0.000000000000000000e+00 0.000000000000000000e+00 1.048467591962339851e-01 1.004062373590947216e-01
4.500000000000000000e+02 2.530706685729179894e-01 7.388258183722760941e-02 0.000000000000000000e+00 0.000000000000000000e+00 7.659487208188275886e-02 9.272686005794039676e-02
4.550000000000000000e+02 1.070196297341324126e-01 5.174229885983917809e-02 0.000000000000000000e+00 0.000000000000000000e+00 9.067396151957712869e-02 7.792833714636464293e-02
4.600000000000000000e+02 2.884387615727220799e-01 4.369282431248835974e-02 0.000000000000000000e+00 0.000000000000000000e+00 1.112593643998878862e-01 9.562082081016741453e-02
4.650000000000000000e+02 3.161817049147692127e-01 1.315842355893789839e-01 0.000000000000000000e+00 0.000000000000000000e+00 9.393552038764221845e-02 9.180005728869634896e-02
4.700000000000000000e+02 2.033959338208217171e-01 1.131619746313514419e-01 0.000000000000000000e+00 0.000000000000000000e+00 9.372367620826103918e-02 8.400538977353644299e-02
4.750000000000000000e+02 2.519942515299229413e-01 1.325535608619273498e-01 0.000000000000000000e+00 0.000000000000000000e+00 1.086144918587798047e-01 6.133771867523329924e-02
4.800000000000000000e+02 1.924312803482128298e-01 1.343960285948947730e-01 0.000000000000000000e+00 0.000000000000000000e+00 1.112239427713956619e-01 8.765351992058130481e-02
4.850000000000000000e+02 1.875488937355667407e-01 1.083463992888393790e-01 0.000000000000000000e+00 0.000000000000000000e+00 8.596954934746363353e-02 8.096914515269518220e-02
4.900000000000000000e+02 1.615267552168962450e-01 2.408658681909345012e-01 0.000000000000000000e+00 0.000000000000000000e+00 6.076375969123963550e-02 6.987728987677181702e-02
4.950000000000000000e+02 1.910980046529875687e-01 9.268675817266029682e-02 0.000000000000000000e+00 0.000000000000000000e+00 8.407136075973282996e-02 6.702172113254428742e-02
