0.000000000000000000e+00 0.000000000000000000e+00 0.000000000000000000e+00 0.000000000000000000e+00 0.000000000000000000e+00 0.000000000000000000e+00 0.000000000000000000e+00
5.000000000000000000e+00 4.507399781090435376e-01 2.499559478678840263e-01 1.000000000000000000e+00 1.000000000000000000e+00 1.086581968211135368e-01 6.826313719584639617e-02
1.000000000000000000e+01 3.090017434793799755e-01 3.443787401316275032e-01 1.000000000000000000e+00 1.000000000000000000e+00 7.110456159632674855e-02 7.433312661850968728e-02
1.500000000000000000e+01 3.656451375314243579e-01 2.717510813714318907e-01 1.000000000000000000e+00 1.000000000000000000e+00 7.452257010355117783e-02 7.194877192373611008e-02
2.000000000000000000e+01 3.661160440125900140e-01 1.159180916843387116e-01 1.000000000000000000e+00 0.000000000000000000e+00 9.065602937491684665e-02 4.814360780766915177e-02
2.500000000000000000e+01 3.758790487142863457e-01 2.227094499677687855e-01 1.000000000000000000e+00 0.000000000000000000e+00 8.671935927284626922e-02 6.363709730232400275e-02
3.000000000000000000e+01 4.032820930706032536e-01 1.974026825772399740e-01 1.000000000000000000e+00 0.000000000000000000e+00 8.458599952626702501e-02 5.554714571171181364e-02
3.500000000000000000e+01 3.190123551480615327e-01 2.251599814536947297e-01 0.000000000000000000e+00 0.000000000000000000e+00 9.151135874320572017e-02 6.724086742357150703e-02
4.000000000000000000e+01 1.725099621129438932e-01 1.720024443786303814e-01 0.000000000000000000e+00 0.000000000000000000e+00 7.475560922871192504e-02 7.535138229843570123e-02
4.500000000000000000e+01 1.893223873027714277e-01 1.112139305930080757e-01 0.000000000000000000e+00 0.000000000000000000e+00 6.014425943465477598e-02 5.859213558000204991e-02
5.000000000000000000e+01 3.238769525787315584e-01 1.804222811246188329e-01 0.000000000000000000e+00 0.000000000000000000e+00 1.062420141501641824e-01 6.280248394390605671e-02
5.500000000000000000e+01 2.728900269212945484e-01 5.126513592913213568e-02 0.000000000000000000e+00 0.000000000000000000e+00 8.350298889947484204e-02 4.593777772028477535e-02
6.000000000000000000e+01 1.237543465395710418e-01 1.040015400137648260e-01 0.000000000000000000e+00 0.000000000000000000e+00 7.386188117068552550e-02 8.655171148284515614e-02
6.500000000000000000e+01 2.300764615032483695e-01 1.112662667765657448e-01 0.000000000000000000e+00 0.000000000000000000e+00 7.650369226378300747e-02 6.294115560429491829e-02
7.000000000000000000e+01 2.504322330036224398e-01 1.844987990033492564e-01 0.000000000000000000e+00 0.000000000000000000e+00 1.009015139607864486e-01 8.849266498809289783e-02
7.500000000000000000e+01 2.471221928602447271e-01 9.960890809806963175e-02 1.000000000000000000e+00 0.000000000000000000e+00 6.346626176750598536e-02 6.554145529457973407e-02
8.000000000000000000e+01 3.236963826018965373e-01 2.181143252098896868e-01 1.000000000000000000e+00 0.000000000000000000e+00 6.761927278307564015e-02 6.523506783424312672e-02
8.500000000000000000e+01 2.201305143355814786e-01 2.109138062219560739e-01 0.000000000000000000e+00 0.000000000000000000e+00 7.599005755881362012e-02 8.242899098565482918e-02
9.000000000000000000e+01 6.060996966272280684e-02 2.026558054687697952e-01 0.000000000000000000e+00 0.000000000000000000e+00 1.092736140379961252e-01 7.200836327770784862e-02
9.500000000000000000e+01 2.702632638640212193e-01 2.008660142802382587e-01 0.000000000000000000e+00 0.000000000000000000e+00 8.184594790971104483e-02 5.925581652689707046e-02
1.000000000000000000e+02 2.000132243301334933e-01 1.417080327060144529e-01 0.000000000000000000e+00 0.000000000000000000e+00 9.607613168800754888e-02 7.584462269594130501e-02
1.050000000000000000e+02 3.201784879402717610e-01 2.955906619362868026e-01 1.000000000000000000e+00 1.000000000000000000e+00 7.342619119592228016e-02 7.537727726436120601e-02
1.100000000000000000e+02 2.142686847934377192e-01 2.737567236421653560e-01 0.000000000000000000e+00 1.000000000000000000e+00 8.541777212288995114e-02 4.847509387993589186e-02
1.150000000000000000e+02 1.827544335861954194e-01 3.732307833999019830e-02 0.000000000000000000e+00 0.000000000000000000e+00 8.444052725109461865e-02 1.036840089884195903e-01
1.200000000000000000e+02 2.052902444344507360e-01 1.627049826188609327e-01 0.000000000000000000e+00 0.000000000000000000e+00 8.041112884762773028e-02 6.653372314411373778e-02
1.250000000000000000e+02 8.742137824862232509e-02 1.504027406409687295e-01 0.000000000000000000e+00 0.000000000000000000e+00 8.421510440402031616e-02 5.346128732615716000e-02
1.300000000000000000e+02 1.395893816066906268e-01 9.166986500911532276e-02 0.000000000000000000e+00 0.000000000000000000e+00 5.902564255286944783e-02 9.162992571283506971e-02
1.350000000000000000e+02 2.531478490078434840e-01 6.348616249760205554e-02 1.000000000000000000e+00 0.000000000000000000e+00 5.793511893518807354e-02 6.155901541643835767e-02
1.400000000000000000e+02 1.823272751888627419e-01 3.156863524332508171e-03 0.000000000000000000e+00 0.000000000000000000e+00 7.472042780690886510e-02 3.048517144267031548e-02
1.450000000000000000e+02 7.868116849447392980e-02 1.419391456232172444e-01 0.000000000000000000e+00 0.000000000000000000e+00 6.518246979155598031e-02 6.695256276085310987e-02
1.500000000000000000e+02 2.111863819846420964e-01 1.289496738930878128e-01 0.000000000000000000e+00 0.000000000000000000e+00 8.311947737696373517e-02 9.168561770277827705e-02
1.550000000000000000e+02 1.560443336294297656e-01 1.847787772734784117e-01 0.000000000000000000e+00 0.000000000000000000e+00 4.501577460735987218e-02 7.169174766333996640e-02
1.600000000000000000e+02 1.092340796430147642e-01 3.218015351729532070e-02 0.000000000000000000e+00 0.000000000000000000e+00 5.988565856104251933e-02 6.328618727601575955e-02
1.650000000000000000e+02 2.926535033525210494e-01 1.084180240143832741e-01 0.000000000000000000e+00 0.000000000000000000e+00 9.080175351173826181e-02 7.308547395746008146e-02
1.700000000000000000e+02 2.750802466670056456e-01 6.746139256906873161e-02 1.000000000000000000e+00 0.000000000000000000e+00 6.430394843478814959e-02 6.536908368785544765e-02
1.750000000000000000e+02 1.335964719873159734e-01 1.441187483934384950e-01 0.000000000000000000e+00 0.000000000000000000e+00 7.944318018837662199e-02 9.197097491611486153e-02
1.800000000000000000e+02 2.145311275263057649e-01 7.433469373825270232e-02 0.000000000000000000e+00 0.000000000000000000e+00 8.818111804345200866e-02 8.446498645149262685e-02
1.850000000000000000e+02 2.645020008362426456e-01 1.305365694536682608e-01 0.000000000000000000e+00 0.000000000000000000e+00 8.162674042905344873e-02 5.802043540199528643e-02
1.900000000000000000e+02 2.043393601043198837e-01 0.000000000000000000e+00 0.000000000000000000e+00 0.000000000000000000e+00 6.909498310717293590e-02 0.000000000000000000e+00
1.950000000000000000e+02 1.482008145642688124e-01 1.850390941811950740e-01 0.000000000000000000e+00 0.000000000000000000e+00 8.244614483828421880e-02 7.671675615148526584e-02
2.000000000000000000e+02 1.828344568324146435e-01 1.852624883796172295e-01 1.000000000000000000e+00 0.000000000000000000e+00 4.793258329443813442e-02 6.751639533404311944e-02
2.050000000000000000e+02 1.201828126030225208e-01 7.019914915157653146e-02 0.000000000000000000e+00 0.000000000000000000e+00 5.938212867161520719e-02 7.755487587178543085e-02
2.100000000000000000e+02 1.008215580237161735e-01 8.518340234914156817e-02 0.000000000000000000e+00 0.000000000000000000e+00 7.465793210734307517e-02 7.026933163732348997e-02
2.150000000000000000e+02 5.454301636109611801e-02 9.742997363955953338e-02 0.000000000000000000e+00 0.000000000000000000e+00 7.763523748353187703e-02 8.175347418066776506e-02
2.200000000000000000e+02 1.663369265178273881e-01 1.529247601645163102e-01 0.000000000000000000e+00 0.000000000000000000e+00 7.386833034343660842e-02 9.036585651294830324e-02
2.250000000000000000e+02 2.062816873991421274e-01 1.096824022786216518e-01 0.000000000000000000e+00 0.000000000000000000e+00 7.287191662314801421e-02 5.172739294506917967e-02
2.300000000000000000e+02 2.059793465246465838e-01 1.871988500850162995e-01 0.000000000000000000e+00 0.000000000000000000e+00 7.686497270541974014e-02 7.293621349794303377e-02
2.350000000000000000e+02 2.014327509798922722e-01 2.262468002694374702e-01 0.000000000000000000e+00 0.000000000000000000e+00 8.677785590019712614e-02 6.688655910445807928e-02
2.400000000000000000e+02 2.086904791838548601e-01 1.328836467164961344e-01 1.000000000000000000e+00 0.000000000000000000e+00 5.248575103568786648e-02 8.423806425619323468e-02
2.450000000000000000e+02 2.205758599133952058e-01 1.529031225826583094e-02 0.000000000000000000e+00 0.000000000000000000e+00 9.222738221695950256e-02 7.388230565582461218e-02
2.500000000000000000e+02 1.351497487473020953e-01 0.000000000000000000e+00 0.000000000000000000e+00 0.000000000000000000e+00 6.978517221948889182e-02 0.000000000000000000e+00
2.550000000000000000e+02 1.819920814841092527e-01 2.051862746416717176e-01 0.000000000000000000e+00 0.000000000000000000e+00 8.245446639689708868e-02 8.603826836661684907e-02
2.600000000000000000e+02 1.056579952011701684e-01 1.668483981618716361e-01 0.000000000000000000e+00 0.000000000000000000e+00 5.322699187929581799e-02 5.624016278115745449e-02
2.650000000000000000e+02 2.258820966569481947e-01 1.604110537077278742e-01 0.000000000000000000e+00 0.000000000000000000e+00 9.636134804389004382e-02 6.578152051652796928e-02
2.700000000000000000e+02 1.784968410850526488e-01 2.511411742128998315e-01 0.000000000000000000e+00 1.000000000000000000e+00 6.743459343156719965e-02 5.242803575464143051e-02
2.750000000000000000e+02 2.396420004528034275e-01 1.207650416507770608e-01 0.000000000000000000e+00 0.000000000000000000e+00 7.155520240470594762e-02 4.653086355838614158e-02
2.800000000000000000e+02 8.469128064169165193e-02 6.068981972715317003e-02 0.000000000000000000e+00 0.000000000000000000e+00 9.125691587237129421e-02 7.547767581790264246e-02
2.850000000000000000e+02 1.399852431402177633e-01 5.512557414942104161e-02 0.000000000000000000e+00 0.000000000000000000e+00 1.044972238086560729e-01 6.943910608423572994e-02
2.900000000000000000e+02 6.993934057030333495e-02 1.036107444162829988e-01 0.000000000000000000e+00 0.000000000000000000e+00 9.512844142236037692e-02 6.035504974849874305e-02
2.950000000000000000e+02 1.157353808981207016e-01 6.651785850560940072e-02 0.000000000000000000e+00 0.000000000000000000e+00 8.224662363977280899e-02 5.980907573269597655e-02
3.000000000000000000e+02 1.466808626083392630e-01 7.819906998422865296e-02 0.000000000000000000e+00 0.000000000000000000e+00 5.344771214564864731e-02 7.308338872640759987e-02
3.050000000000000000e+02 1.892367563081499005e-01 3.308209621275470108e-02 0.000000000000000000e+00 0.000000000000000000e+00 7.092921148692576949e-02 8.182099287814026400e-02
3.100000000000000000e+02 1.588638380644091519e-01 2.831925593883833497e-02 0.000000000000000000e+00 0.000000000000000000e+00 6.122607773035415590e-02 6.505357123138093278e-02
3.150000000000000000e+02 2.218767042724525962e-01 6.843574836067242706e-02 0.000000000000000000e+00 0.000000000000000000e+00 7.721154135901879545e-02 8.318163848259770010e-02
3.200000000000000000e+02 1.156098108825857479e-01 4.839568778176328578e-02 0.000000000000000000e+00 0.000000000000000000e+00 9.783455161583967663e-02 6.118020540413153519e-02
3.250000000000000000e+02 1.181153310098713022e-01 1.880924035647059487e-03 0.000000000000000000e+00 0.000000000000000000e+00 8.582427057058493458e-02 3.046731952930177480e-03
3.300000000000000000e+02 4.579177526477749144e-02 2.360006029659449805e-03 0.000000000000000000e+00 0.000000000000000000e+00 5.999260024403786640e-02 6.552290812239733309e-02
3.350000000000000000e+02 4.312382999825892932e-02 8.131240135749723610e-03 0.000000000000000000e+00 0.000000000000000000e+00 1.107610977476664871e-01 1.648636065414069499e-02
3.400000000000000000e+02 1.585886099917461767e-01 6.874056752800129788e-02 0.000000000000000000e+00 0.000000000000000000e+00 7.730421623718115864e-02 7.187933506980853648e-02
3.450000000000000000e+02 4.922007517630992701e-02 8.264618952112347261e-02 0.000000000000000000e+00 0.000000000000000000e+00 7.567001723354443987e-02 7.152981144784531509e-02
3.500000000000000000e+02 1.722967741022285448e-01 1.087054505887448050e-02 0.000000000000000000e+00 0.000000000000000000e+00 7.887606360033629083e-02 3.639574628240164339e-02
3.550000000000000000e+02 8.522573480953651859e-02 4.583967370640940064e-02 0.000000000000000000e+00 0.000000000000000000e+00 6.417425227021758549e-02 7.603656194007767100e-02
3.600000000000000000e+02 2.184454917661560192e-01 2.546441125444499215e-02 1.000000000000000000e+00 0.000000000000000000e+00 6.087924894468088599e-02 3.409393138464247158e-02
3.650000000000000000e+02 2.522898218856183261e-01 3.848495268192026614e-02 0.000000000000000000e+00 0.000000000000000000e+00 1.042167862204321505e-01 6.976935192545742626e-02
3.700000000000000000e+02 1.494029155284292143e-01 6.382971232055364985e-02 0.000000000000000000e+00 0.000000000000000000e+00 6.314672761648200405e-02 7.362316656445165586e-02
3.750000000000000000e+02 1.034984808816331869e-01 6.365874686194180135e-03 0.000000000000000000e+00 0.000000000000000000e+00 1.125097377090021056e-01 1.389860633902965589e-02
3.800000000000000000e+02 1.441517164771876636e-01 9.256895590513233851e-02 0.000000000000000000e+00 0.000000000000000000e+00 9.036156453745312900e-02 4.246659443773023734e-02
3.850000000000000000e+02 1.742068137412626505e-01 5.272349977481568389e-02 0.000000000000000000e+00 0.000000000000000000e+00 9.386413427191737935e-02 5.203287312711665780e-02
3.900000000000000000e+02 1.848881955352434381e-01 4.297532038063341109e-02 0.000000000000000000e+00 0.000000000000000000e+00 1.011384051682593932e-01 4.804984893980220051e-02
3.950000000000000000e+02 1.700218331897180024e-01 2.013079773090615809e-01 0.000000000000000000e+00 1.000000000000000000e+00 5.794674360283270237e-02 4.813009373289632575e-02
4.000000000000000000e+02 2.147193876654573397e-01 1.475018225546007034e-01 0.000000000000000000e+00 0.000000000000000000e+00 6.733942938406629886e-02 8.851413739711833095e-02
4.050000000000000000e+02 1.708885019785050530e-01 1.054075059116204027e-01 0.000000000000000000e+00 0.000000000000000000e+00 7.636048273562533184e-02 7.183783041762036026e-02
4.100000000000000000e+02 1.655421501861208955e-01 1.706316668607799902e-01 0.000000000000000000e+00 0.000000000000000000e+00 8.022199663372754641e-02 6.275204632388702020e-02
4.150000000000000000e+02 1.326906973510663668e-01 1.217993484538435478e-01 0.000000000000000000e+00 0.000000000000000000e+00 6.284465127051064304e-02 7.411917190471192796e-02
4.200000000000000000e+02 9.928386443348893864e-02 4.512488709218866190e-02 0.000000000000000000e+00 0.000000000000000000e+00 8.053096111777831301e-02 6.798599509744017444e-02
4.250000000000000000e+02 1.431117075983178166e-01 3.128169051772922149e-02 0.000000000000000000e+00 0.000000000000000000e+00 6.946720386481287923e-02 9.195342992544998373e-02
4.300000000000000000e+02 1.047982491162706975e-01 3.527860734606928783e-02 0.000000000000000000e+00 0.000000000000000000e+00 7.570346175777933895e-02 7.707089054577508092e-02
4.350000000000000000e+02 1.085892055150491364e-01 1.015653775937096215e-01 0.000000000000000000e+00 0.000000000000000000e+00 8.901721273962534542e-02 1.076373726766897548e-01
4.400000000000000000e+02 9.813403970541104138e-02 6.941599705935690146e-02 0.000000000000000000e+00 0.000000000000000000e+00 9.050121359717065717e-02 8.661491729052107902e-02
4.450000000000000000e+02 1.190293826223931539e-01 1.928460037718768283e-01 0.000000000000000000e+00 0.000000000000000000e+00 7.504509431425175625e-02 8.739465154235936950e-02
4.500000000000000000e+02 0.000000000000000000e+00 4.319591521285363195e-02 0.000000000000000000e+00 0.000000000000000000e+00 0.000000000000000000e+00 7.876182601187255161e-02
4.550000000000000000e+02 8.485775968743296260e-02 4.252627989253001534e-02 0.000000000000000000e+00 0.000000000000000000e+00 8.627035228394877575e-02 7.987967407259664865e-02
4.600000000000000000e+02 1.009835085939887744e-01 0.000000000000000000e+00 0.000000000000000000e+00 0.000000000000000000e+00 6.681030511334264121e-02 0.000000000000000000e+00
4.650000000000000000e+02 1.609899450913025998e-01 6.872526882378045265e-02 0.000000000000000000e+00 0.000000000000000000e+00 6.517418154852519518e-02 5.239932446223839746e-02
4.700000000000000000e+02 8.001144889171887820e-02 1.015317991392794550e-01 0.000000000000000000e+00 0.000000000000000000e+00 5.801315949934133381e-02 7.875793955697252269e-02
4.750000000000000000e+02 7.743144410434821268e-02 1.153732801367739480e-01 0.000000000000000000e+00 0.000000000000000000e+00 9.724812542931686454e-02 8.213533588793350826e-02
4.800000000000000000e+02 6.118185359252106131e-02 1.184149753157434509e-01 0.000000000000000000e+00 0.000000000000000000e+00 5.276702595898238868e-02 8.924209102430678830e-02
4.850000000000000000e+02 1.221489954523176796e-01 6.664936643678623374e-02 0.000000000000000000e+00 0.000000000000000000e+00 6.250319454355164617e-02 5.865440095310492374e-02
4.900000000000000000e+02 8.451690641615959565e-02 1.772628524378133952e-01 0.000000000000000000e+00 0.000000000000000000e+00 5.076951680909436854e-02 7.948612999737528217e-02
4.950000000000000000e+02 2.345074691993870863e-01 0.000000000000000000e+00 0.000000000000000000e+00 0.000000000000000000e+00 7.142247916861534096e-02 0.000000000000000000e+00
