0.000000000000000000e+00 0.000000000000000000e+00 0.000000000000000000e+00 0.000000000000000000e+00 0.000000000000000000e+00 0.000000000000000000e+00 0.000000000000000000e+00
5.000000000000000000e+00 4.365291806559790655e-01 2.641597437547033023e-01 0.000000000000000000e+00 0.000000000000000000e+00 1.475822446845635738e-01 7.847183674413577004e-02
1.000000000000000000e+01 3.715975252807604545e-01 2.560993716377449880e-01 0.000000000000000000e+00 0.000000000000000000e+00 1.420292007928502520e-01 8.630837493795893989e-02
1.500000000000000000e+01 1.889323430983425034e-01 2.109618167143192946e-01 0.000000000000000000e+00 0.000000000000000000e+00 1.119239027262280001e-01 8.355939896259440003e-02
2.000000000000000000e+01 4.100042593415527681e-01 2.858793082435232003e-01 0.000000000000000000e+00 1.000000000000000000e+00 1.255730731281680113e-01 7.960897954393379716e-02
2.500000000000000000e+01 2.703999121066286704e-01 2.337220971747174247e-01 0.000000000000000000e+00 0.000000000000000000e+00 1.311636628811792549e-01 9.640451811157353668e-02
3.000000000000000000e+01 3.540706022028360378e-01 1.882955647769440632e-01 1.000000000000000000e+00 0.000000000000000000e+00 9.202411270852131620e-02 8.516852973504070168e-02
3.500000000000000000e+01 2.937884782195110955e-01 1.648467582753821992e-01 0.000000000000000000e+00 0.000000000000000000e+00 1.294635380025664362e-01 9.281916308666700310e-02
4.000000000000000000e+01 2.988678765092555034e-01 1.980911557082992158e-01 0.000000000000000000e+00 0.000000000000000000e+00 1.060129103828806041e-01 8.014781382457734915e-02
4.500000000000000000e+01 2.565239989978685409e-01 1.676454614699700307e-01 0.000000000000000000e+00 0.000000000000000000e+00 1.368681455696207083e-01 1.002365864112874094e-01
5.000000000000000000e+01 3.087849691713176470e-01 2.353200977104998037e-01 0.000000000000000000e+00 0.000000000000000000e+00 1.434203860315481083e-01 1.195653254504642354e-01
5.500000000000000000e+01 1.781148376565113434e-01 1.472813634441403063e-01 0.000000000000000000e+00 0.000000000000000000e+00 1.353070869502897566e-01 6.532171850696524840e-02
6.000000000000000000e+01 2.580435084282318159e-01 1.261395141914511686e-01 0.000000000000000000e+00 0.000000000000000000e+00 1.106433376588099315e-01 1.053091426623224969e-01
6.500000000000000000e+01 2.120918977978274444e-01 1.915261732266804739e-01 0.000000000000000000e+00 0.000000000000000000e+00 1.114162587344999095e-01 7.289193355057244084e-02
7.000000000000000000e+01 3.869603051870404431e-01 1.744118225977454306e-01 1.000000000000000000e+00 0.000000000000000000e+00 9.830653227172982123e-02 8.966658915871957014e-02
7.500000000000000000e+01 3.199963575336370880e-01 1.834850158989281554e-01 0.000000000000000000e+00 0.000000000000000000e+00 9.325471053715309044e-02 7.584174704428101044e-02
8.000000000000000000e+01 3.223528330021504518e-01 2.613701347823746413e-01 1.000000000000000000e+00 0.000000000000000000e+00 8.307471966008284081e-02 1.146506948912360546e-01
8.500000000000000000e+01 2.232672701780352431e-01 2.909165084255708189e-01 0.000000000000000000e+00 0.000000000000000000e+00 1.349086090009183891e-01 1.061390742950830135e-01
9.000000000000000000e+01 1.297053493610290376e-01 2.068610240909651288e-01 0.000000000000000000e+00 0.000000000000000000e+00 1.015529102720053867e-01 9.703456961123911595e-02
9.500000000000000000e+01 3.054529477942028448e-01 3.066304311473697086e-01 0.000000000000000000e+00 0.000000000000000000e+00 1.045185090785313853e-01 1.131236869549721996e-01
1.000000000000000000e+02 2.252323335362060308e-01 2.843162612282548740e-01 0.000000000000000000e+00 0.000000000000000000e+00 9.031623305320587991e-02 9.696925517173191067e-02
1.050000000000000000e+02 3.084441156375637982e-01 2.833649617508680607e-01 0.000000000000000000e+00 0.000000000000000000e+00 1.133578318328049006e-01 9.521326624404868877e-02
1.100000000000000000e+02 3.135349977872430860e-01 3.514378890456633653e-01 0.000000000000000000e+00 1.000000000000000000e+00 1.882749842412762831e-01 8.706407821323774998e-02
1.150000000000000000e+02 2.879982550836165389e-01 1.039807926660409887e-01 0.000000000000000000e+00 0.000000000000000000e+00 1.194107080659125020e-01 1.293527399726772942e-01
1.200000000000000000e+02 2.181039593799798393e-01 2.021065429151999715e-01 0.000000000000000000e+00 0.000000000000000000e+00 6.898348121635643204e-02 1.251218515121766128e-01
1.250000000000000000e+02 2.183808179743579048e-01 2.236029212761027618e-01 0.000000000000000000e+00 0.000000000000000000e+00 1.028613490731922347e-01 1.019371732551185156e-01
1.300000000000000000e+02 1.722479637583304579e-01 1.788590084649858691e-01 0.000000000000000000e+00 0.000000000000000000e+00 1.126401091644917835e-01 1.107582553487004434e-01
1.350000000000000000e+02 2.310904352453037325e-01 2.220315307187827325e-01 0.000000000000000000e+00 0.000000000000000000e+00 1.064864545573472182e-01 1.052078534238525265e-01
1.400000000000000000e+02 1.473390327424291546e-01 1.412707488754695040e-01 0.000000000000000000e+00 0.000000000000000000e+00 1.173468151901131545e-01 7.645763509040641448e-02
1.450000000000000000e+02 9.642176234690406911e-02 2.293806643510323262e-01 0.000000000000000000e+00 0.000000000000000000e+00 1.365383701482591194e-01 9.472711974431773096e-02
1.500000000000000000e+02 2.334781000045119126e-01 1.490672304432344442e-01 0.000000000000000000e+00 0.000000000000000000e+00 1.157730982129294983e-01 9.665563705912877390e-02
1.550000000000000000e+02 1.953676940396593120e-01 2.419622515544088692e-01 0.000000000000000000e+00 0.000000000000000000e+00 8.712576719730491526e-02 1.011570309028342884e-01
1.600000000000000000e+02 1.722713511616188464e-01 1.508616379281125797e-01 0.000000000000000000e+00 0.000000000000000000e+00 1.037744885498348424e-01 9.716599892671635985e-02
1.650000000000000000e+02 2.550274535894403449e-01 2.252483475184102191e-01 0.000000000000000000e+00 0.000000000000000000e+00 1.199851142320546987e-01 7.284097148566780200e-02
1.700000000000000000e+02 1.813346934899942864e-01 2.059911657615302594e-01 0.000000000000000000e+00 0.000000000000000000e+00 1.087388067126787289e-01 6.901201148003154040e-02
1.750000000000000000e+02 2.164742042612666229e-01 1.983362164764608526e-01 0.000000000000000000e+00 0.000000000000000000e+00 1.034629632905986196e-01 7.016436030735553886e-02
1.800000000000000000e+02 3.587731027352504265e-01 1.845658131098874277e-01 0.000000000000000000e+00 0.000000000000000000e+00 1.159427640706066215e-01 8.953502961123860349e-02
1.850000000000000000e+02 2.678393138605972279e-01 2.556296995595205290e-01 0.000000000000000000e+00 0.000000000000000000e+00 1.436261140403075065e-01 9.531638117782434416e-02
1.900000000000000000e+02 1.935878472309834064e-01 1.819871298510514768e-01 0.000000000000000000e+00 0.000000000000000000e+00 1.131300623393069610e-01 7.752102259955455377e-02
1.950000000000000000e+02 1.968571328992292646e-01 1.759076588848641487e-01 0.000000000000000000e+00 0.000000000000000000e+00 1.122952112730705582e-01 1.105317526026347447e-01
2.000000000000000000e+02 1.402985267317757856e-01 2.134555729826224102e-01 0.000000000000000000e+00 0.000000000000000000e+00 1.112974190775737754e-01 8.977467417005820238e-02
2.050000000000000000e+02 2.732321012548196704e-01 8.443294266704415296e-02 0.000000000000000000e+00 0.000000000000000000e+00 1.186660725433296981e-01 7.149335572860980592e-02
2.100000000000000000e+02 2.701362425252368804e-01 9.043216921323640745e-02 0.000000000000000000e+00 0.000000000000000000e+00 1.048600806858510093e-01 7.938251582462027556e-02
2.150000000000000000e+02 1.789478116529413243e-01 1.613506963828196805e-01 0.000000000000000000e+00 0.000000000000000000e+00 9.439517367396015046e-02 8.351977067322455262e-02
2.200000000000000000e+02 3.674029658141567123e-01 3.865357313314372878e-02 0.000000000000000000e+00 0.000000000000000000e+00 1.124424885086365289e-01 6.748815382971327936e-02
2.250000000000000000e+02 3.117259923076683981e-01 1.582711364102513396e-01 0.000000000000000000e+00 0.000000000000000000e+00 1.040315429496548733e-01 8.103053057090554845e-02
2.300000000000000000e+02 2.545912676133756380e-01 2.388610374679972226e-01 0.000000000000000000e+00 0.000000000000000000e+00 1.048158595353190919e-01 7.712913584199922179e-02
2.350000000000000000e+02 2.363709478678575060e-01 2.504115563738525396e-01 0.000000000000000000e+00 0.000000000000000000e+00 1.117041485454070976e-01 1.029951726932864103e-01
2.400000000000000000e+02 1.090101899114880035e-01 1.422430802898118352e-01 0.000000000000000000e+00 0.000000000000000000e+00 7.745264332462149792e-02 6.704142807617678723e-02
2.450000000000000000e+02 2.032533019454795531e-01 1.898933775522194112e-01 0.000000000000000000e+00 0.000000000000000000e+00 1.115700753588706601e-01 7.777714510664540670e-02
2.500000000000000000e+02 1.281730962029465348e-01 4.835541543286850374e-02 0.000000000000000000e+00 0.000000000000000000e+00 1.011914002986350480e-01 7.832689199741872665e-02
2.550000000000000000e+02 1.406639422768085068e-01 2.154317217770101711e-01 0.000000000000000000e+00 0.000000000000000000e+00 1.195911212298692156e-01 1.057101693402484194e-01
2.600000000000000000e+02 2.767047326535900797e-01 2.655415424872206165e-01 0.000000000000000000e+00 0.000000000000000000e+00 1.293220918949293807e-01 9.853331075374782699e-02
2.650000000000000000e+02 1.395631542969372196e-01 2.092905072214746309e-01 0.000000000000000000e+00 0.000000000000000000e+00 1.016815324126667669e-01 8.207155235136831539e-02
2.700000000000000000e+02 3.470567057254494436e-01 1.371946366291715569e-01 0.000000000000000000e+00 0.000000000000000000e+00 1.817938765476630747e-01 6.903884577932392630e-02
2.750000000000000000e+02 2.769634662726536689e-01 1.104385820878396596e-01 0.000000000000000000e+00 0.000000000000000000e+00 1.352392348315974713e-01 9.244778807842646273e-02
2.800000000000000000e+02 1.095843164817528193e-01 1.218588346082116330e-01 0.000000000000000000e+00 0.000000000000000000e+00 1.387526568570166818e-01 8.831701140491420021e-02
2.850000000000000000e+02 2.963244336506473120e-01 1.104422749941252890e-01 0.000000000000000000e+00 0.000000000000000000e+00 1.112539940085519596e-01 7.127109446953243388e-02
2.900000000000000000e+02 1.971191606658754258e-01 1.581902555930554399e-01 0.000000000000000000e+00 0.000000000000000000e+00 1.044092596690347624e-01 7.464503534411598418e-02
2.950000000000000000e+02 2.268139017098310395e-01 9.107911414328677402e-02 0.000000000000000000e+00 0.000000000000000000e+00 1.045826259998167695e-01 1.000609524632698893e-01
3.000000000000000000e+02 2.318978308274354527e-01 1.456072611138532757e-01 0.000000000000000000e+00 0.000000000000000000e+00 1.178258282907003046e-01 8.677996005195783014e-02
3.050000000000000000e+02 2.386670526562607308e-01 1.057675447518091616e-01 0.000000000000000000e+00 0.000000000000000000e+00 1.364687825491835704e-01 8.931365180985516294e-02
3.100000000000000000e+02 1.223272121904934034e-01 9.506346756754266436e-02 0.000000000000000000e+00 0.000000000000000000e+00 1.415121439611904119e-01 9.276623619390099440e-02
3.150000000000000000e+02 3.105610424779314260e-01 1.724791450233190138e-01 0.000000000000000000e+00 0.000000000000000000e+00 1.275558717275293019e-01 7.587370134758973650e-02
3.200000000000000000e+02 4.011439991651846726e-02 1.216799009923748009e-01 0.000000000000000000e+00 0.000000000000000000e+00 1.316631768330310259e-01 6.590607587585244065e-02
3.250000000000000000e+02 6.146310206685675487e-02 5.824982245777130668e-02 0.000000000000000000e+00 0.000000000000000000e+00 1.095402904288140661e-01 1.080576716113949426e-01
3.300000000000000000e+02 2.248287331037085168e-01 6.433847840443016053e-02 0.000000000000000000e+00 0.000000000000000000e+00 1.136640772693287421e-01 5.436607439793836316e-02
3.350000000000000000e+02 2.571508530055812702e-01 1.112273913950991427e-01 0.000000000000000000e+00 0.000000000000000000e+00 8.945275014959552795e-02 8.999247060226990558e-02
3.400000000000000000e+02 2.226505780233216103e-01 1.940285121094983689e-01 0.000000000000000000e+00 0.000000000000000000e+00 1.249726019924740084e-01 7.204552218961106369e-02
3.450000000000000000e+02 1.945327009315089006e-01 1.467722330802043174e-01 0.000000000000000000e+00 0.000000000000000000e+00 1.064654489608353877e-01 8.846723908711938422e-02
3.500000000000000000e+02 2.678647586720107610e-01 1.849113803986985605e-01 0.000000000000000000e+00 0.000000000000000000e+00 8.565431535559811516e-02 8.427823574095322234e-02
3.550000000000000000e+02 2.148819417189556658e-01 1.707990994734946977e-01 0.000000000000000000e+00 0.000000000000000000e+00 7.416141499855484487e-02 8.529689081303601372e-02
3.600000000000000000e+02 2.599666507670707061e-01 1.291717627608887642e-01 0.000000000000000000e+00 0.000000000000000000e+00 1.217394882604406758e-01 8.906136925947576166e-02
3.650000000000000000e+02 2.367260758664694043e-01 4.248832569865708397e-02 0.000000000000000000e+00 0.000000000000000000e+00 8.455062134365033677e-02 6.545547944129002926e-02
3.700000000000000000e+02 2.124389164942093733e-01 1.801685212264711733e-01 0.000000000000000000e+00 0.000000000000000000e+00 1.342641012624640473e-01 7.856042405636211312e-02
3.750000000000000000e+02 2.050645783400149025e-01 1.352321852636554911e-01 0.000000000000000000e+00 0.000000000000000000e+00 9.346687826142778543e-02 1.300046792602150558e-01
3.800000000000000000e+02 2.709558736004291646e-01 4.932933627116205949e-02 0.000000000000000000e+00 0.000000000000000000e+00 9.119582652767449504e-02 9.695172890592293480e-02
3.850000000000000000e+02 8.671701596774547549e-02 1.933790312193623961e-01 0.000000000000000000e+00 0.000000000000000000e+00 6.941151230790318372e-02 7.614636815667895353e-02
3.900000000000000000e+02 1.442068712760649074e-01 9.989367885946873193e-02 0.000000000000000000e+00 0.000000000000000000e+00 8.781981617995746059e-02 1.094450020971586696e-01
3.950000000000000000e+02 2.300303754634519249e-01 1.800076362598885260e-01 0.000000000000000000e+00 0.000000000000000000e+00 1.001535486758446530e-01 7.709510960695808990e-02
4.000000000000000000e+02 1.504824833138984075e-01 1.332853650195878203e-01 0.000000000000000000e+00 0.000000000000000000e+00 1.047488323363027773e-01 8.230422115526292437e-02
4.050000000000000000e+02 1.776249024156116851e-01 1.533307402024267074e-01 0.000000000000000000e+00 0.000000000000000000e+00 1.027891156562319164e-01 8.754752479416845479e-02
4.100000000000000000e+02 2.179429943089347399e-01 1.444848533266333557e-01 0.000000000000000000e+00 0.000000000000000000e+00 1.259478777360835133e-01 8.657511067044952602e-02
4.150000000000000000e+02 8.236541804259103761e-02 2.053523778090697305e-01 0.000000000000000000e+00 0.000000000000000000e+00 1.353184788080924461e-01 8.623857422561766184e-02
4.200000000000000000e+02 1.610869052351710795e-01 1.018692271455942377e-01 0.000000000000000000e+00 0.000000000000000000e+00 1.670785378132472743e-01 9.314715345742162478e-02
4.250000000000000000e+02 1.594108832903920747e-01 1.357155015004519183e-01 0.000000000000000000e+00 0.000000000000000000e+00 9.249487641465130305e-02 8.352651549661359309e-02
4.300000000000000000e+02 2.259987906391685009e-01 5.777625981295444330e-02 0.000000000000000000e+00 0.000000000000000000e+00 8.991969151968287610e-02 1.104723681732969059e-01
4.350000000000000000e+02 1.122932626108742726e-01 1.963515857560106138e-03 0.000000000000000000e+00 0.000000000000000000e+00 7.705714796056122029e-02 1.891414416277992661e-03
4.400000000000000000e+02 2.518561310180900681e-01 7.455297605834942942e-02 0.000000000000000000e+00 0.000000000000000000e+00 1.284495684217292766e-01 1.082680702671585532e-01
4.450000000000000000e+02 1.625772293254955370e-01 1.205509829270965394e-01 0.000000000000000000e+00 0.000000000000000000e+00 1.184621386810698479e-01 8.808206167744407622e-02
4.500000000000000000e+02 2.105960754216750774e-01 8.995750752117299964e-02 0.000000000000000000e+00 0.000000000000000000e+00 1.080589474764421659e-01 9.021929821810509287e-02
4.550000000000000000e+02 2.725471594375894480e-01 6.526254302352652026e-02 0.000000000000000000e+00 0.000000000000000000e+00 9.616631559700916654e-02 8.265020652493879072e-02
4.600000000000000000e+02 1.026637309041648349e-01 1.115800314549894728e-01 0.000000000000000000e+00 0.000000000000000000e+00 1.227134769905538492e-01 1.073964783574322679e-01
4.650000000000000000e+02 1.290623768348610478e-01 1.617504917258653363e-01 0.000000000000000000e+00 0.000000000000000000e+00 1.368202569022390902e-01 1.111955594019659460e-01
4.700000000000000000e+02 8.283789795869975214e-02 8.578785371371015767e-02 0.000000000000000000e+00 0.000000000000000000e+00 1.022980455463070870e-01 1.134195585998732936e-01
4.750000000000000000e+02 2.180731919042943612e-01 2.233147041737144067e-01 0.000000000000000000e+00 0.000000000000000000e+00 8.450468380754558306e-02 1.040425097957740214e-01
4.800000000000000000e+02 2.996610587131156578e-01 1.501463832503884266e-01 0.000000000000000000e+00 0.000000000000000000e+00 1.015611490088778185e-01 9.747879227744042641e-02
4.850000000000000000e+02 2.862829849360691847e-01 1.752056160540205743e-01 0.000000000000000000e+00 0.000000000000000000e+00 1.184992099988535219e-01 1.068425270030485125e-01
4.900000000000000000e+02 3.059108295160938296e-01 1.983691361164442446e-01 0.000000000000000000e+00 0.000000000000000000e+00 9.306589696644949894e-02 9.198071655372080935e-02
4.950000000000000000e+02 1.981310167436461378e-01 1.166611737317332365e-01 0.000000000000000000e+00 0.000000000000000000e+00 1.604544791570367557e-01 1.293555954007616082e-01
