0.000000000000000000e+00 0.000000000000000000e+00 0.000000000000000000e+00 0.000000000000000000e+00 0.000000000000000000e+00 0.000000000000000000e+00 0.000000000000000000e+00
5.000000000000000000e+00 3.237055638714105843e-01 2.753295751379786216e-01 0.000000000000000000e+00 0.000000000000000000e+00 1.241811348712853896e-01 1.100132750057203762e-01
1.000000000000000000e+01 3.516704455997530787e-01 3.108496969112411468e-01 0.000000000000000000e+00 0.000000000000000000e+00 1.121920674644431709e-01 1.157996986421106489e-01
1.500000000000000000e+01 2.618520438990595833e-01 2.122148905798989238e-01 0.000000000000000000e+00 0.000000000000000000e+00 1.070942084850286941e-01 1.115194070915008495e-01
2.000000000000000000e+01 3.243733238180682710e-01 2.196781182875486016e-01 0.000000000000000000e+00 0.000000000000000000e+00 1.067862310853028296e-01 1.225513602406359676e-01
2.500000000000000000e+01 3.610950049989337662e-01 3.082854645966720541e-01 0.000000000000000000e+00 0.000000000000000000e+00 1.528066416263357541e-01 1.380830451310121332e-01
3.000000000000000000e+01 4.066776633589174739e-01 1.903656125373958674e-01 0.000000000000000000e+00 0.000000000000000000e+00 1.347571523869345866e-01 1.484882407117599501e-01
3.500000000000000000e+01 3.169358494547731553e-01 2.004507556192962614e-01 0.000000000000000000e+00 0.000000000000000000e+00 1.348923061124455702e-01 8.824162267539792381e-02
4.000000000000000000e+01 3.315870692421405419e-01 3.252447913610595487e-01 0.000000000000000000e+00 0.000000000000000000e+00 1.129143794398296263e-01 1.475178949484171609e-01
4.500000000000000000e+01 4.293674965990702530e-01 2.131212171103959441e-01 1.000000000000000000e+00 0.000000000000000000e+00 1.123879050272973829e-01 1.420571903225346655e-01
5.000000000000000000e+01 3.181172310102130529e-01 2.970128643778249811e-01 0.000000000000000000e+00 0.000000000000000000e+00 1.234734597161432496e-01 1.911812902204086673e-01
5.500000000000000000e+01 3.123079953095016514e-01 1.702125646921243685e-01 0.000000000000000000e+00 0.000000000000000000e+00 1.301520246409907378e-01 1.760670060216946720e-01
6.000000000000000000e+01 3.199305835912836793e-01 1.811531751228830367e-01 0.000000000000000000e+00 0.000000000000000000e+00 1.121755612073869340e-01 1.620930169486567152e-01
6.500000000000000000e+01 2.134048224283849327e-01 2.147311893595234555e-01 0.000000000000000000e+00 0.000000000000000000e+00 1.218997987519576942e-01 1.430383950675943039e-01
7.000000000000000000e+01 3.187139037344192127e-01 2.504162077400417519e-01 0.000000000000000000e+00 0.000000000000000000e+00 1.336188035586273193e-01 1.295627642529782186e-01
7.500000000000000000e+01 4.292384961261062060e-01 2.262059634869918734e-01 0.000000000000000000e+00 0.000000000000000000e+00 1.732372915440598959e-01 1.298399465529311014e-01
8.000000000000000000e+01 3.001582992306616737e-01 2.477704349184781663e-01 0.000000000000000000e+00 0.000000000000000000e+00 1.659524707148374578e-01 1.709381215994702496e-01
8.500000000000000000e+01 3.811490195034921147e-01 3.133855861562672152e-01 0.000000000000000000e+00 0.000000000000000000e+00 1.308339865134595936e-01 1.483753823403207717e-01
9.000000000000000000e+01 2.747076050545455561e-01 2.891270403891142426e-01 0.000000000000000000e+00 0.000000000000000000e+00 1.404165442480436177e-01 1.591681867361910696e-01
9.500000000000000000e+01 3.969424613838347105e-01 3.207255917624926567e-01 0.000000000000000000e+00 0.000000000000000000e+00 1.424335259385361985e-01 1.539129002444930283e-01
1.000000000000000000e+02 3.354712945877789121e-01 2.458607757972886831e-01 0.000000000000000000e+00 0.000000000000000000e+00 1.585506835261952518e-01 1.500163697470090207e-01
1.050000000000000000e+02 4.494758925975482211e-01 2.595171706924984112e-01 1.000000000000000000e+00 0.000000000000000000e+00 1.206327534928022110e-01 1.444251666413833846e-01
1.100000000000000000e+02 2.965355709490508640e-01 3.639181139833352341e-01 0.000000000000000000e+00 0.000000000000000000e+00 1.098387113336886517e-01 1.409577636783643784e-01
1.150000000000000000e+02 2.697488166944949084e-01 2.609586661480893244e-01 0.000000000000000000e+00 0.000000000000000000e+00 1.192931756692504064e-01 1.446512928126833242e-01
1.200000000000000000e+02 2.646556066369759042e-01 2.922799407562032270e-01 0.000000000000000000e+00 0.000000000000000000e+00 1.462865892295822923e-01 1.649323255593781457e-01
1.250000000000000000e+02 2.760208618552679183e-01 3.131596806921294607e-01 0.000000000000000000e+00 0.000000000000000000e+00 1.432734280335329624e-01 1.319370937383652631e-01
1.300000000000000000e+02 3.693223543225571115e-01 2.731303976625849561e-01 0.000000000000000000e+00 0.000000000000000000e+00 1.723060228614998746e-01 1.545860757010836806e-01
1.350000000000000000e+02 4.009334720044959721e-01 2.402281019639345983e-01 0.000000000000000000e+00 0.000000000000000000e+00 1.420428243960037140e-01 1.205335698857974841e-01
1.400000000000000000e+02 3.154765743314582593e-01 1.384626073235722399e-01 0.000000000000000000e+00 0.000000000000000000e+00 1.020142923845456934e-01 1.533677807853245922e-01
1.450000000000000000e+02 3.501677414979081915e-01 2.531571448169783745e-01 0.000000000000000000e+00 0.000000000000000000e+00 1.169693218887442598e-01 1.575726704155063496e-01
1.500000000000000000e+02 3.688672531236769081e-01 2.170818000506017642e-01 0.000000000000000000e+00 0.000000000000000000e+00 1.366207671269863144e-01 1.228612478987908679e-01
1.550000000000000000e+02 3.459250526049620911e-01 2.756474738126615254e-01 0.000000000000000000e+00 0.000000000000000000e+00 1.296449295574738647e-01 1.349284323861036361e-01
1.600000000000000000e+02 2.568762454448670907e-01 2.156595224607058547e-01 0.000000000000000000e+00 0.000000000000000000e+00 1.326758680037733173e-01 1.420214337512298863e-01
1.650000000000000000e+02 3.436944483942049877e-01 3.192215471180047670e-01 0.000000000000000000e+00 0.000000000000000000e+00 1.400178550304782277e-01 8.926328420859364066e-02
1.700000000000000000e+02 3.115287688260516274e-01 2.125238253059421323e-01 0.000000000000000000e+00 0.000000000000000000e+00 1.679872121887027170e-01 1.419327540243228436e-01
1.750000000000000000e+02 3.899967993841063074e-01 2.566008903705377930e-01 0.000000000000000000e+00 0.000000000000000000e+00 1.605247953503100289e-01 1.371891349445956421e-01
1.800000000000000000e+02 2.933650873169871831e-01 2.748120139467420397e-01 0.000000000000000000e+00 0.000000000000000000e+00 1.307791913165166353e-01 1.302619619807666718e-01
1.850000000000000000e+02 2.496374813230725631e-01 3.164943912545576943e-01 0.000000000000000000e+00 0.000000000000000000e+00 1.432800522314515990e-01 1.088206194816120215e-01
1.900000000000000000e+02 2.815709713944672954e-01 1.902655542095251784e-01 0.000000000000000000e+00 0.000000000000000000e+00 1.387809089608093294e-01 1.225125818640535741e-01
1.950000000000000000e+02 2.329156805411758402e-01 3.138636536477327210e-01 0.000000000000000000e+00 0.000000000000000000e+00 1.622536669568180878e-01 1.136863747318670598e-01
2.000000000000000000e+02 3.141738909883783348e-01 3.701425840477549634e-01 0.000000000000000000e+00 0.000000000000000000e+00 1.569948296249265851e-01 1.539364201727257131e-01
2.050000000000000000e+02 3.209750374884355884e-01 2.087393176698871533e-01 0.000000000000000000e+00 0.000000000000000000e+00 1.282642918171236768e-01 1.118689125725780692e-01
2.100000000000000000e+02 1.565153501611083742e-01 2.933270457913591533e-01 0.000000000000000000e+00 0.000000000000000000e+00 1.718256616298635131e-01 1.522794548395507153e-01
2.150000000000000000e+02 2.406052994175535420e-01 2.973532475215200921e-01 0.000000000000000000e+00 0.000000000000000000e+00 9.260002461546620878e-02 1.528733903626508794e-01
2.200000000000000000e+02 2.282054447649133899e-01 2.061665470119377341e-01 0.000000000000000000e+00 0.000000000000000000e+00 1.616661147873782456e-01 1.634807695184097576e-01
2.250000000000000000e+02 2.892981885913283313e-01 3.203592212864092015e-01 0.000000000000000000e+00 0.000000000000000000e+00 1.573224715087361281e-01 1.355039105349226392e-01
2.300000000000000000e+02 2.609810486309177557e-01 3.226207169945216058e-01 0.000000000000000000e+00 0.000000000000000000e+00 1.594452850888762874e-01 1.096907419874970785e-01
2.350000000000000000e+02 2.705191550506841347e-01 3.987253273519114072e-01 0.000000000000000000e+00 1.000000000000000000e+00 1.664146317430903188e-01 1.033091849874257506e-01
2.400000000000000000e+02 4.544986665729101039e-01 2.558190195158465685e-01 0.000000000000000000e+00 0.000000000000000000e+00 1.628832467663501038e-01 1.423757825900500984e-01
2.450000000000000000e+02 2.729681154430412815e-01 1.951495284064674318e-01 0.000000000000000000e+00 0.000000000000000000e+00 1.534375531599899423e-01 9.307682843383607851e-02
2.500000000000000000e+02 3.191196301629757315e-01 1.907325660314098115e-01 0.000000000000000000e+00 0.000000000000000000e+00 1.259867155084878620e-01 1.416724524507036176e-01
2.550000000000000000e+02 2.771832873554908594e-01 2.582880225456059553e-01 0.000000000000000000e+00 0.000000000000000000e+00 1.739959939598259286e-01 1.737192601195697017e-01
2.600000000000000000e+02 3.384009745239456857e-01 3.266640639055718998e-01 0.000000000000000000e+00 0.000000000000000000e+00 1.037061421267081451e-01 1.495697839452345135e-01
2.650000000000000000e+02 3.089026555202395441e-01 3.287607951617200208e-01 0.000000000000000000e+00 0.000000000000000000e+00 1.421650596909831699e-01 1.274272099342386722e-01
2.700000000000000000e+02 2.038862638187473875e-01 3.493611931532978887e-01 0.000000000000000000e+00 0.000000000000000000e+00 1.757446287769537652e-01 1.321158442277588774e-01
2.750000000000000000e+02 3.172809052267600016e-01 2.722508712831013256e-01 0.000000000000000000e+00 0.000000000000000000e+00 1.578197031495136293e-01 1.389492233887830164e-01
2.800000000000000000e+02 3.824357280504274703e-01 1.883858690542242198e-01 0.000000000000000000e+00 0.000000000000000000e+00 1.163041991755184718e-01 1.436819978411510712e-01
2.850000000000000000e+02 3.576905827009148608e-01 2.207290752030511560e-01 0.000000000000000000e+00 0.000000000000000000e+00 1.353118518531806203e-01 1.415676184807143634e-01
2.900000000000000000e+02 2.896908614194848575e-01 2.797971612218713711e-01 0.000000000000000000e+00 0.000000000000000000e+00 1.416539096668438524e-01 1.247003971109936910e-01
2.950000000000000000e+02 3.383041505669295845e-01 1.413527597830283866e-01 0.000000000000000000e+00 0.000000000000000000e+00 1.160104705628993843e-01 7.779390441616504392e-02
3.000000000000000000e+02 3.057461026431027018e-01 1.980218549760352498e-01 0.000000000000000000e+00 0.000000000000000000e+00 1.309153533940101144e-01 1.318740390249079630e-01
3.050000000000000000e+02 2.625777507912855357e-01 2.233571337184698247e-01 0.000000000000000000e+00 0.000000000000000000e+00 1.432692578707765452e-01 1.249836237766910330e-01
3.100000000000000000e+02 3.491733187443941677e-01 2.081217053277944484e-01 0.000000000000000000e+00 0.000000000000000000e+00 1.468329408230387711e-01 1.107560169060990002e-01
3.150000000000000000e+02 2.681524601736911539e-01 1.778899395701019626e-01 0.000000000000000000e+00 0.000000000000000000e+00 1.415193745216312415e-01 1.047258518144626865e-01
3.200000000000000000e+02 2.659896740409122273e-01 1.397917338674779519e-01 0.000000000000000000e+00 0.000000000000000000e+00 1.256637898358750061e-01 8.032313875482348375e-02
3.250000000000000000e+02 4.506136199044634694e-01 1.793103677385307904e-01 1.000000000000000000e+00 0.000000000000000000e+00 1.192757611104704740e-01 1.140367365784707293e-01
3.300000000000000000e+02 2.341900006357578723e-01 1.722313264654589671e-01 0.000000000000000000e+00 0.000000000000000000e+00 1.465725480738535591e-01 1.056706125569826793e-01
3.350000000000000000e+02 2.779582157614278182e-01 1.387435467824217894e-01 0.000000000000000000e+00 0.000000000000000000e+00 1.192426847363784181e-01 1.042553182100934978e-01
3.400000000000000000e+02 2.200870760447721786e-01 2.083611125580978052e-01 0.000000000000000000e+00 0.000000000000000000e+00 8.645856206297002078e-02 1.250592615839524191e-01
3.450000000000000000e+02 1.842584630107702570e-01 2.756951309674821049e-01 0.000000000000000000e+00 0.000000000000000000e+00 9.595337970345342582e-02 1.036985151281360068e-01
3.500000000000000000e+02 1.365876433554809866e-01 2.476783144208446752e-01 0.000000000000000000e+00 0.000000000000000000e+00 1.286332895219464145e-01 1.295067640207158144e-01
3.550000000000000000e+02 2.112466988046644567e-01 1.572253753530571674e-01 0.000000000000000000e+00 0.000000000000000000e+00 1.270306696662447110e-01 8.744244294506380022e-02
3.600000000000000000e+02 2.192796017527299246e-01 1.375621734735948398e-01 0.000000000000000000e+00 0.000000000000000000e+00 1.407938778809166847e-01 1.192718665630763536e-01
3.650000000000000000e+02 2.588330840672351529e-01 1.278232878590354060e-01 0.000000000000000000e+00 0.000000000000000000e+00 1.072316984698541420e-01 4.178104706059111023e-02
3.700000000000000000e+02 2.951087703515016814e-01 1.902121428973142514e-01 0.000000000000000000e+00 0.000000000000000000e+00 1.506217850635332423e-01 1.114836123405031909e-01
3.750000000000000000e+02 3.466714381580815463e-01 1.216274435321110098e-01 0.000000000000000000e+00 0.000000000000000000e+00 1.011459163723602422e-01 1.141555662921238251e-01
3.800000000000000000e+02 1.594011614084112072e-01 1.675045779668228318e-01 0.000000000000000000e+00 0.000000000000000000e+00 1.360393959148889498e-01 6.755467304875836798e-02
3.850000000000000000e+02 2.081465722726626721e-01 2.795161105789464306e-01 0.000000000000000000e+00 1.000000000000000000e+00 1.580455469866592355e-01 6.387081563409478802e-02
3.900000000000000000e+02 3.070730735341598572e-01 1.534757357475887707e-01 0.000000000000000000e+00 0.000000000000000000e+00 1.337349997746250241e-01 9.304938457391231932e-02
3.950000000000000000e+02 3.343708213635755433e-01 2.801577002151840468e-01 0.000000000000000000e+00 1.000000000000000000e+00 1.293983776440193745e-01 7.265437251924262985e-02
4.000000000000000000e+02 3.445393195061904335e-01 2.032745291108760954e-01 0.000000000000000000e+00 0.000000000000000000e+00 1.030779604902551660e-01 7.007181425508836325e-02
4.050000000000000000e+02 2.756091021403611063e-01 1.772863043434592945e-01 0.000000000000000000e+00 0.000000000000000000e+00 1.266333201414480691e-01 9.034174127350215466e-02
4.100000000000000000e+02 3.343481366073263739e-01 2.345416961650625132e-01 0.000000000000000000e+00 0.000000000000000000e+00 1.124089713715730188e-01 1.002280058621646264e-01
4.150000000000000000e+02 3.162688622532386362e-01 1.680687732469866025e-01 0.000000000000000000e+00 0.000000000000000000e+00 9.152094628871303150e-02 1.028131232685319946e-01
4.200000000000000000e+02 3.182701483923594532e-01 1.153863562960679295e-01 0.000000000000000000e+00 0.000000000000000000e+00 1.000715714324225264e-01 1.138627045648736985e-01
4.250000000000000000e+02 3.714062250980898483e-01 1.720920553169691392e-01 0.000000000000000000e+00 0.000000000000000000e+00 1.170251495108329681e-01 1.237564795652445204e-01
4.300000000000000000e+02 1.514160005031280620e-01 5.559457261354489033e-02 0.000000000000000000e+00 0.000000000000000000e+00 8.609500508627720983e-02 3.964294872579678802e-02
4.350000000000000000e+02 2.169984773548239709e-01 1.119785637746680412e-01 0.000000000000000000e+00 0.000000000000000000e+00 1.105539068753242510e-01 7.238034239702893780e-02
4.400000000000000000e+02 1.781033513697774517e-01 1.771145353125058164e-01 0.000000000000000000e+00 0.000000000000000000e+00 1.312600709679470068e-01 1.180688195894186859e-01
4.450000000000000000e+02 1.920791059823691582e-01 1.069761622081773361e-01 0.000000000000000000e+00 0.000000000000000000e+00 9.363007749080853870e-02 8.845771871997798463e-02
4.500000000000000000e+02 1.850987948545867456e-01 1.629768805979233126e-01 0.000000000000000000e+00 0.000000000000000000e+00 1.086331545643195173e-01 9.060077744449597514e-02
4.550000000000000000e+02 1.314720236058306013e-01 1.093462969713290961e-01 0.000000000000000000e+00 0.000000000000000000e+00 1.249620709063731239e-01 7.553069526930114574e-02
4.600000000000000000e+02 2.540218357301410324e-01 5.596869179963655933e-02 0.000000000000000000e+00 0.000000000000000000e+00 1.429379473376704568e-01 5.664872296293008841e-02
4.650000000000000000e+02 2.018738726032903996e-01 2.205277734639448650e-01 0.000000000000000000e+00 0.000000000000000000e+00 9.039904848882827915e-02 1.170196154564563801e-01
4.700000000000000000e+02 2.557751024119615524e-01 1.627050279056914683e-01 0.000000000000000000e+00 0.000000000000000000e+00 1.066054705956080706e-01 8.358178831160291422e-02
4.750000000000000000e+02 1.865730896825616991e-01 2.260874840509753680e-01 0.000000000000000000e+00 0.000000000000000000e+00 1.384920455649029380e-01 1.119835489969156356e-01
4.800000000000000000e+02 3.478973431668309635e-01 1.624502872634189798e-01 0.000000000000000000e+00 0.000000000000000000e+00 1.042469333731679965e-01 1.058324059516813076e-01
4.850000000000000000e+02 2.551718742089952308e-01 1.810181434350329188e-01 0.000000000000000000e+00 0.000000000000000000e+00 8.817251155874410162e-02 8.127375125389353638e-02
4.900000000000000000e+02 3.408032105397912903e-01 2.622142232802043837e-01 0.000000000000000000e+00 1.000000000000000000e+00 1.241544569890767752e-01 6.690335444533519749e-02
4.950000000000000000e+02 1.092350821720704801e-01 1.604833621101831587e-01 0.000000000000000000e+00 0.000000000000000000e+00 8.312343404934385838e-02 7.550928183063637666e-02
