0.000000000000000000e+00 0.000000000000000000e+00 0.000000000000000000e+00 0.000000000000000000e+00 0.000000000000000000e+00 0.000000000000000000e+00 0.000000000000000000e+00
5.000000000000000000e+00 5.402258584259674867e-01 4.067133521741673197e-01 1.000000000000000000e+00 0.000000000000000000e+00 1.360087449042356733e-01 1.395857262781541319e-01
1.000000000000000000e+01 5.393105750419022737e-01 3.785372253552524713e-01 1.000000000000000000e+00 0.000000000000000000e+00 1.132627400270053014e-01 1.237142639814932665e-01
1.500000000000000000e+01 2.976085534361804230e-01 3.539956489429160191e-01 0.000000000000000000e+00 0.000000000000000000e+00 1.073397544065195774e-01 1.516114993687306955e-01
2.000000000000000000e+01 5.335146247761763938e-01 3.654675614824480223e-01 1.000000000000000000e+00 0.000000000000000000e+00 1.448395213644665946e-01 1.501862765688964374e-01
2.500000000000000000e+01 3.732180376492789664e-01 4.406867466430087754e-01 0.000000000000000000e+00 0.000000000000000000e+00 1.121704545624640503e-01 1.598807876854674292e-01
3.000000000000000000e+01 3.128144191533285268e-01 3.708609838552041071e-01 0.000000000000000000e+00 0.000000000000000000e+00 1.136925939520514045e-01 1.645061271995255647e-01
3.500000000000000000e+01 2.877632082613940101e-01 2.966573092400787148e-01 1.000000000000000000e+00 0.000000000000000000e+00 7.247215350047114812e-02 1.508493684947898039e-01
4.000000000000000000e+01 3.409368342655091366e-01 3.233565855781110332e-01 0.000000000000000000e+00 0.000000000000000000e+00 1.065770767380517375e-01 1.884570436209521138e-01
4.500000000000000000e+01 3.852860576612255894e-01 3.780397691765330359e-01 0.000000000000000000e+00 0.000000000000000000e+00 1.167661325988688104e-01 1.774810693406933537e-01
5.000000000000000000e+01 2.748720994730696754e-01 3.822240183920623258e-01 0.000000000000000000e+00 0.000000000000000000e+00 9.792079166041442462e-02 2.222370770687977781e-01
5.500000000000000000e+01 3.069345601164494286e-01 1.875104251768530683e-01 0.000000000000000000e+00 0.000000000000000000e+00 1.287670999916042114e-01 1.805677430551834162e-01
6.000000000000000000e+01 3.967823796084292143e-01 3.218762093920640721e-01 0.000000000000000000e+00 0.000000000000000000e+00 1.147429384484137116e-01 1.775883030432228449e-01
6.500000000000000000e+01 3.499650286168741187e-01 2.643049782513436918e-01 0.000000000000000000e+00 0.000000000000000000e+00 1.290048371887664580e-01 1.387339610689900526e-01
7.000000000000000000e+01 3.209214096490285995e-01 3.220869890233368782e-01 0.000000000000000000e+00 0.000000000000000000e+00 9.653640290742913910e-02 1.566731772268608325e-01
7.500000000000000000e+01 2.521381640250671685e-01 3.742533436078722131e-01 0.000000000000000000e+00 0.000000000000000000e+00 8.671176148908274484e-02 1.504302372597323412e-01
8.000000000000000000e+01 2.338476793893241312e-01 4.258532272525128448e-01 0.000000000000000000e+00 0.000000000000000000e+00 1.080091037258782555e-01 1.970389928984621619e-01
8.500000000000000000e+01 2.218874797397542564e-01 3.789949387190346131e-01 0.000000000000000000e+00 0.000000000000000000e+00 1.035700636128851354e-01 1.863111655788395604e-01
9.000000000000000000e+01 2.829691343327644937e-01 3.786936212089433429e-01 0.000000000000000000e+00 0.000000000000000000e+00 8.945039960842368632e-02 1.851934469233889324e-01
9.500000000000000000e+01 3.732959715980050386e-01 4.292230239788380475e-01 0.000000000000000000e+00 0.000000000000000000e+00 1.275065431984145348e-01 1.868378506540040174e-01
1.000000000000000000e+02 3.384339427049688487e-01 3.039204256941346882e-01 0.000000000000000000e+00 0.000000000000000000e+00 1.559946774987281404e-01 1.430412249155079696e-01
1.050000000000000000e+02 2.543701314054239715e-01 4.290237206046305651e-01 0.000000000000000000e+00 0.000000000000000000e+00 1.232760653073730617e-01 1.744135624465824874e-01
1.100000000000000000e+02 2.953615085312140121e-01 4.655429216333942799e-01 0.000000000000000000e+00 0.000000000000000000e+00 1.054554323700305635e-01 2.069245712957731298e-01
1.150000000000000000e+02 2.633020247539467062e-01 4.288767875233580606e-01 0.000000000000000000e+00 0.000000000000000000e+00 7.511071178080309940e-02 1.885588562907486165e-01
1.200000000000000000e+02 2.495185123502243751e-01 4.494677832295151387e-01 0.000000000000000000e+00 0.000000000000000000e+00 1.252269356143258794e-01 2.095975199506500408e-01
1.250000000000000000e+02 2.230067757288794750e-01 3.535332091745839733e-01 0.000000000000000000e+00 0.000000000000000000e+00 1.319692880409410740e-01 1.717028407112419219e-01
1.300000000000000000e+02 2.960397423090062596e-01 3.712758693740559890e-01 0.000000000000000000e+00 0.000000000000000000e+00 1.520498986729563184e-01 2.188750869951247291e-01
1.350000000000000000e+02 2.896162506342696563e-01 2.732623367936223846e-01 0.000000000000000000e+00 0.000000000000000000e+00 9.468974573076720247e-02 1.893643916549226369e-01
1.400000000000000000e+02 2.640821225846933240e-01 2.877494236367911240e-01 0.000000000000000000e+00 0.000000000000000000e+00 9.639099442702882270e-02 2.177052991229316004e-01
1.450000000000000000e+02 3.557208635977506250e-01 3.582570452988813048e-01 0.000000000000000000e+00 0.000000000000000000e+00 1.158278409500293066e-01 1.632525723249337313e-01
1.500000000000000000e+02 2.752366714936684833e-01 4.085462951581941837e-01 0.000000000000000000e+00 0.000000000000000000e+00 1.267206986968939519e-01 1.926453295507000729e-01
1.550000000000000000e+02 2.548977910913548528e-01 4.406432896086311390e-01 0.000000000000000000e+00 0.000000000000000000e+00 7.811347363860383919e-02 1.977179048922098892e-01
1.600000000000000000e+02 2.389687822276448936e-01 4.470617453621721360e-01 0.000000000000000000e+00 0.000000000000000000e+00 1.041538684965628569e-01 1.892302364206426557e-01
1.650000000000000000e+02 3.801560193020133704e-01 3.955613987288731925e-01 0.000000000000000000e+00 0.000000000000000000e+00 1.162070697867780555e-01 1.703426739058372386e-01
1.700000000000000000e+02 2.781753310348359931e-01 3.716736520337989846e-01 0.000000000000000000e+00 0.000000000000000000e+00 1.324366105315581965e-01 1.670393954130966474e-01
1.750000000000000000e+02 3.174782789924414095e-01 4.162038423482428695e-01 0.000000000000000000e+00 0.000000000000000000e+00 1.083730029362294511e-01 2.009678545213195444e-01
1.800000000000000000e+02 2.489301404608739998e-01 3.378985635187840009e-01 0.000000000000000000e+00 0.000000000000000000e+00 1.234767432192180187e-01 1.618533777825225395e-01
1.850000000000000000e+02 2.448959028208894662e-01 3.960060066580748384e-01 0.000000000000000000e+00 0.000000000000000000e+00 1.250485842070773457e-01 1.609587695450441780e-01
1.900000000000000000e+02 1.377062653341290521e-01 3.378984241280235112e-01 0.000000000000000000e+00 0.000000000000000000e+00 1.303656382571105610e-01 1.496938609122199504e-01
1.950000000000000000e+02 3.382356557593502178e-01 3.480242961823036829e-01 1.000000000000000000e+00 0.000000000000000000e+00 9.085253600768351812e-02 1.756563785095383301e-01
2.000000000000000000e+02 3.204594007716904946e-01 4.407464327956249761e-01 0.000000000000000000e+00 0.000000000000000000e+00 1.165574757974039560e-01 1.721903815767381885e-01
2.050000000000000000e+02 2.441904750521424750e-01 3.261319900847015618e-01 0.000000000000000000e+00 0.000000000000000000e+00 7.165373938410267429e-02 1.554504650981286540e-01
2.100000000000000000e+02 2.438376388169977427e-01 3.419683087556932843e-01 0.000000000000000000e+00 0.000000000000000000e+00 1.304813325942283664e-01 1.917563522773191309e-01
2.150000000000000000e+02 1.579283548810842541e-01 3.135607930325556292e-01 0.000000000000000000e+00 0.000000000000000000e+00 6.883380222465106113e-02 1.701308563995660161e-01
2.200000000000000000e+02 1.963367509406078182e-01 2.445663783891943444e-01 0.000000000000000000e+00 0.000000000000000000e+00 5.950923302938212339e-02 1.634186610677291762e-01
2.250000000000000000e+02 3.072418302565770309e-01 2.360709902957411344e-01 0.000000000000000000e+00 0.000000000000000000e+00 1.145087231579416109e-01 1.674931768644351837e-01
2.300000000000000000e+02 2.189973426648854637e-01 2.907971662291272130e-01 0.000000000000000000e+00 0.000000000000000000e+00 1.131885243611333858e-01 1.480816759594146548e-01
2.350000000000000000e+02 1.931605012284318135e-01 3.543372958889057234e-01 0.000000000000000000e+00 0.000000000000000000e+00 1.300448652936082028e-01 1.797110174613203992e-01
2.400000000000000000e+02 2.844708690151790953e-01 3.338447685245549135e-01 0.000000000000000000e+00 0.000000000000000000e+00 1.190205640183805008e-01 1.589010994380410102e-01
2.450000000000000000e+02 3.499166415890871962e-01 2.495537946467256130e-01 0.000000000000000000e+00 0.000000000000000000e+00 1.432091451905880830e-01 1.129336731243517078e-01
2.500000000000000000e+02 2.428606118165383410e-01 1.867677786346171043e-01 0.000000000000000000e+00 0.000000000000000000e+00 9.875121791762610235e-02 1.432086673263231746e-01
2.550000000000000000e+02 1.462947594675496898e-01 3.472166841689623418e-01 0.000000000000000000e+00 0.000000000000000000e+00 1.269867612594085815e-01 1.693815009191108889e-01
2.600000000000000000e+02 2.788856028548317711e-01 2.802677202668131251e-01 0.000000000000000000e+00 0.000000000000000000e+00 1.121489713159814772e-01 1.689364797918029293e-01
2.650000000000000000e+02 2.279447691495491701e-01 3.689903509793525105e-01 0.000000000000000000e+00 0.000000000000000000e+00 1.295224808644975523e-01 1.441244180870633884e-01
2.700000000000000000e+02 2.542216341586671091e-01 4.474798515392404141e-01 0.000000000000000000e+00 0.000000000000000000e+00 1.035090349430816820e-01 1.490990994052336649e-01
2.750000000000000000e+02 2.039325105471763155e-01 3.233893326253646228e-01 0.000000000000000000e+00 0.000000000000000000e+00 1.178786776566438654e-01 1.577063705799814919e-01
2.800000000000000000e+02 2.595952659371216775e-01 2.615189598647622571e-01 0.000000000000000000e+00 0.000000000000000000e+00 1.099195030309488286e-01 1.813273719354039637e-01
2.850000000000000000e+02 2.817365670110238418e-01 2.191016741198460738e-01 0.000000000000000000e+00 0.000000000000000000e+00 9.423780145403883035e-02 1.815761983829818349e-01
2.900000000000000000e+02 3.172469592091106128e-01 2.345460859909690166e-01 0.000000000000000000e+00 0.000000000000000000e+00 1.235785634961431984e-01 1.496803690482972349e-01
2.950000000000000000e+02 2.425181326307597196e-01 2.851043113614042390e-01 0.000000000000000000e+00 0.000000000000000000e+00 8.988441012603246016e-02 1.436995332638424661e-01
3.000000000000000000e+02 1.790881639050224128e-01 2.149430730752333041e-01 0.000000000000000000e+00 0.000000000000000000e+00 1.279768339958811396e-01 1.622822717610387655e-01
3.050000000000000000e+02 3.802626366776148403e-01 2.997927527858691432e-01 0.000000000000000000e+00 0.000000000000000000e+00 1.440481134650911932e-01 1.527299734204657644e-01
3.100000000000000000e+02 3.279689191936858150e-01 2.166937399938361486e-01 1.000000000000000000e+00 0.000000000000000000e+00 9.085926551562226172e-02 1.683128910549369361e-01
3.150000000000000000e+02 1.706518981344195274e-01 2.411303619989620672e-01 0.000000000000000000e+00 0.000000000000000000e+00 9.607073157794210339e-02 1.354708573808167393e-01
3.200000000000000000e+02 3.234609405402218418e-01 2.510319883589680612e-01 0.000000000000000000e+00 0.000000000000000000e+00 1.014142222810065358e-01 1.194819500094755765e-01
3.250000000000000000e+02 1.568189556839212351e-01 2.773095640850848920e-01 0.000000000000000000e+00 0.000000000000000000e+00 1.203610498150305547e-01 1.461230724923943403e-01
3.300000000000000000e+02 1.732926102298910642e-01 2.784694556620334605e-01 0.000000000000000000e+00 0.000000000000000000e+00 1.211704684142063393e-01 1.502461911080538448e-01
3.350000000000000000e+02 2.420096903963225299e-01 2.622458506712649351e-01 0.000000000000000000e+00 0.000000000000000000e+00 1.199911157088729280e-01 1.459183433383328676e-01
3.400000000000000000e+02 2.262967398215063874e-01 3.749041010008766772e-01 0.000000000000000000e+00 0.000000000000000000e+00 1.215849092695567846e-01 1.601181464813427047e-01
3.450000000000000000e+02 1.133476115601379230e-01 2.581170219983774938e-01 0.000000000000000000e+00 0.000000000000000000e+00 8.062553370536648667e-02 1.497117763780479727e-01
3.500000000000000000e+02 1.404479331289026356e-01 2.581795117622425750e-01 0.000000000000000000e+00 0.000000000000000000e+00 1.153915152073668182e-01 1.468755180479074385e-01
3.550000000000000000e+02 2.876217583406518452e-01 2.957679304508563645e-01 0.000000000000000000e+00 0.000000000000000000e+00 9.365419486136068727e-02 1.209135705439144115e-01
3.600000000000000000e+02 1.757283302440281747e-01 2.093796306239276706e-01 0.000000000000000000e+00 0.000000000000000000e+00 8.391054347848184158e-02 1.845328049295414663e-01
3.650000000000000000e+02 3.048906061879143592e-01 1.481056178383430288e-01 0.000000000000000000e+00 0.000000000000000000e+00 1.288880676134810110e-01 1.389676901440453360e-01
3.700000000000000000e+02 1.870844335908870559e-01 2.736287701053535248e-01 0.000000000000000000e+00 0.000000000000000000e+00 1.403779010878186684e-01 1.451770460861330214e-01
3.750000000000000000e+02 1.039497685372436919e-01 2.930092435918407734e-01 0.000000000000000000e+00 0.000000000000000000e+00 9.666058666586348214e-02 1.828481940226619196e-01
3.800000000000000000e+02 1.935734088770032224e-01 3.826770422025519980e-01 0.000000000000000000e+00 0.000000000000000000e+00 9.806229683457742818e-02 1.545184939767230980e-01
3.850000000000000000e+02 2.125929261298377393e-01 3.766951183979195816e-01 0.000000000000000000e+00 0.000000000000000000e+00 1.256750108996621540e-01 1.203825664019365221e-01
3.900000000000000000e+02 2.348868401331595523e-01 3.574471809933014166e-01 0.000000000000000000e+00 0.000000000000000000e+00 1.144303903508634701e-01 1.680736133753854278e-01
3.950000000000000000e+02 2.314908237287473525e-01 4.219324589208618970e-01 0.000000000000000000e+00 0.000000000000000000e+00 9.230184664643423242e-02 1.364518791649041163e-01
4.000000000000000000e+02 1.179699846562692889e-01 3.660783143494308889e-01 0.000000000000000000e+00 0.000000000000000000e+00 9.984710027050880399e-02 1.277393875476384444e-01
4.050000000000000000e+02 1.825719936757553563e-01 2.906398402019585436e-01 0.000000000000000000e+00 0.000000000000000000e+00 1.371393802859236788e-01 1.585527621615684113e-01
4.100000000000000000e+02 1.417137923913396047e-01 3.588526083423447810e-01 0.000000000000000000e+00 0.000000000000000000e+00 1.138049199782528720e-01 1.340607816210481473e-01
4.150000000000000000e+02 1.023806777687161496e-01 2.538062553507926533e-01 0.000000000000000000e+00 0.000000000000000000e+00 1.001630813136859255e-01 1.516494094706426765e-01
4.200000000000000000e+02 1.864704760514653281e-01 2.862306076390378484e-01 0.000000000000000000e+00 0.000000000000000000e+00 9.855036482453284619e-02 1.513734350121620220e-01
4.250000000000000000e+02 1.435106984467174329e-01 3.076734048677972622e-01 0.000000000000000000e+00 0.000000000000000000e+00 1.075328474949005797e-01 1.496286360901127876e-01
4.300000000000000000e+02 1.785653539216717767e-01 2.168464336368783330e-01 0.000000000000000000e+00 0.000000000000000000e+00 8.533420104192991629e-02 1.563548387370365944e-01
4.350000000000000000e+02 1.145669135427320046e-01 2.074160543161321646e-01 0.000000000000000000e+00 0.000000000000000000e+00 8.285663000511543641e-02 1.483569002224968958e-01
4.400000000000000000e+02 1.390153847852795554e-01 2.496920627414560556e-01 0.000000000000000000e+00 0.000000000000000000e+00 1.076293203502686480e-01 1.332345217429498907e-01
4.450000000000000000e+02 2.788610635064990850e-01 2.133436156639806902e-01 0.000000000000000000e+00 0.000000000000000000e+00 1.355279256295191248e-01 1.353731594038180830e-01
4.500000000000000000e+02 1.503204952156201868e-01 2.170915709737742394e-01 0.000000000000000000e+00 0.000000000000000000e+00 1.055546371823407464e-01 1.259028063635947436e-01
4.550000000000000000e+02 2.493111768972041953e-01 1.599124598009671883e-01 0.000000000000000000e+00 0.000000000000000000e+00 9.815213390268484606e-02 1.108754686512870707e-01
4.600000000000000000e+02 1.237115522063624018e-01 1.127356126204092091e-01 0.000000000000000000e+00 0.000000000000000000e+00 9.290219030607405060e-02 1.319906124442327411e-01
4.650000000000000000e+02 2.839381044098071571e-01 2.365170419150499082e-01 0.000000000000000000e+00 0.000000000000000000e+00 1.075803914902047353e-01 1.571517332163040459e-01
4.700000000000000000e+02 1.891345488731945301e-01 2.328227497008928393e-01 0.000000000000000000e+00 0.000000000000000000e+00 1.097812286982126490e-01 1.353814053880858792e-01
4.750000000000000000e+02 1.333759184570994516e-01 2.463118374973146396e-01 0.000000000000000000e+00 0.000000000000000000e+00 1.133053727154170742e-01 1.359565733826834932e-01
4.800000000000000000e+02 2.013704980697937352e-01 2.465896626762428545e-01 0.000000000000000000e+00 0.000000000000000000e+00 1.178086521059396874e-01 1.507499726443405630e-01
4.850000000000000000e+02 1.617446977991668644e-01 2.537471122333063711e-01 0.000000000000000000e+00 0.000000000000000000e+00 7.462627635054869257e-02 1.734931136464289980e-01
4.900000000000000000e+02 2.468218506502767584e-01 2.681580790326544284e-01 0.000000000000000000e+00 0.000000000000000000e+00 9.132188647762329303e-02 1.170924320859582507e-01
4.950000000000000000e+02 2.436254729619588277e-01 2.489087839540674862e-01 0.000000000000000000e+00 0.000000000000000000e+00 9.989428457210126899e-02 1.341088330906904658e-01
