0.000000000000000000e+00 0.000000000000000000e+00 0.000000000000000000e+00 0.000000000000000000e+00 0.000000000000000000e+00 0.000000000000000000e+00 0.000000000000000000e+00
5.000000000000000000e+00 2.440692043961565916e-01 8.747521141499384201e-02 0.000000000000000000e+00 0.000000000000000000e+00 9.548563303386670142e-02 5.804733999922125770e-02
1.000000000000000000e+01 3.113550344319698793e-01 1.452433256991616795e-01 0.000000000000000000e+00 0.000000000000000000e+00 1.162594307284110506e-01 7.683512792020064097e-02
1.500000000000000000e+01 2.836469251240495426e-01 4.113802591236211809e-02 0.000000000000000000e+00 0.000000000000000000e+00 1.093108302992036596e-01 6.349568833986343752e-02
2.000000000000000000e+01 3.816981692230507761e-01 8.875899265110361036e-02 1.000000000000000000e+00 0.000000000000000000e+00 7.921843380470390550e-02 8.375534153689527528e-02
2.500000000000000000e+01 2.307653754964957005e-01 1.197016882743952432e-01 0.000000000000000000e+00 0.000000000000000000e+00 6.953304377809775561e-02 8.491410418634603996e-02
3.000000000000000000e+01 1.471906202043715139e-01 6.114311956244321278e-02 0.000000000000000000e+00 0.000000000000000000e+00 1.022901766404351598e-01 9.780790721142942901e-02
3.500000000000000000e+01 3.132151845986704264e-01 2.328432781254373331e-03 1.000000000000000000e+00 0.000000000000000000e+00 8.621016836801558003e-02 1.754119901658717255e-03
4.000000000000000000e+01 1.927920719302083918e-01 6.845755576736252401e-02 0.000000000000000000e+00 0.000000000000000000e+00 8.310074497404090765e-02 1.206833532912565538e-01
4.500000000000000000e+01 1.709737219844953415e-01 1.205555813454848996e-01 0.000000000000000000e+00 0.000000000000000000e+00 5.485354880690396229e-02 1.113195074945319690e-01
5.000000000000000000e+01 2.294094770148535356e-01 1.601576189079385315e-01 0.000000000000000000e+00 0.000000000000000000e+00 8.495977817803194998e-02 9.163229426968831637e-02
5.500000000000000000e+01 2.323207718795322341e-01 1.379870091461141146e-01 0.000000000000000000e+00 0.000000000000000000e+00 1.224760947335089695e-01 9.429475248736618465e-02
6.000000000000000000e+01 2.635205536007786398e-01 4.197697104570470572e-02 0.000000000000000000e+00 0.000000000000000000e+00 8.862523446743385269e-02 7.974140042476347834e-02
6.500000000000000000e+01 2.001118594665846628e-01 7.638938513388886242e-02 0.000000000000000000e+00 0.000000000000000000e+00 6.978871479516102205e-02 8.664612712559605079e-02
7.000000000000000000e+01 2.207452681251188820e-01 1.145967722466604971e-01 0.000000000000000000e+00 0.000000000000000000e+00 1.004350264551556876e-01 1.020614065183541586e-01
7.500000000000000000e+01 2.387916429616509517e-01 1.794323712184473507e-01 0.000000000000000000e+00 0.000000000000000000e+00 9.374513377978940798e-02 9.296287747585225969e-02
8.000000000000000000e+01 2.174574401505839083e-01 1.652118437962529218e-01 0.000000000000000000e+00 0.000000000000000000e+00 7.589884792553616699e-02 8.300610384979148493e-02
8.500000000000000000e+01 3.442156244777224705e-01 1.779124015118326296e-01 0.000000000000000000e+00 0.000000000000000000e+00 1.258729892656981486e-01 8.142908196928280717e-02
9.000000000000000000e+01 1.238123350216878971e-01 1.646259315625306641e-01 0.000000000000000000e+00 0.000000000000000000e+00 8.093614805352646047e-02 8.709801317504921314e-02
9.500000000000000000e+01 1.937809711060050621e-01 9.465580712979623779e-02 0.000000000000000000e+00 0.000000000000000000e+00 8.897447077953404837e-02 6.926716165617004262e-02
1.000000000000000000e+02 1.471895831428357559e-01 1.272121937849417794e-01 0.000000000000000000e+00 0.000000000000000000e+00 9.164659056606801191e-02 7.012457260372176315e-02
1.050000000000000000e+02 9.315045487197988472e-02 1.744675677893249566e-01 0.000000000000000000e+00 0.000000000000000000e+00 5.963702100933340050e-02 7.469334975625470385e-02
1.100000000000000000e+02 1.424927591772528479e-01 2.993316489734186292e-01 0.000000000000000000e+00 0.000000000000000000e+00 9.696793997580341329e-02 9.458097389666524080e-02
1.150000000000000000e+02 2.880001322185598567e-01 1.421170443404587147e-01 1.000000000000000000e+00 0.000000000000000000e+00 7.471943871280341265e-02 1.002990108270219588e-01
1.200000000000000000e+02 1.086089139196932118e-01 2.810973800504511511e-01 0.000000000000000000e+00 0.000000000000000000e+00 1.201024054518660261e-01 1.246576175641287282e-01
1.250000000000000000e+02 9.222461086962360777e-02 2.907102800368921436e-01 0.000000000000000000e+00 1.000000000000000000e+00 9.887521013940732406e-02 7.672131123633026129e-02
1.300000000000000000e+02 1.016572968617664996e-01 3.033747510696551686e-01 0.000000000000000000e+00 1.000000000000000000e+00 9.283296665291061733e-02 7.515396058599432827e-02
1.350000000000000000e+02 1.498341833292205494e-01 1.696503734389255835e-01 0.000000000000000000e+00 0.000000000000000000e+00 1.184683396805287364e-01 7.360005033816797992e-02
1.400000000000000000e+02 1.593385545911822354e-01 1.492293806985864335e-01 0.000000000000000000e+00 0.000000000000000000e+00 7.454689688307085393e-02 7.000405971135525984e-02
1.450000000000000000e+02 1.492089023177441409e-01 1.329871472658716858e-01 0.000000000000000000e+00 0.000000000000000000e+00 1.017573718111616371e-01 6.199812387189908292e-02
1.500000000000000000e+02 1.664254742172942558e-01 1.938931516436608882e-01 0.000000000000000000e+00 0.000000000000000000e+00 9.137076632420566835e-02 6.149087396280441403e-02
1.550000000000000000e+02 1.706433156717591937e-01 1.772546698104033591e-01 0.000000000000000000e+00 0.000000000000000000e+00 1.146779383330257807e-01 1.184235895948560352e-01
1.600000000000000000e+02 2.048752039454641294e-01 1.554253905187033824e-01 0.000000000000000000e+00 0.000000000000000000e+00 6.631960576793831386e-02 9.261092910440800463e-02
1.650000000000000000e+02 2.160579108723004738e-01 2.104697788866517760e-01 0.000000000000000000e+00 0.000000000000000000e+00 1.091887168260585045e-01 7.604616529782953771e-02
1.700000000000000000e+02 8.943466235697208888e-02 2.281600099345536814e-01 0.000000000000000000e+00 1.000000000000000000e+00 6.854876498403351948e-02 6.140759523574121359e-02
1.750000000000000000e+02 2.410952470662138247e-01 2.200930891399249245e-01 0.000000000000000000e+00 0.000000000000000000e+00 9.111850437001345338e-02 1.081312157230407273e-01
1.800000000000000000e+02 1.985767303088698255e-01 1.135264417751820076e-01 0.000000000000000000e+00 0.000000000000000000e+00 1.152086077434700678e-01 8.845733859134477517e-02
1.850000000000000000e+02 1.215204043811275447e-01 1.367926645902285410e-01 0.000000000000000000e+00 0.000000000000000000e+00 7.414388424310279502e-02 8.492921691869066703e-02
1.900000000000000000e+02 1.064644626993759974e-01 9.717151347634681025e-02 0.000000000000000000e+00 0.000000000000000000e+00 5.846333767163552214e-02 6.293079587500723104e-02
1.950000000000000000e+02 7.505280797871578813e-02 2.057438184492121069e-01 0.000000000000000000e+00 0.000000000000000000e+00 6.654314620860991847e-02 1.064695685178270596e-01
2.000000000000000000e+02 1.014817857932964751e-01 3.411433165869431905e-01 0.000000000000000000e+00 0.000000000000000000e+00 1.058641606914421524e-01 9.949738538849345337e-02
2.050000000000000000e+02 8.554187746182756458e-02 1.512824897270135249e-01 0.000000000000000000e+00 0.000000000000000000e+00 8.424368396852988106e-02 1.030861368670483724e-01
2.100000000000000000e+02 1.809217456569211790e-01 1.939474760404376052e-01 0.000000000000000000e+00 0.000000000000000000e+00 7.196704581928123345e-02 8.465990640659133704e-02
2.150000000000000000e+02 1.672738978301574475e-01 2.685262188873935307e-01 0.000000000000000000e+00 0.000000000000000000e+00 7.651350748759916387e-02 9.237395974230640239e-02
2.200000000000000000e+02 4.658932173232503693e-02 1.062586278098891779e-01 0.000000000000000000e+00 0.000000000000000000e+00 4.187270642933049736e-02 1.025956235348660511e-01
2.250000000000000000e+02 2.439375854120827136e-01 1.735676623753467651e-01 0.000000000000000000e+00 0.000000000000000000e+00 8.005707652391651219e-02 1.035341350958836198e-01
2.300000000000000000e+02 1.336558882923385982e-01 1.477391027054694717e-01 0.000000000000000000e+00 0.000000000000000000e+00 7.585087692624899181e-02 6.263412265864530537e-02
2.350000000000000000e+02 2.145660899034531055e-01 1.822349476298248394e-01 0.000000000000000000e+00 0.000000000000000000e+00 7.909176479307034047e-02 8.606909447562359483e-02
2.400000000000000000e+02 1.761466443925011616e-01 1.819431106068522264e-01 0.000000000000000000e+00 0.000000000000000000e+00 7.356366421577979764e-02 9.669818040843418394e-02
2.450000000000000000e+02 3.018217862453141387e-01 1.612477284487711660e-01 1.000000000000000000e+00 0.000000000000000000e+00 7.878436608839751998e-02 7.675093482981903970e-02
2.500000000000000000e+02 1.692041786377168622e-01 4.200488442896659069e-02 0.000000000000000000e+00 0.000000000000000000e+00 8.184182519766586283e-02 7.280958238940560268e-02
2.550000000000000000e+02 1.410263586313341422e-01 1.393683037406392988e-01 0.000000000000000000e+00 0.000000000000000000e+00 9.535198680221088074e-02 1.218736161049217559e-01
2.600000000000000000e+02 2.227717420624262257e-01 2.071504624184460908e-01 0.000000000000000000e+00 0.000000000000000000e+00 1.020713271733454941e-01 1.005811525236298548e-01
2.650000000000000000e+02 1.382195470815989757e-01 1.403604364271265892e-01 0.000000000000000000e+00 0.000000000000000000e+00 7.954765720993717260e-02 8.715424608413836760e-02
2.700000000000000000e+02 2.197793941698963638e-01 1.922716172726919026e-01 0.000000000000000000e+00 0.000000000000000000e+00 9.138764634942600495e-02 8.929378787136635354e-02
2.750000000000000000e+02 1.164200872626371674e-01 8.116489769084209160e-02 0.000000000000000000e+00 0.000000000000000000e+00 9.910226079289284618e-02 1.020568805382457700e-01
2.800000000000000000e+02 9.256640319338996226e-02 1.390321857282580086e-02 0.000000000000000000e+00 0.000000000000000000e+00 1.108119331927022028e-01 1.338613140082860371e-02
2.850000000000000000e+02 2.005945683741471863e-01 1.028357343137268065e-01 0.000000000000000000e+00 0.000000000000000000e+00 1.072945251695644198e-01 7.517993105724292413e-02
2.900000000000000000e+02 2.606507125769805255e-01 1.039457074187154079e-01 0.000000000000000000e+00 0.000000000000000000e+00 1.062906544650006613e-01 4.811216740092224414e-02
2.950000000000000000e+02 1.839685664007218169e-01 6.110377328972389777e-02 0.000000000000000000e+00 0.000000000000000000e+00 1.332868336947786170e-01 1.000878234943720635e-01
3.000000000000000000e+02 1.926955062302710409e-01 1.483743138065832246e-01 0.000000000000000000e+00 0.000000000000000000e+00 9.011611483313805571e-02 7.111093868403964291e-02
3.050000000000000000e+02 1.745433092329395919e-01 7.148953469910523939e-02 0.000000000000000000e+00 0.000000000000000000e+00 9.622129394948938930e-02 5.082877714990066687e-02
3.100000000000000000e+02 1.698617879796279762e-01 1.507535253139413445e-01 0.000000000000000000e+00 0.000000000000000000e+00 9.842438324806548899e-02 4.692529108984288405e-02
3.150000000000000000e+02 2.187161185206071834e-01 1.487052958317824358e-01 0.000000000000000000e+00 0.000000000000000000e+00 1.127712133874371747e-01 5.666329021477820721e-02
3.200000000000000000e+02 1.421567051882170751e-01 1.297622454101036160e-01 0.000000000000000000e+00 0.000000000000000000e+00 4.870878827542057116e-02 4.067280550850255888e-02
3.250000000000000000e+02 1.163917168566430405e-01 5.586545387478074332e-02 0.000000000000000000e+00 0.000000000000000000e+00 1.145559743218666771e-01 7.563285773967182157e-02
3.300000000000000000e+02 2.108074281830193686e-01 2.038983726253068562e-02 0.000000000000000000e+00 0.000000000000000000e+00 8.325597441917657882e-02 8.213326179125300663e-02
3.350000000000000000e+02 6.263507442664127678e-02 7.365034487263265317e-02 0.000000000000000000e+00 0.000000000000000000e+00 8.268694202208071165e-02 9.991471264043175204e-02
3.400000000000000000e+02 1.532953110185370504e-01 1.081725835934042451e-01 0.000000000000000000e+00 0.000000000000000000e+00 8.371848668584765119e-02 4.325118357362502108e-02
3.450000000000000000e+02 7.834524498820411020e-02 9.837673972755109353e-02 0.000000000000000000e+00 0.000000000000000000e+00 7.771323726974466162e-02 8.195185851944152000e-02
3.500000000000000000e+02 2.113718178741280929e-01 6.164316650933972935e-02 0.000000000000000000e+00 0.000000000000000000e+00 1.025823869410441708e-01 8.466030413322336856e-02
3.550000000000000000e+02 2.958663986547301894e-01 1.348799306919393481e-01 0.000000000000000000e+00 0.000000000000000000e+00 9.268996145965827105e-02 7.064633881540656468e-02
3.600000000000000000e+02 1.245465567442912425e-01 8.232006759197940671e-02 0.000000000000000000e+00 0.000000000000000000e+00 7.874545612480958467e-02 7.916141184364791639e-02
3.650000000000000000e+02 5.565573145955360346e-02 5.851569004247132721e-02 0.000000000000000000e+00 0.000000000000000000e+00 7.781995415673943761e-02 3.038452041853251587e-02
3.700000000000000000e+02 2.583369585860735285e-01 2.260684749042782826e-01 0.000000000000000000e+00 0.000000000000000000e+00 8.080770530220203474e-02 8.773148889792475869e-02
3.750000000000000000e+02 1.015871772239425042e-01 6.669929711221414537e-02 0.000000000000000000e+00 0.000000000000000000e+00 7.772847197863648472e-02 7.695008411141258942e-02
3.800000000000000000e+02 9.002228634747413971e-02 7.152616288970981007e-02 0.000000000000000000e+00 0.000000000000000000e+00 6.585656286492315437e-02 8.668895017931345370e-02
3.850000000000000000e+02 9.632395347693695209e-02 1.592463901965259221e-01 0.000000000000000000e+00 0.000000000000000000e+00 1.178620667866554506e-01 8.512237740110654982e-02
3.900000000000000000e+02 5.067699343007212726e-02 9.094299498715184560e-02 0.000000000000000000e+00 0.000000000000000000e+00 7.779429492570813509e-02 3.638115262625678248e-02
3.950000000000000000e+02 9.251642813764510143e-02 1.564640413500366367e-01 0.000000000000000000e+00 0.000000000000000000e+00 9.773601126905420711e-02 7.184894406670308542e-02
4.000000000000000000e+02 8.704149429384461234e-02 1.477152026695135734e-01 0.000000000000000000e+00 0.000000000000000000e+00 7.302879342511237049e-02 5.458971884026938420e-02
4.050000000000000000e+02 8.889470196477564090e-02 9.129737978460703007e-02 0.000000000000000000e+00 0.000000000000000000e+00 8.320701591654373896e-02 8.999138482888713320e-02
4.100000000000000000e+02 1.516617937261937610e-01 2.186822590581297965e-01 0.000000000000000000e+00 0.000000000000000000e+00 1.136563657745306016e-01 8.437314862644461344e-02
4.150000000000000000e+02 9.538444738486798191e-02 1.265507152934846613e-01 0.000000000000000000e+00 0.000000000000000000e+00 4.800672933332755798e-02 7.307283244787346477e-02
4.200000000000000000e+02 1.191366820415891564e-01 6.874777146817598328e-02 0.000000000000000000e+00 0.000000000000000000e+00 6.736012957381229405e-02 9.078961678469879559e-02
4.250000000000000000e+02 2.203875514612261832e-01 1.632509152398070318e-01 0.000000000000000000e+00 0.000000000000000000e+00 1.224218288990370496e-01 8.010122288543289337e-02
4.300000000000000000e+02 1.936092343753658684e-01 6.415567858284090819e-02 0.000000000000000000e+00 0.000000000000000000e+00 8.922460754308932096e-02 8.519131709821270437e-02
4.350000000000000000e+02 8.444935393947308744e-02 9.575434568043930672e-02 0.000000000000000000e+00 0.000000000000000000e+00 4.500765211933625831e-02 1.043989006279425757e-01
4.400000000000000000e+02 5.588371560595235821e-02 1.839720584526496200e-02 0.000000000000000000e+00 0.000000000000000000e+00 4.207035435738130241e-02 8.147212647830025245e-02
4.450000000000000000e+02 5.814247438446580596e-02 7.746512750321499219e-02 0.000000000000000000e+00 0.000000000000000000e+00 6.368490241239149752e-02 6.587184268974810575e-02
4.500000000000000000e+02 2.316995423796223419e-01 2.148560169774001508e-02 0.000000000000000000e+00 0.000000000000000000e+00 7.394961299521390918e-02 6.846590556678752715e-02
4.550000000000000000e+02 1.558857656124333357e-01 6.245464515632311725e-02 0.000000000000000000e+00 0.000000000000000000e+00 1.143716556309741922e-01 6.582310263696472541e-02
4.600000000000000000e+02 6.944724861333072263e-02 3.275080571037981836e-02 0.000000000000000000e+00 0.000000000000000000e+00 6.596961509851255456e-02 7.511649177500762109e-02
4.650000000000000000e+02 9.709315391426132091e-02 1.365913450903563919e-01 0.000000000000000000e+00 0.000000000000000000e+00 9.131476061666818356e-02 5.409779361630150801e-02
4.700000000000000000e+02 1.193418843688134612e-01 1.700333990769088699e-01 0.000000000000000000e+00 0.000000000000000000e+00 8.688094529256709664e-02 8.851432457507915630e-02
4.750000000000000000e+02 7.777313887900333400e-02 1.035235402353306827e-01 0.000000000000000000e+00 0.000000000000000000e+00 5.609807874264378935e-02 7.758666245185751043e-02
4.800000000000000000e+02 1.179053878662929683e-01 7.688399098349026073e-02 0.000000000000000000e+00 0.000000000000000000e+00 7.906402926594895131e-02 9.613085579152316762e-02
4.850000000000000000e+02 7.390787244991155192e-02 1.073159191730116008e-01 0.000000000000000000e+00 0.000000000000000000e+00 4.965197318766231133e-02 7.068283578548781310e-02
4.900000000000000000e+02 1.639087364504946687e-01 1.452604171149060042e-01 0.000000000000000000e+00 0.000000000000000000e+00 1.007170551802420988e-01 8.130399195493989706e-02
4.950000000000000000e+02 1.013907265523622536e-01 6.539765524475558978e-02 0.000000000000000000e+00 0.000000000000000000e+00 6.476432027072072384e-02 1.037991083496216105e-01
