0.000000000000000000e+00 0.000000000000000000e+00 0.000000000000000000e+00 0.000000000000000000e+00 0.000000000000000000e+00 0.000000000000000000e+00 0.000000000000000000e+00
5.000000000000000000e+00 3.534003386037103400e-01 1.588322704564012200e-01 1.000000000000000000e+00 0.000000000000000000e+00 9.244478779390677414e-02 6.363680820162127827e-02
1.000000000000000000e+01 2.038438218285429093e-01 1.361908383727322980e-01 0.000000000000000000e+00 0.000000000000000000e+00 9.475466984754458977e-02 7.602970884690557485e-02
1.500000000000000000e+01 2.324879241180599632e-01 6.712342739576256101e-02 0.000000000000000000e+00 0.000000000000000000e+00 9.099115625969628196e-02 6.714768127138001641e-02
2.000000000000000000e+01 1.272155484203733311e-01 9.790912317334141135e-02 0.000000000000000000e+00 0.000000000000000000e+00 1.105345299530959280e-01 7.267443625015375386e-02
2.500000000000000000e+01 1.210124945149179121e-01 1.771024034288036508e-01 0.000000000000000000e+00 0.000000000000000000e+00 9.352269021651440917e-02 8.462146886737408058e-02
3.000000000000000000e+01 3.085260192037601046e-01 1.342328405541017011e-01 0.000000000000000000e+00 0.000000000000000000e+00 1.194543015194718394e-01 8.028140424813449971e-02
3.500000000000000000e+01 2.013653298297958805e-01 5.563015280688578257e-02 0.000000000000000000e+00 0.000000000000000000e+00 1.099376686715507756e-01 9.640145729479455972e-02
4.000000000000000000e+01 2.617351368988042881e-01 1.040068136055852244e-03 0.000000000000000000e+00 0.000000000000000000e+00 1.311310295946904736e-01 7.560913544113477200e-03
4.500000000000000000e+01 2.399575031547345194e-01 6.675405107303948593e-02 1.000000000000000000e+00 0.000000000000000000e+00 6.345101905158832822e-02 5.799969110357620916e-02
5.000000000000000000e+01 2.481194918285268558e-01 7.085377887963868748e-02 0.000000000000000000e+00 0.000000000000000000e+00 1.015019665156989270e-01 1.143676645708405909e-01
5.500000000000000000e+01 2.229707629348243181e-01 8.960611925180896054e-02 0.000000000000000000e+00 0.000000000000000000e+00 8.673159636930076466e-02 1.141495110449833733e-01
6.000000000000000000e+01 3.370265993534323767e-01 1.275358416787386040e-01 0.000000000000000000e+00 0.000000000000000000e+00 1.102790506883279398e-01 9.255333210342196748e-02
6.500000000000000000e+01 1.396134480347147322e-01 7.081030466119597744e-02 0.000000000000000000e+00 0.000000000000000000e+00 1.242079697110961695e-01 8.464903041746360546e-02
7.000000000000000000e+01 2.722818490426617832e-01 8.819644753587430053e-02 0.000000000000000000e+00 0.000000000000000000e+00 8.188041750685834397e-02 8.431025941758953091e-02
7.500000000000000000e+01 2.378018719317077090e-01 1.542417268099974259e-01 0.000000000000000000e+00 0.000000000000000000e+00 9.322376522707362390e-02 7.767397000509247695e-02
8.000000000000000000e+01 2.353524537082653523e-01 1.721843203997494576e-01 0.000000000000000000e+00 0.000000000000000000e+00 1.079035915936776419e-01 6.826897551769052497e-02
8.500000000000000000e+01 3.101474280126929051e-01 1.428946506799063654e-01 0.000000000000000000e+00 0.000000000000000000e+00 1.347076916009238290e-01 9.375168620408848297e-02
9.000000000000000000e+01 3.055958264300498994e-01 1.385316602558090693e-01 0.000000000000000000e+00 0.000000000000000000e+00 1.306656516515634636e-01 8.158928561188430462e-02
9.500000000000000000e+01 1.382965371256015541e-01 1.356899728018023943e-01 0.000000000000000000e+00 0.000000000000000000e+00 1.181118804794004662e-01 1.007051751522547722e-01
1.000000000000000000e+02 2.821720012100326080e-01 1.474735940135457335e-01 0.000000000000000000e+00 0.000000000000000000e+00 9.189263597693590746e-02 8.021286961630953727e-02
1.050000000000000000e+02 2.813277157789375038e-01 1.517487775882022938e-01 0.000000000000000000e+00 0.000000000000000000e+00 1.209004739164363518e-01 1.059220244214742340e-01
1.100000000000000000e+02 2.480213491933889736e-01 3.360486876372255627e-01 0.000000000000000000e+00 0.000000000000000000e+00 1.365780574368066769e-01 1.116301133889176234e-01
1.150000000000000000e+02 2.489266445587135779e-01 1.895548130902830197e-01 0.000000000000000000e+00 0.000000000000000000e+00 1.374951593019944907e-01 1.094633280459111346e-01
1.200000000000000000e+02 3.081969843972285350e-01 1.190438053198275697e-01 0.000000000000000000e+00 0.000000000000000000e+00 9.880731760251716678e-02 1.376656232825625437e-01
1.250000000000000000e+02 2.123209553528560001e-01 1.524788425330388109e-01 0.000000000000000000e+00 0.000000000000000000e+00 1.353759717769512094e-01 1.009027639868166903e-01
1.300000000000000000e+02 3.019458855805241537e-01 1.578165905249360457e-01 0.000000000000000000e+00 0.000000000000000000e+00 1.084031573716230518e-01 1.244055872016225223e-01
1.350000000000000000e+02 2.168247724857907399e-01 1.301479792923473933e-01 0.000000000000000000e+00 0.000000000000000000e+00 9.482421839703178423e-02 9.477168493843572683e-02
1.400000000000000000e+02 2.857291424585645667e-01 7.353229005571351728e-02 0.000000000000000000e+00 0.000000000000000000e+00 1.253471543253552589e-01 7.761054211833369465e-02
1.450000000000000000e+02 2.227254254401735412e-01 8.680775790974044892e-02 0.000000000000000000e+00 0.000000000000000000e+00 1.346681550771090252e-01 9.310345775376990818e-02
1.500000000000000000e+02 2.279742644224143633e-01 1.825609105690486067e-01 0.000000000000000000e+00 0.000000000000000000e+00 1.126510884036108356e-01 8.582466541306328633e-02
1.550000000000000000e+02 1.391803930718840954e-01 1.612247089812694489e-01 0.000000000000000000e+00 0.000000000000000000e+00 1.026449440659185502e-01 1.027333578575081730e-01
1.600000000000000000e+02 2.688057550450902999e-01 1.375980627334432438e-01 0.000000000000000000e+00 0.000000000000000000e+00 1.443822682477170216e-01 9.158773305659760611e-02
1.650000000000000000e+02 2.768315939483666499e-01 1.800366403815155947e-01 0.000000000000000000e+00 0.000000000000000000e+00 1.402686826442827162e-01 9.029393146149242155e-02
1.700000000000000000e+02 2.544549894383487110e-01 1.318382204514337852e-01 0.000000000000000000e+00 0.000000000000000000e+00 1.169294577115265604e-01 8.582484055944308854e-02
1.750000000000000000e+02 3.023231991907419647e-01 1.034042361701219132e-01 0.000000000000000000e+00 0.000000000000000000e+00 9.248647519370642445e-02 1.125217755442571993e-01
1.800000000000000000e+02 2.884860864080250331e-01 1.419019862395488052e-01 0.000000000000000000e+00 0.000000000000000000e+00 1.199116033797928416e-01 9.552252038213696061e-02
1.850000000000000000e+02 3.327638458499683760e-01 1.822284473774158087e-01 0.000000000000000000e+00 0.000000000000000000e+00 1.114332968683250796e-01 8.337062941556898366e-02
1.900000000000000000e+02 3.477566612830182424e-01 1.276471692003749991e-01 0.000000000000000000e+00 0.000000000000000000e+00 9.819978483567180783e-02 7.466182146387853602e-02
1.950000000000000000e+02 3.047345319647895012e-01 2.651177977181202183e-01 0.000000000000000000e+00 0.000000000000000000e+00 1.177604253136199097e-01 1.104766497230459110e-01
2.000000000000000000e+02 1.438688437495701522e-01 2.860527382631075088e-01 0.000000000000000000e+00 0.000000000000000000e+00 1.046719009268459316e-01 8.079710720669397439e-02
2.050000000000000000e+02 2.711427185636012815e-01 1.739747430942254758e-01 1.000000000000000000e+00 0.000000000000000000e+00 7.511370244585191536e-02 7.341480846626688428e-02
2.100000000000000000e+02 2.904589704926084925e-01 1.332989401782625483e-01 0.000000000000000000e+00 0.000000000000000000e+00 1.040520444180054321e-01 1.042084190277330624e-01
2.150000000000000000e+02 2.106712065995434424e-01 2.208371971721121985e-01 0.000000000000000000e+00 0.000000000000000000e+00 1.274691716084838111e-01 8.473689797359239273e-02
2.200000000000000000e+02 3.669260883828627806e-01 1.858788882048051094e-01 0.000000000000000000e+00 0.000000000000000000e+00 1.237886141048602645e-01 1.289281570562194612e-01
2.250000000000000000e+02 3.080094716504757080e-01 3.155746383117583043e-02 0.000000000000000000e+00 0.000000000000000000e+00 1.036025019648132151e-01 8.516815882445567809e-02
2.300000000000000000e+02 2.871457380730320641e-01 2.169474405398128525e-01 0.000000000000000000e+00 0.000000000000000000e+00 1.179933540391684826e-01 1.140039045598002926e-01
2.350000000000000000e+02 2.307352798455789278e-01 2.068270225236254201e-01 0.000000000000000000e+00 0.000000000000000000e+00 9.511869224604099782e-02 9.628982950315742584e-02
2.400000000000000000e+02 2.786106914259688927e-01 1.706954947577568049e-01 0.000000000000000000e+00 0.000000000000000000e+00 1.312343390747677252e-01 9.821179211604129378e-02
2.450000000000000000e+02 2.650479537427447019e-01 1.343862738071658347e-01 0.000000000000000000e+00 0.000000000000000000e+00 1.385036980637439075e-01 8.081085496647720523e-02
2.500000000000000000e+02 1.981614199348973315e-01 1.016909813465203677e-01 0.000000000000000000e+00 0.000000000000000000e+00 1.259445565111822485e-01 9.528618689575277245e-02
2.550000000000000000e+02 2.451463925078721240e-01 2.732165072029711372e-01 0.000000000000000000e+00 0.000000000000000000e+00 1.059093505822085030e-01 1.211210757575623409e-01
2.600000000000000000e+02 1.854876009209720511e-01 3.082855942461988907e-01 0.000000000000000000e+00 1.000000000000000000e+00 1.259306081424763912e-01 8.379258214323385967e-02
2.650000000000000000e+02 1.877848152041414753e-01 2.313589807399341614e-01 0.000000000000000000e+00 0.000000000000000000e+00 1.382095789478850201e-01 9.729556093222770097e-02
2.700000000000000000e+02 1.245839994187750432e-01 1.572643862257652736e-01 0.000000000000000000e+00 0.000000000000000000e+00 9.282485291334577338e-02 8.014306791794370555e-02
2.750000000000000000e+02 3.971634666091839599e-02 1.970751571416636816e-01 0.000000000000000000e+00 0.000000000000000000e+00 1.251118106556153298e-01 1.006951025564656044e-01
2.800000000000000000e+02 1.608126181676798883e-01 7.509720266358413387e-02 0.000000000000000000e+00 0.000000000000000000e+00 1.148498363360879321e-01 1.047293422062710172e-01
2.850000000000000000e+02 6.128162825753754456e-02 1.969666472712656713e-01 0.000000000000000000e+00 0.000000000000000000e+00 3.233337508653501974e-02 8.256054208533755712e-02
2.900000000000000000e+02 1.017277430183984449e-01 1.487215186065506400e-01 0.000000000000000000e+00 0.000000000000000000e+00 9.935199749694360871e-02 8.109945269915101729e-02
2.950000000000000000e+02 1.530525345852410402e-01 1.473164367429126709e-01 0.000000000000000000e+00 0.000000000000000000e+00 1.202463461681114593e-01 1.052384918987020329e-01
3.000000000000000000e+02 1.555342970826500415e-01 1.407131231164915341e-01 0.000000000000000000e+00 0.000000000000000000e+00 1.117794950004794285e-01 8.654512041027215274e-02
3.050000000000000000e+02 2.813901925826796657e-01 1.928596870777115613e-01 0.000000000000000000e+00 0.000000000000000000e+00 1.539170876476092520e-01 8.829217234222144772e-02
3.100000000000000000e+02 2.941554690760159185e-01 1.368393212600233777e-01 0.000000000000000000e+00 0.000000000000000000e+00 1.384661698132988450e-01 9.863096888373958093e-02
3.150000000000000000e+02 1.310212938326110743e-01 1.057853301215686548e-01 0.000000000000000000e+00 0.000000000000000000e+00 5.361372267564349509e-02 1.044457867348708019e-01
3.200000000000000000e+02 1.038472913990653862e-01 1.866965010011291948e-01 0.000000000000000000e+00 0.000000000000000000e+00 9.976831592282686678e-02 6.663365979557081542e-02
3.250000000000000000e+02 4.167107995257227637e-01 3.852348397600451751e-02 1.000000000000000000e+00 0.000000000000000000e+00 1.033275772927952224e-01 1.065381834099310837e-01
3.300000000000000000e+02 2.838766467562776619e-01 4.499282185191914862e-02 0.000000000000000000e+00 0.000000000000000000e+00 1.092672620827983276e-01 7.897755372049333755e-02
3.350000000000000000e+02 2.203402633263646104e-01 1.239403092425287178e-01 0.000000000000000000e+00 0.000000000000000000e+00 9.148927347058846693e-02 9.747624712003473413e-02
3.400000000000000000e+02 1.083504316930963968e-01 9.103259717011205621e-02 0.000000000000000000e+00 0.000000000000000000e+00 6.104493456100255899e-02 1.071779714550361584e-01
3.450000000000000000e+02 1.974524901488274031e-01 8.758717991386169577e-02 0.000000000000000000e+00 0.000000000000000000e+00 1.404802697089662933e-01 6.993581646801601270e-02
3.500000000000000000e+02 1.708243908482628970e-01 9.813701746943462312e-02 0.000000000000000000e+00 0.000000000000000000e+00 5.644257278979064596e-02 7.861640336179752386e-02
3.550000000000000000e+02 2.089664621526776123e-01 2.103758021368407616e-01 0.000000000000000000e+00 0.000000000000000000e+00 1.519305725717472189e-01 6.313262589008511450e-02
3.600000000000000000e+02 1.710350371007135772e-01 8.411467614935969062e-02 0.000000000000000000e+00 0.000000000000000000e+00 1.135031404298517677e-01 6.573904630921624526e-02
3.650000000000000000e+02 2.250996794906988119e-01 1.126232990459273831e-01 0.000000000000000000e+00 0.000000000000000000e+00 1.397693411715434930e-01 6.018756860460603569e-02
3.700000000000000000e+02 2.414812794822098208e-01 1.976472718187870514e-01 0.000000000000000000e+00 0.000000000000000000e+00 1.364212632160799465e-01 8.165689118543530134e-02
3.750000000000000000e+02 2.887618615053587634e-01 9.874743224724152890e-02 0.000000000000000000e+00 0.000000000000000000e+00 1.064010785117860958e-01 1.117003092403745096e-01
3.800000000000000000e+02 1.600255668242385743e-01 6.623226920934609241e-02 0.000000000000000000e+00 0.000000000000000000e+00 1.151878857818498941e-01 7.962842357487674716e-02
3.850000000000000000e+02 2.193957444184663763e-01 2.167940101627727212e-01 0.000000000000000000e+00 1.000000000000000000e+00 1.127171137605635087e-01 5.127381975314646706e-02
3.900000000000000000e+02 1.456931541382674722e-01 1.713374012545286207e-01 0.000000000000000000e+00 0.000000000000000000e+00 9.239409618992575068e-02 9.429470305767893856e-02
3.950000000000000000e+02 2.324965458818626929e-01 3.116559187466291236e-01 0.000000000000000000e+00 1.000000000000000000e+00 1.037003125886319932e-01 6.363082169972364421e-02
4.000000000000000000e+02 2.655840751211122619e-01 2.660538713761184670e-01 0.000000000000000000e+00 1.000000000000000000e+00 9.470719700151268572e-02 4.384092658181447388e-02
4.050000000000000000e+02 1.725916751332709498e-01 2.166198702941353194e-01 0.000000000000000000e+00 0.000000000000000000e+00 1.318646946456668023e-01 7.612240020028558651e-02
4.100000000000000000e+02 2.171394330975338904e-01 3.068505888680701510e-01 0.000000000000000000e+00 1.000000000000000000e+00 1.042354540373613553e-01 7.774362868360543133e-02
4.150000000000000000e+02 2.259182189548675501e-01 1.709893808031027196e-01 0.000000000000000000e+00 0.000000000000000000e+00 8.628085329687398830e-02 8.901522778575399197e-02
4.200000000000000000e+02 1.783128505230724969e-01 1.735103050204005737e-01 0.000000000000000000e+00 0.000000000000000000e+00 9.151657591763746880e-02 8.728956209176588765e-02
4.250000000000000000e+02 1.773977792146494981e-01 9.560077503587624537e-02 0.000000000000000000e+00 0.000000000000000000e+00 1.347806885434258417e-01 9.179649363698039188e-02
4.300000000000000000e+02 1.804856832133557853e-01 8.665556515576189334e-02 0.000000000000000000e+00 0.000000000000000000e+00 1.062339338490286694e-01 8.298777260209182216e-02
4.350000000000000000e+02 3.023818062934729434e-01 1.195232997851376489e-01 1.000000000000000000e+00 0.000000000000000000e+00 8.447985567745812385e-02 9.153213920025710104e-02
4.400000000000000000e+02 2.087020109132171064e-01 5.796379648271069579e-02 0.000000000000000000e+00 0.000000000000000000e+00 1.076422267221622125e-01 9.045783434189012817e-02
4.450000000000000000e+02 1.830936793468087298e-01 8.582153723085148012e-02 0.000000000000000000e+00 0.000000000000000000e+00 1.322978100653340872e-01 9.836132049668230848e-02
4.500000000000000000e+02 2.622942725955077492e-01 1.420694839496201567e-01 1.000000000000000000e+00 0.000000000000000000e+00 6.890997399103096499e-02 8.616881891285174677e-02
4.550000000000000000e+02 2.716506595530686630e-01 4.274509256053723311e-02 0.000000000000000000e+00 0.000000000000000000e+00 9.025828715417315296e-02 7.608241854665062642e-02
4.600000000000000000e+02 1.893087843162029604e-01 7.965611489855883853e-02 0.000000000000000000e+00 0.000000000000000000e+00 8.976180924209359313e-02 3.714062223255346074e-02
4.650000000000000000e+02 2.081754445500914874e-01 1.335351912617290526e-01 0.000000000000000000e+00 0.000000000000000000e+00 1.138435791860792218e-01 5.070147161856890239e-02
4.700000000000000000e+02 2.427227679978714026e-01 1.880989033815596845e-01 0.000000000000000000e+00 0.000000000000000000e+00 1.143965569991909764e-01 6.951113734069090666e-02
4.750000000000000000e+02 1.326332363171674467e-01 1.724056619751833386e-01 0.000000000000000000e+00 0.000000000000000000e+00 1.030276495412393994e-01 9.310461378348031114e-02
4.800000000000000000e+02 4.890560620104904277e-02 6.774405543563398469e-02 0.000000000000000000e+00 0.000000000000000000e+00 6.315465464213061708e-02 7.070766828836984319e-02
4.850000000000000000e+02 2.439902018603910538e-01 2.343657339807842244e-01 0.000000000000000000e+00 0.000000000000000000e+00 1.198092147383923584e-01 8.658321220909374893e-02
4.900000000000000000e+02 9.380142101788960241e-02 1.524567813145358275e-01 0.000000000000000000e+00 0.000000000000000000e+00 1.057557079438198044e-01 9.622163868257872787e-02
4.950000000000000000e+02 8.617101370755954337e-02 1.503524709351185540e-01 0.000000000000000000e+00 0.000000000000000000e+00 6.971090079455086186e-02 6.641856774514637296e-02
