0.000000000000000000e+00 0.000000000000000000e+00 0.000000000000000000e+00 0.000000000000000000e+00 0.000000000000000000e+00 0.000000000000000000e+00 0.000000000000000000e+00
5.000000000000000000e+00 3.317506033009776645e-01 1.765134184658201932e-01 1.000000000000000000e+00 0.000000000000000000e+00 8.147639601691931965e-02 8.842881394924599625e-02
1.000000000000000000e+01 3.225693222843113994e-01 6.576461590627705189e-02 1.000000000000000000e+00 0.000000000000000000e+00 7.308227885137531799e-02 6.560792240990256929e-02
1.500000000000000000e+01 3.589611344282016003e-01 1.172710841837009133e-01 1.000000000000000000e+00 0.000000000000000000e+00 6.001020761245508955e-02 6.801687342306103612e-02
2.000000000000000000e+01 2.267889103891775893e-01 2.244770644341593790e-01 0.000000000000000000e+00 0.000000000000000000e+00 8.411784798513635697e-02 7.633399009680788549e-02
2.500000000000000000e+01 2.533969159677112448e-01 1.644517973331515170e-01 0.000000000000000000e+00 0.000000000000000000e+00 7.632206621860211648e-02 9.166651274391623971e-02
3.000000000000000000e+01 2.408406360313364303e-01 1.705976454684956234e-01 0.000000000000000000e+00 0.000000000000000000e+00 7.309958746844953670e-02 5.762436786673608147e-02
3.500000000000000000e+01 3.680049492269198974e-01 6.485462935027469511e-02 1.000000000000000000e+00 0.000000000000000000e+00 7.569986227897712583e-02 6.116448643397536661e-02
4.000000000000000000e+01 2.380289430455855282e-01 2.127200421997306190e-01 0.000000000000000000e+00 1.000000000000000000e+00 9.586464096653940503e-02 5.676477910656738818e-02
4.500000000000000000e+01 3.155677753628531312e-01 1.246757811239736641e-01 1.000000000000000000e+00 0.000000000000000000e+00 6.943449246334229552e-02 7.343770878110050804e-02
5.000000000000000000e+01 2.419988218626197563e-01 1.166464785194760295e-01 0.000000000000000000e+00 0.000000000000000000e+00 1.044118235399485728e-01 6.924269000990995737e-02
5.500000000000000000e+01 2.314642202372213797e-01 7.662618130963014251e-02 0.000000000000000000e+00 0.000000000000000000e+00 6.779007749251073078e-02 6.995341347987449332e-02
6.000000000000000000e+01 1.433334969165432626e-01 6.298846860985417295e-02 0.000000000000000000e+00 0.000000000000000000e+00 8.169620399545830802e-02 9.096718223278175974e-02
6.500000000000000000e+01 1.708834987099868696e-01 9.088582752269465381e-02 0.000000000000000000e+00 0.000000000000000000e+00 5.534571105348477793e-02 8.206207550212343826e-02
7.000000000000000000e+01 2.272380078704444861e-01 1.100011241920958727e-01 0.000000000000000000e+00 0.000000000000000000e+00 1.013730348877023291e-01 8.175283704135859197e-02
7.500000000000000000e+01 2.040724170884013478e-01 9.258585341402726654e-02 0.000000000000000000e+00 0.000000000000000000e+00 7.573809178246483642e-02 6.154436002985112092e-02
8.000000000000000000e+01 2.393331350562857285e-01 1.156056960431985220e-01 0.000000000000000000e+00 0.000000000000000000e+00 6.780622115904492986e-02 6.427068982747938253e-02
8.500000000000000000e+01 1.935743118613385272e-01 5.249613397540114912e-02 0.000000000000000000e+00 0.000000000000000000e+00 6.427167365459859893e-02 7.670516364898000150e-02
9.000000000000000000e+01 2.480320857035019366e-01 1.713406949486344089e-01 0.000000000000000000e+00 0.000000000000000000e+00 1.174059289681058244e-01 8.306927021386621701e-02
9.500000000000000000e+01 1.812667547838617554e-01 1.220058035040941097e-01 0.000000000000000000e+00 0.000000000000000000e+00 1.011832188509193264e-01 6.984864287419520479e-02
1.000000000000000000e+02 1.019565705805792061e-01 1.156996827504383207e-01 0.000000000000000000e+00 0.000000000000000000e+00 5.415143301390129560e-02 4.263638111245772466e-02
1.050000000000000000e+02 1.883681945265417712e-01 1.637058973017983532e-01 1.000000000000000000e+00 1.000000000000000000e+00 4.730195528957979734e-02 4.191811078282462605e-02
1.100000000000000000e+02 1.300680277773683946e-01 2.221959577520926654e-01 0.000000000000000000e+00 0.000000000000000000e+00 6.771442974275293514e-02 8.488432355939667939e-02
1.150000000000000000e+02 1.127613150507251055e-01 2.211458006196012627e-01 0.000000000000000000e+00 0.000000000000000000e+00 1.011358849943656407e-01 6.763004723510389338e-02
1.200000000000000000e+02 7.401445837129996819e-02 1.905636752161465330e-01 0.000000000000000000e+00 0.000000000000000000e+00 7.944096146838366956e-02 9.426606372367690723e-02
1.250000000000000000e+02 1.218916063848179271e-01 1.692571047189666555e-01 0.000000000000000000e+00 0.000000000000000000e+00 8.569249647619853194e-02 6.426356915874781306e-02
1.300000000000000000e+02 1.930954711365922005e-01 9.295827585263236048e-02 0.000000000000000000e+00 0.000000000000000000e+00 9.749663507377488714e-02 7.018412740715541942e-02
1.350000000000000000e+02 1.605319659159552548e-01 8.045195369684163267e-02 0.000000000000000000e+00 0.000000000000000000e+00 6.219017427584767888e-02 6.428161334606447008e-02
1.400000000000000000e+02 1.672155066865251283e-01 5.656495628839550843e-02 0.000000000000000000e+00 0.000000000000000000e+00 7.417914506103104322e-02 3.179844646301194233e-02
1.450000000000000000e+02 1.757759675337807748e-01 1.223665998417650391e-01 0.000000000000000000e+00 0.000000000000000000e+00 1.029198625004942996e-01 4.525665629354334862e-02
1.500000000000000000e+02 1.143742912197000250e-01 5.504169180390582061e-02 0.000000000000000000e+00 0.000000000000000000e+00 4.740117814039164490e-02 3.834177122803364424e-02
1.550000000000000000e+02 3.284024277286650695e-01 9.356454978686878921e-02 0.000000000000000000e+00 0.000000000000000000e+00 1.215440484789226117e-01 6.917395049507002458e-02
1.600000000000000000e+02 7.902843188116112638e-02 1.122124245530064651e-01 0.000000000000000000e+00 0.000000000000000000e+00 8.502255342685717532e-02 7.847080247928614471e-02
1.650000000000000000e+02 1.702270715866942008e-01 2.290754418634589340e-01 0.000000000000000000e+00 0.000000000000000000e+00 6.668579934734200632e-02 7.592844781163120282e-02
1.700000000000000000e+02 2.027551859608646423e-01 8.724617118646907366e-02 0.000000000000000000e+00 0.000000000000000000e+00 6.565581937318916428e-02 6.815322322461317417e-02
1.750000000000000000e+02 8.928298756475636089e-02 1.142794951188517427e-01 0.000000000000000000e+00 0.000000000000000000e+00 9.697625503409297576e-02 9.516745852965384500e-02
1.800000000000000000e+02 2.322029173428588611e-01 7.090969388342829860e-02 0.000000000000000000e+00 0.000000000000000000e+00 6.668528102666480828e-02 6.368728258508639384e-02
1.850000000000000000e+02 4.335059983822459051e-02 1.262491915202143544e-01 0.000000000000000000e+00 0.000000000000000000e+00 2.636861902709194960e-02 5.069840741603213324e-02
1.900000000000000000e+02 1.715974296942497923e-01 1.105885629004845494e-01 0.000000000000000000e+00 0.000000000000000000e+00 6.436627935806536749e-02 9.671849495292121623e-02
1.950000000000000000e+02 3.502442042521872745e-01 1.655799400285949130e-01 1.000000000000000000e+00 0.000000000000000000e+00 7.186275263225987142e-02 6.661080885458411927e-02
2.000000000000000000e+02 2.374881918086126364e-01 1.080090006443033823e-01 0.000000000000000000e+00 0.000000000000000000e+00 8.694118066307823800e-02 6.100357333734705151e-02
2.050000000000000000e+02 1.165096454868639747e-01 1.279629678286469674e-01 0.000000000000000000e+00 0.000000000000000000e+00 7.269665191731770892e-02 7.702465703085215054e-02
2.100000000000000000e+02 2.346427839254942305e-01 7.954445381815081206e-02 0.000000000000000000e+00 0.000000000000000000e+00 7.430309133049972647e-02 6.688345524187043478e-02
2.150000000000000000e+02 1.452974450327705058e-01 9.357308492274343803e-02 0.000000000000000000e+00 0.000000000000000000e+00 8.357879106068205610e-02 6.694736600523104597e-02
2.200000000000000000e+02 7.850532185573819155e-02 1.000297401804245423e-01 0.000000000000000000e+00 0.000000000000000000e+00 8.692234667570943041e-02 6.372923199921434745e-02
2.250000000000000000e+02 1.171542856959960910e-01 7.146934259343665219e-02 0.000000000000000000e+00 0.000000000000000000e+00 5.916805189668326859e-02 6.837344365402897584e-02
2.300000000000000000e+02 7.406053607934644234e-02 1.145053691528055556e-01 0.000000000000000000e+00 0.000000000000000000e+00 3.537240439053491309e-02 6.265886033624817886e-02
2.350000000000000000e+02 2.298875151699607822e-01 1.463678602774986515e-01 0.000000000000000000e+00 0.000000000000000000e+00 6.716566852490413186e-02 8.828218012829454342e-02
2.400000000000000000e+02 8.225357839746524902e-02 1.209814193835912766e-01 0.000000000000000000e+00 0.000000000000000000e+00 9.913666470618194559e-02 8.862680030778175011e-02
2.450000000000000000e+02 1.837954236627873383e-01 9.497120876290124358e-02 0.000000000000000000e+00 0.000000000000000000e+00 7.341064596207781678e-02 6.867373520582301105e-02
2.500000000000000000e+02 6.351204218025183201e-02 7.297511639828183072e-03 0.000000000000000000e+00 0.000000000000000000e+00 7.090302461276523638e-02 5.757675120556082077e-02
2.550000000000000000e+02 1.058485468538005597e-01 1.234973417730273193e-01 0.000000000000000000e+00 0.000000000000000000e+00 6.471835043624707406e-02 8.179793245534261459e-02
2.600000000000000000e+02 6.603832857756846038e-03 2.084005047887818041e-01 0.000000000000000000e+00 0.000000000000000000e+00 3.613599310493507966e-02 6.436315297747086106e-02
2.650000000000000000e+02 1.756097307748530345e-01 1.717298556479384675e-01 0.000000000000000000e+00 0.000000000000000000e+00 8.292389643996397885e-02 5.079044037821855984e-02
2.700000000000000000e+02 8.669052981229215943e-03 1.155153737353910720e-01 0.000000000000000000e+00 0.000000000000000000e+00 1.737663556900730447e-02 8.160889368531897003e-02
2.750000000000000000e+02 1.523221345210730958e-02 1.324487127806986964e-01 0.000000000000000000e+00 0.000000000000000000e+00 1.429763133774292379e-02 6.698735860091413474e-02
2.800000000000000000e+02 6.840994186064873472e-02 5.459157524440594322e-03 0.000000000000000000e+00 0.000000000000000000e+00 5.993971725390817573e-02 7.928038606934259547e-02
2.850000000000000000e+02 1.208849021399509144e-01 4.135093392464498502e-02 0.000000000000000000e+00 0.000000000000000000e+00 8.508316209169045075e-02 6.817964251183501745e-02
2.900000000000000000e+02 9.200134624770914260e-02 1.330110012171946687e-01 0.000000000000000000e+00 0.000000000000000000e+00 7.426760594100985380e-02 7.159763360416201983e-02
2.950000000000000000e+02 1.198547216243849994e-01 5.140861057967467673e-02 0.000000000000000000e+00 0.000000000000000000e+00 6.653850700432019372e-02 7.104611366421782759e-02
3.000000000000000000e+02 1.218654697242858020e-01 8.004850026943396979e-02 0.000000000000000000e+00 0.000000000000000000e+00 9.169367116370559512e-02 5.770967391375764199e-02
3.050000000000000000e+02 1.101812088394830413e-01 1.430025126790247791e-01 0.000000000000000000e+00 0.000000000000000000e+00 6.411721368337013061e-02 6.604625272556256810e-02
3.100000000000000000e+02 1.741171161321977967e-01 8.520390575163182267e-02 0.000000000000000000e+00 0.000000000000000000e+00 7.895584509852314470e-02 5.900296352064245825e-02
3.150000000000000000e+02 2.145609440718507233e-01 1.077227668408815980e-01 0.000000000000000000e+00 0.000000000000000000e+00 9.073955398160464536e-02 5.646796925852100302e-02
3.200000000000000000e+02 1.446574474396901400e-01 8.214434075309073879e-02 0.000000000000000000e+00 0.000000000000000000e+00 7.787030081119869496e-02 7.363226780864050303e-02
3.250000000000000000e+02 1.211645790503777381e-01 2.679501567340674371e-03 0.000000000000000000e+00 0.000000000000000000e+00 1.032900744827374290e-01 1.058459343217468644e-02
3.300000000000000000e+02 5.274882447287097126e-02 9.821412026275833096e-02 0.000000000000000000e+00 0.000000000000000000e+00 8.356879353953697298e-02 5.798588180243328949e-02
3.350000000000000000e+02 9.524091970644085747e-02 7.254791785564389250e-02 0.000000000000000000e+00 0.000000000000000000e+00 9.328161184582810239e-02 8.534524552676363285e-02
3.400000000000000000e+02 1.392107646125087528e-01 1.833792239229317389e-01 0.000000000000000000e+00 0.000000000000000000e+00 4.549950341615329602e-02 5.606386353852760990e-02
3.450000000000000000e+02 2.178575691231602642e-03 9.851345515249591844e-02 0.000000000000000000e+00 0.000000000000000000e+00 3.828689161657431936e-03 7.429406629617434088e-02
3.500000000000000000e+02 2.911374594577961772e-01 1.344919173163588444e-01 1.000000000000000000e+00 0.000000000000000000e+00 7.876436122926591676e-02 7.056152645202662388e-02
3.550000000000000000e+02 6.026314312798690398e-02 1.922125123572432925e-01 0.000000000000000000e+00 0.000000000000000000e+00 7.411822858129263336e-02 8.119858190611844995e-02
3.600000000000000000e+02 2.032731321390544854e-01 8.280760358049803205e-02 0.000000000000000000e+00 0.000000000000000000e+00 6.993442652573048091e-02 5.315931463124088513e-02
3.650000000000000000e+02 5.295546123570423619e-02 4.995840198644473096e-02 0.000000000000000000e+00 0.000000000000000000e+00 6.696153530677065313e-02 2.386122540735421266e-02
3.700000000000000000e+02 2.537469453632277827e-01 1.659306050631255414e-01 1.000000000000000000e+00 0.000000000000000000e+00 5.249804668587697287e-02 6.457098564323746070e-02
3.750000000000000000e+02 8.874396383097038488e-02 2.088113368350038301e-01 0.000000000000000000e+00 0.000000000000000000e+00 9.216272203553807496e-02 7.411300246638022338e-02
3.800000000000000000e+02 1.295977372658247140e-01 4.317740807030097383e-02 0.000000000000000000e+00 0.000000000000000000e+00 7.063565675318787818e-02 4.002093720286299672e-02
3.850000000000000000e+02 1.605991162495679081e-01 1.896134482866478066e-01 0.000000000000000000e+00 0.000000000000000000e+00 9.184909657546126704e-02 6.282362451868468700e-02
3.900000000000000000e+02 1.580981338314612905e-01 1.417689400765460017e-01 0.000000000000000000e+00 0.000000000000000000e+00 9.032860263012948421e-02 8.581041867510068311e-02
3.950000000000000000e+02 1.991581733228363627e-01 2.336663980635937110e-01 0.000000000000000000e+00 0.000000000000000000e+00 1.052724251436741310e-01 6.590810375907968366e-02
4.000000000000000000e+02 9.999279520135569144e-02 2.893372497176006641e-01 0.000000000000000000e+00 1.000000000000000000e+00 6.823009570283809777e-02 6.745429175333012006e-02
4.050000000000000000e+02 1.743861441417128011e-01 1.708388457763087565e-01 0.000000000000000000e+00 0.000000000000000000e+00 6.720388926298137555e-02 8.342415973700713361e-02
4.100000000000000000e+02 8.976402363884475322e-02 1.816105983125339829e-01 0.000000000000000000e+00 0.000000000000000000e+00 8.311982020567575125e-02 9.224890759068389567e-02
4.150000000000000000e+02 1.088703929165199674e-01 9.483292136394794181e-02 0.000000000000000000e+00 0.000000000000000000e+00 5.850975194235312482e-02 7.875091989783131186e-02
4.200000000000000000e+02 1.185733005753160096e-01 1.723466485730746345e-01 0.000000000000000000e+00 0.000000000000000000e+00 8.223122658315794309e-02 9.419690940506533772e-02
4.250000000000000000e+02 2.727813302478269628e-02 1.830051336085360691e-01 0.000000000000000000e+00 0.000000000000000000e+00 7.965693921886429774e-02 9.543210343657904104e-02
4.300000000000000000e+02 5.408551012757503024e-02 1.375266770406221584e-01 0.000000000000000000e+00 0.000000000000000000e+00 8.488963813334829411e-02 9.238943629119163170e-02
4.350000000000000000e+02 8.428888721007551932e-02 3.436280502059205905e-02 0.000000000000000000e+00 0.000000000000000000e+00 5.382531408667768497e-02 8.693650823570230057e-02
4.400000000000000000e+02 1.446136456722512675e-01 2.374365024068943175e-02 0.000000000000000000e+00 0.000000000000000000e+00 1.138962252790304969e-01 7.521593731563160079e-02
4.450000000000000000e+02 2.172302880910998157e-01 2.683464019845589396e-02 0.000000000000000000e+00 0.000000000000000000e+00 9.980899516086251533e-02 5.900624763233939390e-02
4.500000000000000000e+02 1.451846388228026363e-01 3.742172024021157839e-02 0.000000000000000000e+00 0.000000000000000000e+00 8.425085144710252327e-02 7.560196064034106767e-02
4.550000000000000000e+02 1.484406125122866016e-01 3.697765426339568590e-02 0.000000000000000000e+00 0.000000000000000000e+00 7.862017187949164876e-02 6.201962817877678530e-02
4.600000000000000000e+02 5.364972536396532543e-02 2.481856194789342634e-02 0.000000000000000000e+00 0.000000000000000000e+00 6.392507449058003333e-02 3.189916855327307871e-02
4.650000000000000000e+02 1.106579270514774782e-01 1.046546310667183510e-01 0.000000000000000000e+00 0.000000000000000000e+00 8.702589058963394741e-02 9.301994233727037265e-02
4.700000000000000000e+02 2.725834534891201644e-01 1.226116102508177097e-01 0.000000000000000000e+00 0.000000000000000000e+00 7.629210633568814237e-02 7.230297128112175842e-02
4.750000000000000000e+02 1.260949552273862850e-01 7.429798065753054348e-02 0.000000000000000000e+00 0.000000000000000000e+00 7.270401277507726467e-02 8.051960426061761933e-02
4.800000000000000000e+02 9.616203495306457905e-02 1.081291545603383086e-01 0.000000000000000000e+00 0.000000000000000000e+00 5.878540969532776439e-02 9.505605736316383170e-02
4.850000000000000000e+02 1.889958269650972578e-01 5.250216170303823038e-02 0.000000000000000000e+00 0.000000000000000000e+00 9.158176862614342273e-02 6.137332486223757294e-02
4.900000000000000000e+02 3.950402184059011862e-02 2.026285167546218735e-01 0.000000000000000000e+00 0.000000000000000000e+00 2.791682084004331113e-02 7.503869096604272315e-02
4.950000000000000000e+02 8.018610189447375469e-02 1.003569837638361023e-01 0.000000000000000000e+00 0.000000000000000000e+00 1.082887033639049756e-01 6.139236788778884568e-02
