0.000000000000000000e+00 0.000000000000000000e+00 0.000000000000000000e+00 0.000000000000000000e+00 0.000000000000000000e+00 0.000000000000000000e+00 0.000000000000000000e+00
5.000000000000000000e+00 4.243468994553908358e-01 3.189517547781932083e-01 0.000000000000000000e+00 0.000000000000000000e+00 1.240947811121894118e-01 9.830645201153023760e-02
1.000000000000000000e+01 4.794590235496280495e-01 3.700567156582115769e-01 1.000000000000000000e+00 0.000000000000000000e+00 1.178541511999950664e-01 1.140767200509361923e-01
1.500000000000000000e+01 3.774683305193223815e-01 3.627262119831914378e-01 1.000000000000000000e+00 0.000000000000000000e+00 1.037390296438391590e-01 1.152074558200148757e-01
2.000000000000000000e+01 3.760461192037187761e-01 3.495947890295085791e-01 0.000000000000000000e+00 0.000000000000000000e+00 1.244080076012968605e-01 1.591219111144545062e-01
2.500000000000000000e+01 3.297923997142259145e-01 3.473193791724760726e-01 0.000000000000000000e+00 0.000000000000000000e+00 1.145799235582705966e-01 1.377407656183134155e-01
3.000000000000000000e+01 3.670915247316287600e-01 3.683370262911636606e-01 0.000000000000000000e+00 0.000000000000000000e+00 1.077133037980104457e-01 1.290153680175757100e-01
3.500000000000000000e+01 1.659507652007482514e-01 2.360856234389624997e-01 0.000000000000000000e+00 0.000000000000000000e+00 6.338652525883337052e-02 1.290128315249890467e-01
4.000000000000000000e+01 1.988294409467413204e-01 3.698286056012186074e-01 0.000000000000000000e+00 0.000000000000000000e+00 1.049764022370488076e-01 1.321143807894184508e-01
4.500000000000000000e+01 2.783206418718517372e-01 3.305113297014118934e-01 0.000000000000000000e+00 0.000000000000000000e+00 8.679646005777605366e-02 1.464518598114627201e-01
5.000000000000000000e+01 2.734920282917844281e-01 3.475160715412946577e-01 0.000000000000000000e+00 0.000000000000000000e+00 1.220895970549827070e-01 1.926755608539537923e-01
5.500000000000000000e+01 1.917619851980218726e-01 3.138927029438585703e-01 0.000000000000000000e+00 0.000000000000000000e+00 1.066211027308351239e-01 1.446992284932547557e-01
6.000000000000000000e+01 3.225795271560287225e-01 2.140532293118873608e-01 0.000000000000000000e+00 0.000000000000000000e+00 1.086486668680332057e-01 1.648390213239085411e-01
6.500000000000000000e+01 2.352701152331285461e-01 2.951960695560960635e-01 0.000000000000000000e+00 0.000000000000000000e+00 9.759695729749434667e-02 1.268120523700209668e-01
7.000000000000000000e+01 2.527580383355833016e-01 2.700537105139670935e-01 0.000000000000000000e+00 0.000000000000000000e+00 1.133367569387644241e-01 1.247895408999978445e-01
7.500000000000000000e+01 1.840725319339479582e-01 2.492293307339914499e-01 0.000000000000000000e+00 0.000000000000000000e+00 8.930382401519683377e-02 1.180911393690897426e-01
8.000000000000000000e+01 3.386444087813528236e-01 2.561919443938993624e-01 0.000000000000000000e+00 0.000000000000000000e+00 9.889902104677213146e-02 1.425553954929951739e-01
8.500000000000000000e+01 3.255577467295695526e-01 3.034702708288787854e-01 0.000000000000000000e+00 0.000000000000000000e+00 1.058391452936554289e-01 1.464370328467389515e-01
9.000000000000000000e+01 2.975229088141094769e-01 3.164357327248598084e-01 0.000000000000000000e+00 0.000000000000000000e+00 9.134890448893762116e-02 1.177304567478809350e-01
9.500000000000000000e+01 2.048417744722103306e-01 3.450363423309968924e-01 0.000000000000000000e+00 0.000000000000000000e+00 9.375420667474533565e-02 1.306469117697498239e-01
1.000000000000000000e+02 2.659998201165778564e-01 2.200295457838353508e-01 0.000000000000000000e+00 0.000000000000000000e+00 1.077448127986528892e-01 1.273731672272369331e-01
1.050000000000000000e+02 2.323985562338358457e-01 3.168937314942260053e-01 0.000000000000000000e+00 0.000000000000000000e+00 8.227351374844481258e-02 1.507031396804442147e-01
1.100000000000000000e+02 1.204021685589196922e-01 4.167722024469664999e-01 0.000000000000000000e+00 0.000000000000000000e+00 9.333279346736832183e-02 1.487576444434734468e-01
1.150000000000000000e+02 1.785288855366780614e-01 2.760611681683909913e-01 0.000000000000000000e+00 0.000000000000000000e+00 9.495661709794034344e-02 1.582860457890238881e-01
1.200000000000000000e+02 1.585146142731711227e-01 3.799446155942040049e-01 0.000000000000000000e+00 0.000000000000000000e+00 9.716737384315170256e-02 1.704769938453343514e-01
1.250000000000000000e+02 1.776475795771103594e-01 3.224101771586844190e-01 0.000000000000000000e+00 0.000000000000000000e+00 1.143876725081233448e-01 1.394612610938014419e-01
1.300000000000000000e+02 3.822234384806009189e-01 3.225398360445258517e-01 1.000000000000000000e+00 0.000000000000000000e+00 9.978810728270952335e-02 1.783307088084981062e-01
1.350000000000000000e+02 3.552231041163945724e-01 2.549054280423156404e-01 0.000000000000000000e+00 0.000000000000000000e+00 1.019196872870565956e-01 1.223902152565528173e-01
1.400000000000000000e+02 1.853437737619449965e-01 2.111769452334691377e-01 0.000000000000000000e+00 0.000000000000000000e+00 1.079102576818682380e-01 1.538619487062261593e-01
1.450000000000000000e+02 1.998634482539499990e-01 2.531322227137363101e-01 0.000000000000000000e+00 0.000000000000000000e+00 9.074089851831232401e-02 1.229356290483466368e-01
1.500000000000000000e+02 2.257773495803657160e-01 2.032444956092939736e-01 0.000000000000000000e+00 0.000000000000000000e+00 1.247147972891512052e-01 1.108451969123035313e-01
1.550000000000000000e+02 2.399152498178607762e-01 3.598720885269154346e-01 0.000000000000000000e+00 0.000000000000000000e+00 9.746881350660058230e-02 1.145862130694285663e-01
1.600000000000000000e+02 1.862926318586634045e-01 2.843895381503697140e-01 0.000000000000000000e+00 0.000000000000000000e+00 1.407474180504814931e-01 1.448132932835053677e-01
1.650000000000000000e+02 2.684121907883759706e-01 2.366317877094915034e-01 0.000000000000000000e+00 0.000000000000000000e+00 1.530611756758726849e-01 1.342842697129885687e-01
1.700000000000000000e+02 2.378078470004983680e-01 1.906162449940222714e-01 0.000000000000000000e+00 0.000000000000000000e+00 1.104425584065301252e-01 9.305151104055341127e-02
1.750000000000000000e+02 2.574468783878678946e-01 1.894405411573575893e-01 0.000000000000000000e+00 0.000000000000000000e+00 1.225313521363626673e-01 1.051786309413205722e-01
1.800000000000000000e+02 2.344686248410039475e-01 2.034076919809062467e-01 0.000000000000000000e+00 0.000000000000000000e+00 1.161637960818649590e-01 1.355755956665086470e-01
1.850000000000000000e+02 2.263211678440423535e-01 2.657521252811388957e-01 0.000000000000000000e+00 0.000000000000000000e+00 1.138536393035037564e-01 1.096726316593992917e-01
1.900000000000000000e+02 2.100145831772404770e-01 1.615133000743981528e-01 0.000000000000000000e+00 0.000000000000000000e+00 1.467975025093971320e-01 1.121322157864308722e-01
1.950000000000000000e+02 2.158296167565165735e-01 2.416882887183830486e-01 0.000000000000000000e+00 0.000000000000000000e+00 9.430074307372279807e-02 1.466516707434413758e-01
2.000000000000000000e+02 2.744167774716215202e-01 2.080240896588319843e-01 0.000000000000000000e+00 0.000000000000000000e+00 1.024143223642470374e-01 1.193922050277037850e-01
2.050000000000000000e+02 1.727151407907087377e-01 2.265392473326344747e-01 0.000000000000000000e+00 0.000000000000000000e+00 9.323479979836551967e-02 1.134781560232506065e-01
2.100000000000000000e+02 3.265338982680616731e-01 1.598753856174234822e-01 0.000000000000000000e+00 0.000000000000000000e+00 1.077421828112124363e-01 1.312096155574428991e-01
2.150000000000000000e+02 2.221662071808719607e-01 3.504023386669467000e-01 0.000000000000000000e+00 0.000000000000000000e+00 1.190666824772600718e-01 1.190272133556821016e-01
2.200000000000000000e+02 1.174110684373909919e-01 2.005574483332795699e-01 0.000000000000000000e+00 0.000000000000000000e+00 6.171918867647406548e-02 1.270509423004180793e-01
2.250000000000000000e+02 2.390943961555650754e-01 2.184896558626349405e-01 0.000000000000000000e+00 0.000000000000000000e+00 1.282642349850716401e-01 1.102128754078982448e-01
2.300000000000000000e+02 2.793358483320945163e-01 2.429842543635873098e-01 0.000000000000000000e+00 0.000000000000000000e+00 1.137018747195913532e-01 1.295364080314661825e-01
2.350000000000000000e+02 1.878081994722367309e-01 2.059423698925279267e-01 0.000000000000000000e+00 0.000000000000000000e+00 1.253558430010199010e-01 1.139908946372715226e-01
2.400000000000000000e+02 1.602337052047194954e-01 2.486012238087550730e-01 0.000000000000000000e+00 0.000000000000000000e+00 1.012698807065901679e-01 1.040585508337041193e-01
2.450000000000000000e+02 2.318987865161556139e-01 2.223475920173202114e-01 0.000000000000000000e+00 0.000000000000000000e+00 8.903044893731226761e-02 1.033045815040517512e-01
2.500000000000000000e+02 3.008939167637998957e-01 1.820093180671292221e-01 0.000000000000000000e+00 0.000000000000000000e+00 1.087629914611225740e-01 1.319739710659300624e-01
2.550000000000000000e+02 3.342954770731712544e-01 2.165848528697567887e-01 1.000000000000000000e+00 0.000000000000000000e+00 7.855421960405818693e-02 1.350965866528043013e-01
2.600000000000000000e+02 8.360352382773258983e-02 2.765902806008628256e-01 0.000000000000000000e+00 0.000000000000000000e+00 7.665960560202100815e-02 1.117289053368416413e-01
2.650000000000000000e+02 1.179250195468420637e-01 2.692803917865672636e-01 0.000000000000000000e+00 0.000000000000000000e+00 1.162532987058304962e-01 1.080521408096188768e-01
2.700000000000000000e+02 1.593175237839144220e-01 2.148929134062378954e-01 0.000000000000000000e+00 0.000000000000000000e+00 1.163334052463678020e-01 8.105595162435287604e-02
2.750000000000000000e+02 3.390009566026501719e-01 1.369276049146400387e-01 1.000000000000000000e+00 0.000000000000000000e+00 8.121057223627209387e-02 1.125057314761874622e-01
2.800000000000000000e+02 2.268984971852621157e-01 2.118081028715558811e-01 0.000000000000000000e+00 0.000000000000000000e+00 1.182737354589533524e-01 1.263003161555178167e-01
2.850000000000000000e+02 1.839038258629669409e-01 8.660503529774585263e-02 0.000000000000000000e+00 0.000000000000000000e+00 1.304127240517823361e-01 1.194978702553592675e-01
2.900000000000000000e+02 1.594742151451912782e-01 1.945705554122215131e-01 0.000000000000000000e+00 0.000000000000000000e+00 1.036681610093273115e-01 1.111021260945609102e-01
2.950000000000000000e+02 6.240131446294845674e-02 1.444683682126658986e-01 0.000000000000000000e+00 0.000000000000000000e+00 6.125103771257754681e-02 9.266751824758484579e-02
3.000000000000000000e+02 1.747616217960670237e-01 1.947301432376492836e-01 0.000000000000000000e+00 0.000000000000000000e+00 9.511274674157470244e-02 8.599278393028926548e-02
3.050000000000000000e+02 1.646934562011766467e-01 2.464354157936462231e-01 0.000000000000000000e+00 0.000000000000000000e+00 7.128337359707868914e-02 9.216277278586602895e-02
3.100000000000000000e+02 1.799801920325780902e-01 2.130744779578273573e-01 0.000000000000000000e+00 0.000000000000000000e+00 5.821291479058095242e-02 9.880278420491228619e-02
3.150000000000000000e+02 1.344707885232354350e-01 2.882723653189072643e-01 0.000000000000000000e+00 0.000000000000000000e+00 7.960818244700133828e-02 8.844761327275239837e-02
3.200000000000000000e+02 3.199974552853405985e-02 2.374825877250384687e-01 0.000000000000000000e+00 0.000000000000000000e+00 4.482371188871316775e-02 8.994447887479548043e-02
3.250000000000000000e+02 2.817901385481241805e-01 2.290299078178792413e-01 0.000000000000000000e+00 0.000000000000000000e+00 1.037348734969466002e-01 1.207328666349671425e-01
3.300000000000000000e+02 1.915685032015699285e-01 1.741420710910078495e-01 0.000000000000000000e+00 0.000000000000000000e+00 7.519615438936651242e-02 1.225744023551050832e-01
3.350000000000000000e+02 1.615404748590611728e-01 1.563966320226485851e-01 0.000000000000000000e+00 0.000000000000000000e+00 1.277308480752403497e-01 1.046441435227256217e-01
3.400000000000000000e+02 1.921085825762360033e-01 2.347945958921651144e-01 0.000000000000000000e+00 0.000000000000000000e+00 8.168188200470895277e-02 1.434294323446553276e-01
3.450000000000000000e+02 1.148371819124359428e-01 1.589054294234216180e-01 0.000000000000000000e+00 0.000000000000000000e+00 1.099293565782588633e-01 1.022124431835184921e-01
3.500000000000000000e+02 2.227159709566696455e-01 2.895388028489585541e-01 0.000000000000000000e+00 0.000000000000000000e+00 7.415456233157495525e-02 1.503198024823923229e-01
3.550000000000000000e+02 1.196693386319115371e-01 1.942656121419478743e-01 0.000000000000000000e+00 0.000000000000000000e+00 9.176595836610622337e-02 1.218612984762208057e-01
3.600000000000000000e+02 2.503312056798908114e-01 1.594017157875755042e-01 0.000000000000000000e+00 0.000000000000000000e+00 9.165975813081599088e-02 1.329355804529243346e-01
3.650000000000000000e+02 1.316385379433656910e-01 1.212829894814504844e-01 0.000000000000000000e+00 0.000000000000000000e+00 1.078211658973662473e-01 9.394840654866198904e-02
3.700000000000000000e+02 1.907659543241151390e-01 2.206273745663077379e-01 0.000000000000000000e+00 0.000000000000000000e+00 1.115843806573788011e-01 1.167989932880658110e-01
3.750000000000000000e+02 1.957311987276714738e-01 1.212106008250773970e-01 0.000000000000000000e+00 0.000000000000000000e+00 1.099673099901994910e-01 1.031317617111334878e-01
3.800000000000000000e+02 4.524672085379397024e-02 1.049213874695466009e-01 0.000000000000000000e+00 0.000000000000000000e+00 8.596040347808690807e-02 1.255336476051759909e-01
3.850000000000000000e+02 7.557634194755294410e-02 2.510614460096324274e-01 0.000000000000000000e+00 1.000000000000000000e+00 5.784915410742646341e-02 6.895284415498285913e-02
3.900000000000000000e+02 1.115903167865413687e-01 1.220344393175581965e-01 0.000000000000000000e+00 0.000000000000000000e+00 9.029801128160955259e-02 1.155825449971060459e-01
3.950000000000000000e+02 2.015417310768169157e-01 2.167233877529663455e-01 0.000000000000000000e+00 0.000000000000000000e+00 9.368257379310403199e-02 9.643621062953727785e-02
4.000000000000000000e+02 1.269278927601190377e-01 1.649802699344335433e-01 0.000000000000000000e+00 0.000000000000000000e+00 9.642766460641007120e-02 1.005219709094836295e-01
4.050000000000000000e+02 1.898561007929866484e-01 2.454882425739161322e-01 0.000000000000000000e+00 0.000000000000000000e+00 1.224399383630917076e-01 8.997664548453455924e-02
4.100000000000000000e+02 1.890595114642145413e-01 2.496397406848872291e-01 0.000000000000000000e+00 0.000000000000000000e+00 1.031823189957147419e-01 8.171755599905590473e-02
4.150000000000000000e+02 2.967903168446011652e-01 2.173847887164042647e-01 0.000000000000000000e+00 0.000000000000000000e+00 8.325805738088770669e-02 6.149658873430399048e-02
4.200000000000000000e+02 1.048215558719354651e-01 4.545039357541679620e-02 0.000000000000000000e+00 0.000000000000000000e+00 4.969215445598886699e-02 8.116030518557379447e-02
4.250000000000000000e+02 1.199827783586493724e-01 1.594995474944239655e-01 0.000000000000000000e+00 0.000000000000000000e+00 8.453257434538859194e-02 1.056895441590346568e-01
4.300000000000000000e+02 1.709615706347405450e-01 1.389601101053433152e-01 0.000000000000000000e+00 0.000000000000000000e+00 9.305428229328084611e-02 7.744652977589594478e-02
4.350000000000000000e+02 1.561008245528135441e-01 1.002039355635247347e-01 0.000000000000000000e+00 0.000000000000000000e+00 8.645515234764289403e-02 1.229419314785329814e-01
4.400000000000000000e+02 1.691021083116616697e-01 1.444850778136430036e-01 0.000000000000000000e+00 0.000000000000000000e+00 1.010371767723324959e-01 9.636626405885675983e-02
4.450000000000000000e+02 1.843674659645800074e-01 1.732886042140351912e-01 0.000000000000000000e+00 0.000000000000000000e+00 1.290746558402703914e-01 1.276374690862411287e-01
4.500000000000000000e+02 2.339100419020403443e-01 7.790164144639386001e-02 0.000000000000000000e+00 0.000000000000000000e+00 9.045207056274158497e-02 1.168254468930598339e-01
4.550000000000000000e+02 0.000000000000000000e+00 1.014857352002657420e-01 0.000000000000000000e+00 0.000000000000000000e+00 0.000000000000000000e+00 1.046313325437682878e-01
4.600000000000000000e+02 2.530443443053128627e-01 9.319224552051245947e-02 0.000000000000000000e+00 0.000000000000000000e+00 9.778499005090234009e-02 1.198896067576986080e-01
4.650000000000000000e+02 1.239354687219461210e-01 2.105011916508455205e-01 0.000000000000000000e+00 0.000000000000000000e+00 1.236127862242421271e-01 9.986372687444204643e-02
4.700000000000000000e+02 2.680968106811251195e-01 1.894479665129626123e-01 0.000000000000000000e+00 0.000000000000000000e+00 8.852758759030208979e-02 9.548816410273130995e-02
4.750000000000000000e+02 1.444305595833959566e-01 1.151357163252713783e-01 0.000000000000000000e+00 0.000000000000000000e+00 9.165622289311070592e-02 1.083456136825456523e-01
4.800000000000000000e+02 2.226901652913690910e-01 1.878383168842008843e-01 0.000000000000000000e+00 0.000000000000000000e+00 1.054067739299684170e-01 1.297151800685263368e-01
4.850000000000000000e+02 1.199340793877923250e-01 2.051369191256140478e-01 0.000000000000000000e+00 0.000000000000000000e+00 1.147185602377321922e-01 8.945476315268645340e-02
4.900000000000000000e+02 2.462188196108424099e-01 1.746804359514745053e-01 0.000000000000000000e+00 0.000000000000000000e+00 1.171807978327805283e-01 1.034545804892833126e-01
4.950000000000000000e+02 1.374260498051883307e-02 3.073552807030019429e-02 0.000000000000000000e+00 0.000000000000000000e+00 7.739988070224942951e-02 8.194953058449169769e-02
