0.000000000000000000e+00 0.000000000000000000e+00 0.000000000000000000e+00 0.000000000000000000e+00 0.000000000000000000e+00 0.000000000000000000e+00 0.000000000000000000e+00
5.000000000000000000e+00 1.204219791900383585e-01 9.681605457761476019e-02 0.000000000000000000e+00 0.000000000000000000e+00 8.412024239795820590e-02 4.900277251052518462e-02
1.000000000000000000e+01 1.382246255276992908e-01 1.637752739595148554e-01 0.000000000000000000e+00 0.000000000000000000e+00 6.078226637919113828e-02 7.211167520917005636e-02
1.500000000000000000e+01 3.795384189183437229e-01 7.048508508604924006e-02 1.000000000000000000e+00 0.000000000000000000e+00 8.172846272907380305e-02 8.274070163509557319e-02
2.000000000000000000e+01 1.814819693244730525e-01 1.478715939076213036e-02 0.000000000000000000e+00 0.000000000000000000e+00 7.972522291628768298e-02 3.680019557801429003e-02
2.500000000000000000e+01 1.267411733668572238e-01 3.883542982145671285e-02 0.000000000000000000e+00 0.000000000000000000e+00 7.741076790101454608e-02 9.024601204166893265e-02
3.000000000000000000e+01 2.351303526960639712e-01 9.966248455787526939e-02 1.000000000000000000e+00 0.000000000000000000e+00 6.493545496611177748e-02 8.210302167590258215e-02
3.500000000000000000e+01 3.448783723400143941e-01 3.484338358397313928e-02 1.000000000000000000e+00 0.000000000000000000e+00 8.899591821155924953e-02 6.074979200149062397e-02
4.000000000000000000e+01 1.448765566740842503e-01 6.426125735363480418e-02 0.000000000000000000e+00 0.000000000000000000e+00 6.676988668212904821e-02 6.109927678816452767e-02
4.500000000000000000e+01 2.217274469351658561e-01 4.164254257378961072e-03 1.000000000000000000e+00 0.000000000000000000e+00 6.107298257833690402e-02 8.907057273600860192e-02
5.000000000000000000e+01 1.806831347540330257e-01 5.613517705250825607e-02 0.000000000000000000e+00 0.000000000000000000e+00 6.182888970050802457e-02 6.950022853772888642e-02
5.500000000000000000e+01 1.257610926530984830e-01 8.121800098400508428e-02 0.000000000000000000e+00 0.000000000000000000e+00 8.685644232336288406e-02 4.008806067577071197e-02
6.000000000000000000e+01 1.585976668148400270e-01 9.798172666262930375e-02 0.000000000000000000e+00 0.000000000000000000e+00 8.187917753288247169e-02 9.912477210673507899e-02
6.500000000000000000e+01 1.081733128824583223e-01 7.923164746796491908e-02 0.000000000000000000e+00 0.000000000000000000e+00 7.865880479059479680e-02 6.548552495347741143e-02
7.000000000000000000e+01 1.950267400007314744e-01 1.621947798369762772e-01 0.000000000000000000e+00 0.000000000000000000e+00 9.250757767981675206e-02 6.768644960227644669e-02
7.500000000000000000e+01 6.873881079134436245e-02 1.119283544301885175e-01 0.000000000000000000e+00 0.000000000000000000e+00 5.567708474838449495e-02 8.107806896764427340e-02
8.000000000000000000e+01 7.565965541953120765e-02 1.426028601107002802e-01 0.000000000000000000e+00 0.000000000000000000e+00 7.005049243363878353e-02 5.591931643191384166e-02
8.500000000000000000e+01 2.134955139606569685e-01 8.031820315706597602e-02 0.000000000000000000e+00 0.000000000000000000e+00 7.892418130996281533e-02 7.698611184068405999e-02
9.000000000000000000e+01 1.695821502884383158e-01 9.659657019627586327e-02 0.000000000000000000e+00 0.000000000000000000e+00 8.412234347089260489e-02 3.952686824345646999e-02
9.500000000000000000e+01 1.367719527880721375e-01 6.968630051942224790e-02 0.000000000000000000e+00 0.000000000000000000e+00 9.407720469305595745e-02 7.338311577321780799e-02
1.000000000000000000e+02 8.330405707347636468e-02 9.207386982112462925e-02 0.000000000000000000e+00 0.000000000000000000e+00 8.821362415865040274e-02 5.883527196804048259e-02
1.050000000000000000e+02 2.550378111168921658e-01 1.839220111873852703e-01 1.000000000000000000e+00 0.000000000000000000e+00 5.429837296971547211e-02 6.056124038462638859e-02
1.100000000000000000e+02 1.440178892961641033e-01 2.563947287419433563e-01 0.000000000000000000e+00 1.000000000000000000e+00 8.144109536168697705e-02 6.479947908658764688e-02
1.150000000000000000e+02 3.105516848011038999e-01 3.012080977607000179e-02 0.000000000000000000e+00 0.000000000000000000e+00 9.231442159695534000e-02 1.063665405409471992e-01
1.200000000000000000e+02 2.793998693321280147e-01 1.942185270707596501e-01 1.000000000000000000e+00 0.000000000000000000e+00 6.979771102779394609e-02 7.065450167865046371e-02
1.250000000000000000e+02 1.085045366355277541e-01 1.252014810014078772e-01 0.000000000000000000e+00 0.000000000000000000e+00 6.400635852464092723e-02 5.633097166318114940e-02
1.300000000000000000e+02 8.023824989222747006e-02 1.449769156783733692e-01 0.000000000000000000e+00 0.000000000000000000e+00 5.230788722656731782e-02 7.917151259817928333e-02
1.350000000000000000e+02 1.382423704633422568e-01 8.804070230874405656e-02 0.000000000000000000e+00 0.000000000000000000e+00 6.859532222918209021e-02 8.129154921823182611e-02
1.400000000000000000e+02 2.129747778784527035e-01 7.027649239906559424e-03 1.000000000000000000e+00 0.000000000000000000e+00 5.842436165927566982e-02 6.444766148430240704e-02
1.450000000000000000e+02 1.934581775663173075e-02 9.704783531938636354e-02 0.000000000000000000e+00 0.000000000000000000e+00 9.502433194221851509e-02 6.724831894925670239e-02
1.500000000000000000e+02 1.876938547281722935e-01 1.718347352294651853e-01 0.000000000000000000e+00 0.000000000000000000e+00 7.669998207187708750e-02 5.831873682356299854e-02
1.550000000000000000e+02 2.243489202827807782e-01 1.360062891219599446e-01 0.000000000000000000e+00 0.000000000000000000e+00 9.329976786561425262e-02 7.276791157065091997e-02
1.600000000000000000e+02 7.539883711797766563e-02 9.693308888037692472e-02 0.000000000000000000e+00 0.000000000000000000e+00 5.542457564426588046e-02 8.086973527011782903e-02
1.650000000000000000e+02 7.091866550712001838e-02 1.376220256410736198e-01 0.000000000000000000e+00 0.000000000000000000e+00 4.465066705808905245e-02 8.469935197297878693e-02
1.700000000000000000e+02 6.410209458926556525e-02 6.308722543704443908e-02 0.000000000000000000e+00 0.000000000000000000e+00 8.413855475403198003e-02 4.919246852280944465e-02
1.750000000000000000e+02 1.159774898553782851e-01 1.695676475523238691e-01 0.000000000000000000e+00 0.000000000000000000e+00 9.607121649430171162e-02 7.896916198706731282e-02
1.800000000000000000e+02 6.249928294919734548e-03 8.998254229208743626e-02 0.000000000000000000e+00 0.000000000000000000e+00 5.957236165393559393e-03 5.625612753215314399e-02
1.850000000000000000e+02 1.240600488387159084e-01 1.664076109940003101e-01 0.000000000000000000e+00 0.000000000000000000e+00 7.165797202947393751e-02 8.635996726355640862e-02
1.900000000000000000e+02 7.294152597660949477e-02 1.001596583148693237e-01 0.000000000000000000e+00 0.000000000000000000e+00 1.026971738585839289e-01 7.542423926799994571e-02
1.950000000000000000e+02 2.341665752920899998e-02 9.541315740570824322e-02 0.000000000000000000e+00 0.000000000000000000e+00 6.384019927533038374e-02 8.081226911426296622e-02
2.000000000000000000e+02 1.190645778731984350e-01 1.494886206592072331e-01 0.000000000000000000e+00 0.000000000000000000e+00 7.233253090505055438e-02 8.477080619295958297e-02
2.050000000000000000e+02 1.575464626646189692e-01 5.356343694252556353e-02 0.000000000000000000e+00 0.000000000000000000e+00 7.687132239354099728e-02 5.645294011768293985e-02
2.100000000000000000e+02 9.890790570673999374e-03 7.325613364880398382e-02 0.000000000000000000e+00 0.000000000000000000e+00 6.454180153070093739e-02 4.976173351747826407e-02
2.150000000000000000e+02 2.116048804694769248e-01 2.165446857472664438e-02 0.000000000000000000e+00 0.000000000000000000e+00 7.896530391918608893e-02 6.664042008261308880e-02
2.200000000000000000e+02 9.759314233803856320e-02 8.264612886377487033e-02 0.000000000000000000e+00 0.000000000000000000e+00 7.545225266511351725e-02 8.476699263738687873e-02
2.250000000000000000e+02 1.983143694219918762e-02 3.803184132079140520e-04 0.000000000000000000e+00 0.000000000000000000e+00 8.803649333210880612e-02 7.533872988182178931e-02
2.300000000000000000e+02 1.613418338438756330e-02 1.044680229755186734e-01 0.000000000000000000e+00 0.000000000000000000e+00 2.855307176795974719e-02 9.042741639012334687e-02
2.350000000000000000e+02 6.620951760304165379e-02 1.008922345766552764e-01 0.000000000000000000e+00 0.000000000000000000e+00 1.088081269720370670e-01 8.872163072327722555e-02
2.400000000000000000e+02 1.538885598482074013e-01 1.855460034786585860e-02 0.000000000000000000e+00 0.000000000000000000e+00 6.206775777061487170e-02 4.564155451044511758e-02
2.450000000000000000e+02 7.678832740962943104e-02 7.378772041285155958e-02 0.000000000000000000e+00 0.000000000000000000e+00 8.483501987886545026e-02 7.982629421737107156e-02
2.500000000000000000e+02 1.235960578715442348e-01 0.000000000000000000e+00 0.000000000000000000e+00 0.000000000000000000e+00 8.306470094695474204e-02 0.000000000000000000e+00
2.550000000000000000e+02 2.145827219799572860e-01 1.420161225480379985e-01 1.000000000000000000e+00 0.000000000000000000e+00 5.608113076927654511e-02 6.227988098604279876e-02
2.600000000000000000e+02 5.547270241573589583e-02 1.342706132146392062e-01 0.000000000000000000e+00 0.000000000000000000e+00 9.794023037360792550e-02 8.705320866937971136e-02
2.650000000000000000e+02 1.488662429457820735e-01 1.320245310146831164e-01 0.000000000000000000e+00 0.000000000000000000e+00 6.770520226925946794e-02 7.725065150531637559e-02
2.700000000000000000e+02 1.059364650523670626e-01 4.924332931209057795e-02 0.000000000000000000e+00 0.000000000000000000e+00 5.879272034470624242e-02 6.029723137171437430e-02
2.750000000000000000e+02 1.869957177660065972e-01 7.756822202863800086e-02 0.000000000000000000e+00 0.000000000000000000e+00 1.046106814713014255e-01 4.771487547928052186e-02
2.800000000000000000e+02 1.312365615936587557e-02 3.550387132839888382e-02 0.000000000000000000e+00 0.000000000000000000e+00 6.385968703632394217e-02 3.268404642293337714e-02
2.850000000000000000e+02 9.271094662379092410e-02 1.247696158690180489e-02 0.000000000000000000e+00 0.000000000000000000e+00 7.918256753547051052e-02 9.726333679730923831e-02
2.900000000000000000e+02 3.630238059227574449e-02 7.888967134138344384e-02 0.000000000000000000e+00 0.000000000000000000e+00 2.916251299194957611e-02 9.073102025058804587e-02
2.950000000000000000e+02 5.241198017020367445e-02 9.282632778533628226e-02 0.000000000000000000e+00 0.000000000000000000e+00 6.595065782519929365e-02 4.692804983553972714e-02
3.000000000000000000e+02 2.133934668965709047e-01 4.439186811844075820e-02 0.000000000000000000e+00 0.000000000000000000e+00 8.204848881470711008e-02 5.350392960908981893e-02
3.050000000000000000e+02 1.119569616855295158e-01 1.082601921335472062e-01 0.000000000000000000e+00 0.000000000000000000e+00 5.280429015067302639e-02 7.555787308540143354e-02
3.100000000000000000e+02 2.411561856625739075e-01 6.937785100273501093e-02 0.000000000000000000e+00 0.000000000000000000e+00 9.449098848921352878e-02 1.123242951908431236e-01
3.150000000000000000e+02 9.852409789873865786e-02 1.213696054597778601e-01 0.000000000000000000e+00 0.000000000000000000e+00 1.141658388613294717e-01 8.967344387676469408e-02
3.200000000000000000e+02 6.874564067799952827e-02 7.089625052543310768e-02 0.000000000000000000e+00 0.000000000000000000e+00 5.799420941430408205e-02 5.542504548918467805e-02
3.250000000000000000e+02 1.333386939010151040e-01 7.165939260896903029e-02 0.000000000000000000e+00 0.000000000000000000e+00 5.238785762692980963e-02 4.376743919303915237e-02
3.300000000000000000e+02 1.403115287725744710e-02 2.420585387978507058e-02 0.000000000000000000e+00 0.000000000000000000e+00 6.542647905296851418e-02 3.166999260956918083e-02
3.350000000000000000e+02 9.801773861699762669e-02 6.705972289769888961e-02 0.000000000000000000e+00 0.000000000000000000e+00 9.396362651337231142e-02 7.002732946170477091e-02
3.400000000000000000e+02 5.235425162880165406e-02 8.206636063155700600e-02 0.000000000000000000e+00 0.000000000000000000e+00 1.014611210038012523e-01 6.038806289666222293e-02
3.450000000000000000e+02 1.098178949888605621e-01 5.169428225196433246e-02 0.000000000000000000e+00 0.000000000000000000e+00 8.619685015145907292e-02 8.352547520063158260e-02
3.500000000000000000e+02 8.915142831247283017e-02 9.138419130619888919e-02 0.000000000000000000e+00 0.000000000000000000e+00 6.719827542316693381e-02 9.223974089782424612e-02
3.550000000000000000e+02 1.371487376063286745e-01 1.073055532179076066e-01 0.000000000000000000e+00 0.000000000000000000e+00 9.539350510730390531e-02 4.096314760630449803e-02
3.600000000000000000e+02 8.993134286660790788e-02 4.290181583285402472e-02 0.000000000000000000e+00 0.000000000000000000e+00 8.796369465607933869e-02 5.938132730822009292e-02
3.650000000000000000e+02 1.118607483042765027e-01 5.230869018897936484e-02 0.000000000000000000e+00 0.000000000000000000e+00 6.130973733370018164e-02 9.560669351548585493e-02
3.700000000000000000e+02 7.360513978355594233e-02 1.476038178769383813e-01 0.000000000000000000e+00 0.000000000000000000e+00 7.573530667164089791e-02 7.119962332854860854e-02
3.750000000000000000e+02 1.446729715824231488e-01 2.276303572954759685e-02 0.000000000000000000e+00 0.000000000000000000e+00 7.073995389413828550e-02 2.982241709937095281e-02
3.800000000000000000e+02 7.840056124175755203e-02 7.297846010485380119e-02 0.000000000000000000e+00 0.000000000000000000e+00 7.070587001554791418e-02 4.820262411032669170e-02
3.850000000000000000e+02 2.018378239270174068e-01 1.273302787897810651e-01 0.000000000000000000e+00 0.000000000000000000e+00 6.413974235404103219e-02 6.703398327738693818e-02
3.900000000000000000e+02 1.243371835984550394e-02 1.170552191731344671e-01 0.000000000000000000e+00 0.000000000000000000e+00 5.680734014799643933e-02 8.612666875538091404e-02
3.950000000000000000e+02 9.573474885098912091e-02 2.105057540150825912e-01 0.000000000000000000e+00 0.000000000000000000e+00 6.475248016094670156e-02 8.310522132742272083e-02
4.000000000000000000e+02 7.356548095113510377e-02 2.194726795499915839e-01 0.000000000000000000e+00 0.000000000000000000e+00 7.887992252610701027e-02 8.028948614678838025e-02
4.050000000000000000e+02 1.046860124861120067e-01 6.047280568576551829e-02 0.000000000000000000e+00 0.000000000000000000e+00 6.995837162994329728e-02 8.592521777919032155e-02
4.100000000000000000e+02 7.027962569859713465e-04 1.416229750656116115e-01 0.000000000000000000e+00 0.000000000000000000e+00 3.371391364846580956e-03 7.748684876046217640e-02
4.150000000000000000e+02 2.654960407262899613e-01 1.467168703111638162e-01 1.000000000000000000e+00 0.000000000000000000e+00 6.693776602737007420e-02 6.515178614451451466e-02
4.200000000000000000e+02 9.989816738646858929e-02 3.000131598240152186e-02 0.000000000000000000e+00 0.000000000000000000e+00 6.484159780534497208e-02 7.978366339713044431e-02
4.250000000000000000e+02 1.982282097065954374e-01 9.012341361693568254e-02 0.000000000000000000e+00 0.000000000000000000e+00 8.074157514337709785e-02 6.945959465017517709e-02
4.300000000000000000e+02 1.106124886199345153e-01 2.087010689936152907e-02 0.000000000000000000e+00 0.000000000000000000e+00 7.065188169047148525e-02 7.350859939974910273e-02
4.350000000000000000e+02 7.495159119439531725e-02 7.880327401288052605e-03 0.000000000000000000e+00 0.000000000000000000e+00 7.729873196146229419e-02 1.137994234166411073e-02
4.400000000000000000e+02 1.489845623727322488e-01 9.077275559935196747e-02 0.000000000000000000e+00 0.000000000000000000e+00 5.941546944355308169e-02 6.768820141372018651e-02
4.450000000000000000e+02 6.940223464447325963e-02 1.346189088901768027e-01 0.000000000000000000e+00 0.000000000000000000e+00 1.180116347117910608e-01 9.022374883323544537e-02
4.500000000000000000e+02 6.108337673082405578e-02 6.188336063116837288e-02 0.000000000000000000e+00 0.000000000000000000e+00 5.101446265144049530e-02 7.945222259931258857e-02
4.550000000000000000e+02 1.831974954353458168e-02 1.725412203777000955e-02 0.000000000000000000e+00 0.000000000000000000e+00 8.601959808380039985e-02 7.507085550039102606e-02
4.600000000000000000e+02 1.853163978910147003e-01 4.665775666972699076e-02 0.000000000000000000e+00 0.000000000000000000e+00 1.127343512959520788e-01 5.248448181917671901e-02
4.650000000000000000e+02 2.030684744678229736e-01 1.334960990144535842e-01 0.000000000000000000e+00 0.000000000000000000e+00 7.492079869006944282e-02 9.320493913716686174e-02
4.700000000000000000e+02 7.283962268066644652e-02 6.007830572632505244e-03 0.000000000000000000e+00 0.000000000000000000e+00 1.067202090599947556e-01 3.640774796974655808e-02
4.750000000000000000e+02 7.829532557628451905e-02 6.865907345929943284e-02 0.000000000000000000e+00 0.000000000000000000e+00 6.435089280119958566e-02 1.044423008794415492e-01
4.800000000000000000e+02 5.650467159224290686e-02 5.349365927622792144e-02 0.000000000000000000e+00 0.000000000000000000e+00 8.134069844263314142e-02 9.689955061024889404e-02
4.850000000000000000e+02 1.432206642744124625e-01 3.588380911881095675e-02 0.000000000000000000e+00 0.000000000000000000e+00 7.617929608526242957e-02 8.552410022886226815e-02
4.900000000000000000e+02 1.523393418532177357e-01 1.658994306275966280e-01 0.000000000000000000e+00 0.000000000000000000e+00 7.345642725891692038e-02 1.047966578771105661e-01
4.950000000000000000e+02 5.067954158083375071e-02 5.692062933158934662e-02 0.000000000000000000e+00 0.000000000000000000e+00 7.884138521858397031e-02 8.010230229487262654e-02
