0.000000000000000000e+00 0.000000000000000000e+00 0.000000000000000000e+00 0.000000000000000000e+00 0.000000000000000000e+00 0.000000000000000000e+00 0.000000000000000000e+00
5.000000000000000000e+00 2.726683304537374508e-01 2.351594293128346780e-01 0.000000000000000000e+00 0.000000000000000000e+00 8.759878747552857226e-02 8.266293572274495405e-02
1.000000000000000000e+01 2.415222769717261797e-01 1.481620188095983115e-01 1.000000000000000000e+00 0.000000000000000000e+00 5.988593624098637741e-02 7.687358339990818523e-02
1.500000000000000000e+01 1.185971924154741453e-01 1.199079065457836907e-01 0.000000000000000000e+00 0.000000000000000000e+00 8.233885729825368704e-02 5.516167753950368402e-02
2.000000000000000000e+01 2.202576935483785137e-01 6.383121857925030951e-02 0.000000000000000000e+00 0.000000000000000000e+00 1.034768914091909880e-01 6.684166920006114065e-02
2.500000000000000000e+01 2.489331784333509989e-01 1.877221891409759646e-01 0.000000000000000000e+00 0.000000000000000000e+00 7.008576696294449571e-02 7.995127141213813349e-02
3.000000000000000000e+01 1.565354515039807937e-01 9.297696241975993148e-02 0.000000000000000000e+00 0.000000000000000000e+00 7.544063931032156389e-02 8.404179757326271649e-02
3.500000000000000000e+01 2.473978245515958130e-01 1.002563413939622922e-01 0.000000000000000000e+00 0.000000000000000000e+00 8.017730441703177502e-02 8.652164475690088397e-02
4.000000000000000000e+01 1.156295174472665305e-01 1.018752270672524662e-01 0.000000000000000000e+00 0.000000000000000000e+00 9.692547804859026617e-02 6.685634607136974050e-02
4.500000000000000000e+01 2.014134248736158261e-01 4.427238663436991462e-02 0.000000000000000000e+00 0.000000000000000000e+00 8.102601184219061781e-02 7.013823166804340759e-02
5.000000000000000000e+01 1.228822022375915812e-01 1.372705886777696952e-03 0.000000000000000000e+00 0.000000000000000000e+00 8.549587579635753443e-02 6.876573898651770766e-02
5.500000000000000000e+01 7.483636766916862415e-02 8.033981737855502847e-02 0.000000000000000000e+00 0.000000000000000000e+00 6.078474646816615229e-02 6.765239474070808279e-02
6.000000000000000000e+01 3.195008532629418085e-01 4.773769301471882109e-02 1.000000000000000000e+00 0.000000000000000000e+00 8.844304091335900009e-02 8.122870625464509442e-02
6.500000000000000000e+01 1.740880438021280563e-01 1.673661545981219552e-03 1.000000000000000000e+00 0.000000000000000000e+00 3.553528502520969523e-02 1.934414497109449710e-03
7.000000000000000000e+01 1.927373989055579107e-01 5.790374948716602022e-02 0.000000000000000000e+00 0.000000000000000000e+00 8.624183940378780944e-02 8.284016713366909590e-02
7.500000000000000000e+01 1.943736409871630877e-01 4.439675200478014616e-02 0.000000000000000000e+00 0.000000000000000000e+00 8.956573612621968050e-02 5.236224236017480993e-02
8.000000000000000000e+01 2.463672070838586470e-01 7.432144928811554307e-02 0.000000000000000000e+00 0.000000000000000000e+00 7.414780132266345081e-02 3.826887873755980413e-02
8.500000000000000000e+01 0.000000000000000000e+00 5.639559782810908695e-02 0.000000000000000000e+00 0.000000000000000000e+00 0.000000000000000000e+00 2.978284752522002837e-02
9.000000000000000000e+01 1.628012659132734852e-01 6.971772702943446198e-02 0.000000000000000000e+00 0.000000000000000000e+00 9.737641529582757860e-02 7.556584933177810937e-02
9.500000000000000000e+01 1.877604728550139879e-01 1.027317036081769885e-01 0.000000000000000000e+00 0.000000000000000000e+00 9.157169617163091191e-02 7.402373159305805639e-02
1.000000000000000000e+02 6.645831963168782885e-02 1.340145856222434984e-01 0.000000000000000000e+00 0.000000000000000000e+00 8.827956615182168398e-02 8.302141254464810716e-02
1.050000000000000000e+02 2.545135914917014963e-01 1.869704504605386175e-01 0.000000000000000000e+00 0.000000000000000000e+00 7.343459889931135132e-02 5.537732821457414661e-02
1.100000000000000000e+02 9.186279179968270814e-02 2.287931047634669812e-01 0.000000000000000000e+00 0.000000000000000000e+00 7.936675285214700448e-02 7.248495042202207639e-02
1.150000000000000000e+02 9.614335097135644215e-02 8.959472611687302468e-02 0.000000000000000000e+00 0.000000000000000000e+00 8.060192088129103372e-02 7.243473471075501102e-02
1.200000000000000000e+02 1.411260913419059571e-01 5.009322815071062113e-02 0.000000000000000000e+00 0.000000000000000000e+00 9.071438601295445103e-02 5.776293460413688824e-02
1.250000000000000000e+02 1.114040026542207629e-01 1.658233393372205711e-01 0.000000000000000000e+00 0.000000000000000000e+00 8.807641899174012412e-02 4.949961933169763628e-02
1.300000000000000000e+02 2.299379496279023716e-01 1.103925221133037204e-01 0.000000000000000000e+00 0.000000000000000000e+00 8.611398707761834526e-02 9.026294107815435730e-02
1.350000000000000000e+02 6.210938594446242800e-02 5.664272555557604838e-02 0.000000000000000000e+00 0.000000000000000000e+00 8.773426486763577503e-02 7.564658394042571288e-02
1.400000000000000000e+02 2.382591375874753281e-01 5.887665467725113067e-02 1.000000000000000000e+00 0.000000000000000000e+00 5.973883897012630118e-02 7.119231212640184103e-02
1.450000000000000000e+02 7.153280527077532369e-02 3.502198970969142705e-02 0.000000000000000000e+00 0.000000000000000000e+00 4.286140325149857822e-02 4.819779691303389957e-02
1.500000000000000000e+02 1.181343568976673808e-01 1.171226144030653310e-01 0.000000000000000000e+00 0.000000000000000000e+00 1.012916942677093007e-01 7.441962315143310636e-02
1.550000000000000000e+02 3.043264170630018972e-01 1.422731542586645470e-01 0.000000000000000000e+00 0.000000000000000000e+00 9.031734824951268004e-02 8.453351775877034069e-02
1.600000000000000000e+02 7.440010129888925683e-02 2.542196729505576402e-01 0.000000000000000000e+00 0.000000000000000000e+00 4.097208451572675880e-02 7.393569187774795548e-02
1.650000000000000000e+02 1.357672336206238728e-01 1.848707151652262126e-01 0.000000000000000000e+00 0.000000000000000000e+00 7.628849572501895937e-02 6.992448802532839902e-02
1.700000000000000000e+02 4.125909220416826978e-02 1.533183496192547790e-01 0.000000000000000000e+00 0.000000000000000000e+00 6.484298213053925342e-02 7.266184964644532840e-02
1.750000000000000000e+02 1.024508506292309828e-01 1.787363817019144430e-01 0.000000000000000000e+00 0.000000000000000000e+00 8.640298069245368195e-02 8.343619946414768118e-02
1.800000000000000000e+02 1.578148172786249803e-01 2.169345981096705567e-01 0.000000000000000000e+00 0.000000000000000000e+00 6.990206176239087410e-02 6.641246827156827015e-02
1.850000000000000000e+02 1.635424610212261043e-01 2.082340230993008634e-01 0.000000000000000000e+00 0.000000000000000000e+00 1.067436453109952138e-01 5.940257197743861739e-02
1.900000000000000000e+02 3.597746689916320878e-02 4.221725248442516343e-02 0.000000000000000000e+00 0.000000000000000000e+00 8.582850846557323055e-02 6.446806450596390126e-02
1.950000000000000000e+02 1.890028552746352009e-01 9.595225305871940558e-02 0.000000000000000000e+00 0.000000000000000000e+00 9.173790123690954423e-02 9.752486881961920651e-02
2.000000000000000000e+02 2.095000029952077125e-01 1.056749811975892933e-01 0.000000000000000000e+00 0.000000000000000000e+00 8.307551930188311617e-02 8.866250562989923256e-02
2.050000000000000000e+02 1.454036019498473054e-01 2.599180896972132573e-02 0.000000000000000000e+00 0.000000000000000000e+00 1.098820066829489933e-01 5.890097251517790317e-02
2.100000000000000000e+02 2.026213770567356909e-01 8.794718393469305728e-03 0.000000000000000000e+00 0.000000000000000000e+00 1.135838473146541933e-01 1.824700164665117239e-02
2.150000000000000000e+02 9.682878163553809703e-02 7.161281666260763124e-02 0.000000000000000000e+00 0.000000000000000000e+00 1.050437730506412759e-01 6.317862949044784904e-02
2.200000000000000000e+02 1.553580160504868524e-01 7.895561139025090991e-02 0.000000000000000000e+00 0.000000000000000000e+00 9.309934152403892549e-02 6.128295472102423397e-02
2.250000000000000000e+02 1.312566829504587806e-01 9.702785008162131963e-02 0.000000000000000000e+00 0.000000000000000000e+00 9.019051800924617057e-02 4.672828494856776788e-02
2.300000000000000000e+02 2.630321607515770377e-01 1.079500052436095370e-01 0.000000000000000000e+00 0.000000000000000000e+00 7.474032237159297654e-02 5.767999204403011920e-02
2.350000000000000000e+02 2.588059254435394196e-01 5.102306626119233052e-02 1.000000000000000000e+00 0.000000000000000000e+00 6.562895029319291973e-02 7.875884385411201227e-02
2.400000000000000000e+02 9.640110248839466045e-02 8.304701350895814238e-02 0.000000000000000000e+00 0.000000000000000000e+00 8.050825339427172822e-02 1.085668349989355325e-01
2.450000000000000000e+02 1.933176245775607704e-01 4.772737132408864935e-02 0.000000000000000000e+00 0.000000000000000000e+00 8.361840136107677457e-02 6.772684608208663637e-02
2.500000000000000000e+02 1.366621041265603242e-01 4.383944749427010068e-02 0.000000000000000000e+00 0.000000000000000000e+00 1.165191592966020040e-01 2.393256972434312443e-02
2.550000000000000000e+02 1.829897563801983762e-01 1.598737438260115773e-01 0.000000000000000000e+00 0.000000000000000000e+00 6.824373873202631280e-02 8.085339039271222106e-02
2.600000000000000000e+02 1.921665847735107013e-01 1.207503759039263436e-01 0.000000000000000000e+00 0.000000000000000000e+00 9.900271968304474868e-02 1.102625240981983806e-01
2.650000000000000000e+02 2.306482421024599605e-01 1.342398609306644786e-01 0.000000000000000000e+00 0.000000000000000000e+00 7.707463607265706285e-02 8.008765225765782092e-02
2.700000000000000000e+02 2.030176800145433447e-01 8.910028339582938550e-02 0.000000000000000000e+00 0.000000000000000000e+00 1.003107935907458365e-01 6.811737496589743979e-02
2.750000000000000000e+02 2.396700748589265795e-01 7.413345970347087754e-02 0.000000000000000000e+00 0.000000000000000000e+00 9.406033955028091087e-02 5.804330599292837484e-02
2.800000000000000000e+02 2.109900815284181663e-01 1.434773822193903016e-02 0.000000000000000000e+00 0.000000000000000000e+00 8.466103325002724556e-02 1.383804588768962514e-02
2.850000000000000000e+02 7.667432466238302546e-02 6.558169000615424182e-02 0.000000000000000000e+00 0.000000000000000000e+00 9.518989613340279876e-02 9.485460673228622575e-02
2.900000000000000000e+02 2.430635461178448919e-01 2.163165463963514015e-02 0.000000000000000000e+00 0.000000000000000000e+00 8.100206449121209740e-02 2.745108658392344039e-02
2.950000000000000000e+02 1.973648358461265739e-01 6.001057074171896322e-02 0.000000000000000000e+00 0.000000000000000000e+00 5.998409054021325987e-02 9.160497616707914681e-02
3.000000000000000000e+02 1.279577528215710969e-01 1.815176912806091072e-03 0.000000000000000000e+00 0.000000000000000000e+00 6.911120851756524797e-02 5.054989393965317150e-03
3.050000000000000000e+02 1.048570637648192916e-01 1.929361243487854455e-02 0.000000000000000000e+00 0.000000000000000000e+00 9.535723734256519590e-02 5.440617360790912793e-02
3.100000000000000000e+02 1.637114903471530991e-01 2.697714519467176667e-03 0.000000000000000000e+00 0.000000000000000000e+00 9.817945890519325092e-02 2.197174169460989600e-03
3.150000000000000000e+02 1.282780532444865451e-01 0.000000000000000000e+00 0.000000000000000000e+00 0.000000000000000000e+00 6.619416650348480813e-02 0.000000000000000000e+00
3.200000000000000000e+02 3.413124479880811496e-02 8.860892375347487193e-02 0.000000000000000000e+00 0.000000000000000000e+00 7.439056649289754741e-02 7.329777654624078376e-02
3.250000000000000000e+02 1.720871023733109850e-01 7.578925141463233039e-02 0.000000000000000000e+00 0.000000000000000000e+00 7.990585185475421182e-02 9.167751235002921661e-02
3.300000000000000000e+02 1.527642240716287625e-01 1.167792319768975670e-02 0.000000000000000000e+00 0.000000000000000000e+00 1.007394387497623917e-01 3.775772528702135700e-02
3.350000000000000000e+02 1.905121963638156946e-01 2.224675026882251549e-02 0.000000000000000000e+00 0.000000000000000000e+00 6.549943102361702185e-02 7.099938107108791363e-02
3.400000000000000000e+02 4.780277316471656483e-03 1.396516436018711560e-01 0.000000000000000000e+00 0.000000000000000000e+00 6.962514986604687039e-02 7.601288952204504623e-02
3.450000000000000000e+02 2.405742530674829793e-01 1.421738410594902413e-01 0.000000000000000000e+00 0.000000000000000000e+00 1.041464640835377126e-01 9.220770419516562122e-02
3.500000000000000000e+02 2.366616153428385272e-01 9.519222033101938651e-02 0.000000000000000000e+00 0.000000000000000000e+00 9.722854560729000950e-02 6.684503093808168150e-02
3.550000000000000000e+02 1.748688490137223495e-01 5.288744001007243678e-02 0.000000000000000000e+00 0.000000000000000000e+00 7.830123897344783146e-02 4.297199075414824543e-02
3.600000000000000000e+02 2.222319937459777128e-01 2.332069959153387079e-02 0.000000000000000000e+00 0.000000000000000000e+00 7.540064831961515446e-02 9.177389503884839095e-02
3.650000000000000000e+02 2.514556500856481303e-01 1.449242664535209304e-03 0.000000000000000000e+00 0.000000000000000000e+00 1.074406275978665587e-01 1.852336417574548810e-02
3.700000000000000000e+02 2.388227939766534580e-01 1.611171012297158978e-01 0.000000000000000000e+00 0.000000000000000000e+00 7.913403781828445838e-02 6.893852000072676900e-02
3.750000000000000000e+02 3.835059687925289340e-02 2.936171205018604444e-02 0.000000000000000000e+00 0.000000000000000000e+00 7.717187909351649888e-02 8.030158599765334360e-02
3.800000000000000000e+02 1.522710719923476286e-01 6.742966146934166460e-02 0.000000000000000000e+00 0.000000000000000000e+00 5.795004588391470396e-02 3.985170325113331774e-02
3.850000000000000000e+02 2.415389690833561753e-01 2.111822413126523412e-01 0.000000000000000000e+00 0.000000000000000000e+00 1.081059652635453505e-01 6.493264364322458293e-02
3.900000000000000000e+02 1.565474064774448615e-01 2.678532796574000646e-02 0.000000000000000000e+00 0.000000000000000000e+00 8.778723148410558230e-02 5.669646389929167141e-02
3.950000000000000000e+02 4.433093141631382073e-02 1.033336552244968481e-01 0.000000000000000000e+00 0.000000000000000000e+00 8.558956886071507342e-02 3.600450671698000177e-02
4.000000000000000000e+02 1.457692127432843043e-01 2.254069651307108457e-01 0.000000000000000000e+00 0.000000000000000000e+00 8.892909241327616454e-02 9.078115933538011273e-02
4.050000000000000000e+02 1.616853198072540632e-01 7.756162649224571104e-02 0.000000000000000000e+00 0.000000000000000000e+00 9.900681462986249404e-02 8.318875645847055578e-02
4.100000000000000000e+02 1.472375763793150605e-01 5.122902298549043831e-02 0.000000000000000000e+00 0.000000000000000000e+00 5.940851263005773875e-02 8.059917922007640845e-02
4.150000000000000000e+02 6.203362413167936087e-03 8.786638680291344872e-02 0.000000000000000000e+00 0.000000000000000000e+00 3.680752053424652098e-03 7.174054731820556086e-02
4.200000000000000000e+02 1.118313628248505942e-01 5.342157292119995710e-02 0.000000000000000000e+00 0.000000000000000000e+00 7.378271478489471791e-02 6.948954067284467129e-02
4.250000000000000000e+02 1.094432811558792851e-01 1.209878130363559040e-01 0.000000000000000000e+00 0.000000000000000000e+00 8.038844888813004297e-02 8.345976278929775893e-02
4.300000000000000000e+02 2.280158892774904883e-02 0.000000000000000000e+00 0.000000000000000000e+00 0.000000000000000000e+00 8.917613419398941199e-02 0.000000000000000000e+00
4.350000000000000000e+02 4.514749625850376230e-02 1.910647807214322421e-03 0.000000000000000000e+00 0.000000000000000000e+00 8.535375553419738415e-02 6.710580916516485812e-03
4.400000000000000000e+02 1.020318821864639042e-01 8.024344748284372927e-03 0.000000000000000000e+00 0.000000000000000000e+00 8.050099873128213623e-02 6.772682671265582537e-03
4.450000000000000000e+02 1.084388976666046667e-01 3.163675713630860475e-02 0.000000000000000000e+00 0.000000000000000000e+00 6.484714581722694771e-02 6.752800925843847890e-02
4.500000000000000000e+02 1.865476784264236965e-01 7.981959168996166643e-02 0.000000000000000000e+00 0.000000000000000000e+00 6.819694563499015261e-02 6.891188272240200696e-02
4.550000000000000000e+02 2.401094607740236753e-02 3.776944416364517304e-02 0.000000000000000000e+00 0.000000000000000000e+00 9.247595980224940226e-02 4.396464990723154137e-02
4.600000000000000000e+02 1.817958851589777242e-02 1.515658908126220729e-03 0.000000000000000000e+00 0.000000000000000000e+00 5.527746189602825155e-02 5.502143373580370769e-03
4.650000000000000000e+02 1.655674576861902725e-01 1.251157757445597596e-01 0.000000000000000000e+00 0.000000000000000000e+00 9.966123044473378101e-02 8.231563640532726933e-02
4.700000000000000000e+02 3.895550398726377230e-03 1.260823688994414660e-01 0.000000000000000000e+00 0.000000000000000000e+00 7.598683221164702351e-02 8.881255527864609367e-02
4.750000000000000000e+02 1.079200967026775759e-01 1.276142773732364954e-01 0.000000000000000000e+00 0.000000000000000000e+00 1.169920809344147938e-01 9.021215209296525039e-02
4.800000000000000000e+02 1.204177639763814034e-01 1.966656663255092752e-01 0.000000000000000000e+00 0.000000000000000000e+00 1.066225812357949193e-01 9.044722910475370969e-02
4.850000000000000000e+02 7.289309601548188411e-02 4.851614660585520239e-02 0.000000000000000000e+00 0.000000000000000000e+00 7.501169902708107462e-02 7.937288719853087537e-02
4.900000000000000000e+02 2.229060583171516008e-01 1.172869801689001568e-01 1.000000000000000000e+00 0.000000000000000000e+00 6.005956053804664685e-02 1.036546517178183885e-01
4.950000000000000000e+02 1.841426002499512229e-02 1.545181612522934268e-02 0.000000000000000000e+00 0.000000000000000000e+00 7.213090147052446388e-02 5.753831198757391671e-03
