0.000000000000000000e+00 0.000000000000000000e+00 0.000000000000000000e+00 0.000000000000000000e+00 0.000000000000000000e+00 0.000000000000000000e+00 0.000000000000000000e+00
5.000000000000000000e+00 2.261487427681358464e-01 4.073467866770944523e-01 0.000000000000000000e+00 0.000000000000000000e+00 1.094388630132080709e-01 1.308649722700297169e-01
1.000000000000000000e+01 2.603691797288023024e-01 3.957871913196403524e-01 0.000000000000000000e+00 0.000000000000000000e+00 8.605309231528851521e-02 1.224676093887453604e-01
1.500000000000000000e+01 1.349729072379400319e-01 3.858655739666793649e-01 0.000000000000000000e+00 0.000000000000000000e+00 8.480313993450569465e-02 1.529033024036787203e-01
2.000000000000000000e+01 1.466456571538767018e-01 3.016216751378409389e-01 0.000000000000000000e+00 0.000000000000000000e+00 5.620185531558717640e-02 1.637957856643637855e-01
2.500000000000000000e+01 2.784124884536213207e-01 2.860676627726545518e-01 0.000000000000000000e+00 0.000000000000000000e+00 8.537019245915318522e-02 1.758315780100399572e-01
3.000000000000000000e+01 1.796992717803703454e-01 3.210350975713585631e-01 0.000000000000000000e+00 0.000000000000000000e+00 7.361891816564629376e-02 1.173320814812378043e-01
3.500000000000000000e+01 1.695556749359777293e-01 2.100693902854924855e-01 0.000000000000000000e+00 0.000000000000000000e+00 8.014167917967444932e-02 1.449061039154620201e-01
4.000000000000000000e+01 2.312735263666906016e-01 2.750375391788251744e-01 0.000000000000000000e+00 0.000000000000000000e+00 7.968286271902433326e-02 1.859695603336801450e-01
4.500000000000000000e+01 2.656130384021278545e-01 3.301608784830005194e-01 1.000000000000000000e+00 0.000000000000000000e+00 7.215545186474844885e-02 1.651350453839482979e-01
5.000000000000000000e+01 1.741917637686015707e-01 2.787028137380694881e-01 0.000000000000000000e+00 0.000000000000000000e+00 9.738377299389605612e-02 1.891356599380763504e-01
5.500000000000000000e+01 9.725685920911963933e-02 3.196481831198209056e-01 0.000000000000000000e+00 0.000000000000000000e+00 7.235407818283376424e-02 2.139166567988163847e-01
6.000000000000000000e+01 1.326302536532708576e-01 3.200652808239571878e-01 0.000000000000000000e+00 0.000000000000000000e+00 7.804221441020423033e-02 2.011996973851389314e-01
6.500000000000000000e+01 1.271026067134170545e-01 3.527764960426638119e-01 0.000000000000000000e+00 0.000000000000000000e+00 6.602444002623178432e-02 1.620234621306888556e-01
7.000000000000000000e+01 2.113359203794633601e-01 3.465064309499232276e-01 0.000000000000000000e+00 0.000000000000000000e+00 7.856652985328066441e-02 1.909849501512451142e-01
7.500000000000000000e+01 2.176508498346301779e-01 3.790904535942645759e-01 0.000000000000000000e+00 0.000000000000000000e+00 8.006682768612365109e-02 1.814458986962427245e-01
8.000000000000000000e+01 9.143627142222995885e-02 3.828739706286756195e-01 0.000000000000000000e+00 0.000000000000000000e+00 8.742125170040107585e-02 2.028559743940069604e-01
8.500000000000000000e+01 1.809591695356286833e-01 3.928520056268749450e-01 0.000000000000000000e+00 0.000000000000000000e+00 1.170197564131812556e-01 1.960481473953925025e-01
9.000000000000000000e+01 8.657505974383909730e-02 4.063379393384513594e-01 0.000000000000000000e+00 0.000000000000000000e+00 5.791325571184686993e-02 1.682748243298722857e-01
9.500000000000000000e+01 1.772585435809678200e-01 3.986614263500243283e-01 0.000000000000000000e+00 0.000000000000000000e+00 8.698404592570126159e-02 1.921387255264944971e-01
1.000000000000000000e+02 2.673847049790226138e-01 3.616391163987833224e-01 0.000000000000000000e+00 0.000000000000000000e+00 7.737050900346850724e-02 1.876087644193168147e-01
1.050000000000000000e+02 1.580789541521850361e-01 3.452062656922464390e-01 0.000000000000000000e+00 0.000000000000000000e+00 7.749944160338752275e-02 1.698670879499328268e-01
1.100000000000000000e+02 7.181763462495660555e-02 4.192563013734552091e-01 0.000000000000000000e+00 0.000000000000000000e+00 1.055837850005179046e-01 2.037024236281553269e-01
1.150000000000000000e+02 1.477563383071079650e-01 3.949374334744432113e-01 0.000000000000000000e+00 0.000000000000000000e+00 8.363527576117305018e-02 1.911909278937366785e-01
1.200000000000000000e+02 6.501437245844858548e-02 5.266947237505389401e-01 0.000000000000000000e+00 0.000000000000000000e+00 6.116527135109622176e-02 1.900757122446935510e-01
1.250000000000000000e+02 1.400863377494664663e-01 4.752379643640923801e-01 0.000000000000000000e+00 0.000000000000000000e+00 6.190411272729753889e-02 1.728213595854961315e-01
1.300000000000000000e+02 1.140464062073800883e-01 3.729469089787484926e-01 0.000000000000000000e+00 0.000000000000000000e+00 8.519942562875459924e-02 2.184234728685765792e-01
1.350000000000000000e+02 1.899036158134805724e-02 4.867080138117655386e-01 0.000000000000000000e+00 0.000000000000000000e+00 1.002412139980636829e-01 1.831967737458644885e-01
1.400000000000000000e+02 5.698706982499415069e-02 3.648241826626764661e-01 0.000000000000000000e+00 0.000000000000000000e+00 7.364178583045830062e-02 2.173474743751851734e-01
1.450000000000000000e+02 2.144867678601417860e-01 4.259513317546903544e-01 0.000000000000000000e+00 0.000000000000000000e+00 7.487556213960283591e-02 1.847696186975624766e-01
1.500000000000000000e+02 9.903996910621257199e-02 3.945763368978666974e-01 0.000000000000000000e+00 0.000000000000000000e+00 8.181271445820272048e-02 1.917885428552414395e-01
1.550000000000000000e+02 2.124234160639795754e-01 4.511973910470049587e-01 0.000000000000000000e+00 0.000000000000000000e+00 8.603732284604387326e-02 1.809184377751559825e-01
1.600000000000000000e+02 1.647194963023748959e-01 3.402133582409724299e-01 0.000000000000000000e+00 0.000000000000000000e+00 8.503458473141788099e-02 1.786633444050687303e-01
1.650000000000000000e+02 2.431676882791041494e-01 3.679241730594221549e-01 0.000000000000000000e+00 0.000000000000000000e+00 1.201922166772162043e-01 1.733857917232354828e-01
1.700000000000000000e+02 2.413722203611536055e-01 3.684524022643188013e-01 0.000000000000000000e+00 0.000000000000000000e+00 1.010189414123558865e-01 1.810330851073903569e-01
1.750000000000000000e+02 1.552236056301571909e-01 3.389974642221305623e-01 0.000000000000000000e+00 0.000000000000000000e+00 1.154994276754523347e-01 2.004493584996399902e-01
1.800000000000000000e+02 2.566810494795868647e-01 3.672533764790434918e-01 0.000000000000000000e+00 0.000000000000000000e+00 8.365400739898212756e-02 2.229036737219674547e-01
1.850000000000000000e+02 1.611387465744759384e-01 4.723452555143811127e-01 0.000000000000000000e+00 0.000000000000000000e+00 9.633924308815208781e-02 2.105015255174896849e-01
1.900000000000000000e+02 1.446191163008240799e-01 3.449498658477030966e-01 0.000000000000000000e+00 0.000000000000000000e+00 1.061757600574580601e-01 1.880775594280562624e-01
1.950000000000000000e+02 9.013124668940200590e-02 4.630819424626394509e-01 0.000000000000000000e+00 0.000000000000000000e+00 1.313320144131118472e-01 1.836309357957367772e-01
2.000000000000000000e+02 1.079585363165059125e-01 4.773582258096673026e-01 0.000000000000000000e+00 0.000000000000000000e+00 6.910910368825165517e-02 2.030673121975054840e-01
2.050000000000000000e+02 2.127162109661882849e-02 2.934761579592817804e-01 0.000000000000000000e+00 0.000000000000000000e+00 1.153025037910082179e-01 1.787347219791519115e-01
2.100000000000000000e+02 2.058492742457125879e-01 3.767489229354852309e-01 0.000000000000000000e+00 0.000000000000000000e+00 9.867826300163155817e-02 2.236005102266337696e-01
2.150000000000000000e+02 1.500070384807167811e-01 4.035864479187728504e-01 0.000000000000000000e+00 0.000000000000000000e+00 9.545775983116686070e-02 1.896220081561190984e-01
2.200000000000000000e+02 2.347470057554179590e-01 3.971280079391548701e-01 0.000000000000000000e+00 0.000000000000000000e+00 9.588187359259109366e-02 1.894159424216024512e-01
2.250000000000000000e+02 1.883431402608016780e-01 3.419083223704285635e-01 0.000000000000000000e+00 0.000000000000000000e+00 5.541723070860581080e-02 1.873455944380956473e-01
2.300000000000000000e+02 1.539323996295742236e-01 3.159875675204094625e-01 0.000000000000000000e+00 0.000000000000000000e+00 9.974695072832739928e-02 1.719879070938412635e-01
2.350000000000000000e+02 1.620997018178687576e-01 3.784805138512798428e-01 0.000000000000000000e+00 0.000000000000000000e+00 1.140139434718890205e-01 1.434469673029523940e-01
2.400000000000000000e+02 3.513258576748114898e-02 3.362570551594833423e-01 0.000000000000000000e+00 0.000000000000000000e+00 9.554780081286601279e-02 1.987675449892084278e-01
2.450000000000000000e+02 1.529292543125175818e-01 2.802295855600875352e-01 0.000000000000000000e+00 0.000000000000000000e+00 9.869016932136485953e-02 1.585848549667435436e-01
2.500000000000000000e+02 2.728454527507918614e-01 2.190539009365423395e-01 0.000000000000000000e+00 0.000000000000000000e+00 1.203555710693074848e-01 1.896524579200796756e-01
2.550000000000000000e+02 2.080156413942474136e-01 3.427470600041404025e-01 0.000000000000000000e+00 0.000000000000000000e+00 1.109856872846522596e-01 1.957117900578783931e-01
2.600000000000000000e+02 1.509862730905121853e-01 4.000551735475590398e-01 0.000000000000000000e+00 0.000000000000000000e+00 9.856536069459467808e-02 2.000616483691863567e-01
2.650000000000000000e+02 3.250513581850886236e-01 4.933864679707082312e-01 1.000000000000000000e+00 0.000000000000000000e+00 8.236660858609586022e-02 1.687588076873631771e-01
2.700000000000000000e+02 1.189606904791275649e-01 3.641154079834095780e-01 0.000000000000000000e+00 0.000000000000000000e+00 1.118435081459815683e-01 1.599255088873951514e-01
2.750000000000000000e+02 1.214173946085933958e-01 3.985332825747146535e-01 0.000000000000000000e+00 0.000000000000000000e+00 7.937661009734675588e-02 1.893508878793179195e-01
2.800000000000000000e+02 2.010650281401790418e-01 3.674121418227717650e-01 0.000000000000000000e+00 0.000000000000000000e+00 9.115850263927258168e-02 1.769692178119868786e-01
2.850000000000000000e+02 1.285871155964189438e-01 3.214980579719277642e-01 0.000000000000000000e+00 0.000000000000000000e+00 1.073536514978310485e-01 1.815533970804251718e-01
2.900000000000000000e+02 1.445536548075336269e-01 3.635316785687262575e-01 0.000000000000000000e+00 0.000000000000000000e+00 1.107876051621539265e-01 1.608529102110198561e-01
2.950000000000000000e+02 1.948891004899808155e-01 2.919312162634669083e-01 0.000000000000000000e+00 0.000000000000000000e+00 1.049860801379436936e-01 1.907224976714922693e-01
3.000000000000000000e+02 1.109224743692607540e-01 2.891096915222681196e-01 0.000000000000000000e+00 0.000000000000000000e+00 1.102263822549641309e-01 1.763182940129971454e-01
3.050000000000000000e+02 1.689010511851410379e-01 3.616206505198845678e-01 0.000000000000000000e+00 0.000000000000000000e+00 7.506268272127686325e-02 1.680406292346268426e-01
3.100000000000000000e+02 1.199222223227588840e-01 2.922948817792268006e-01 0.000000000000000000e+00 0.000000000000000000e+00 1.140135324540416661e-01 1.750017597486821508e-01
3.150000000000000000e+02 1.051315081908994059e-01 2.557591485254265828e-01 0.000000000000000000e+00 0.000000000000000000e+00 8.415581166982161188e-02 1.540288730817898077e-01
3.200000000000000000e+02 2.668503678218240860e-01 3.462965330102680817e-01 1.000000000000000000e+00 0.000000000000000000e+00 7.336910082357393781e-02 1.285607435922316577e-01
3.250000000000000000e+02 1.753048750540261991e-01 3.145591106535687853e-01 0.000000000000000000e+00 0.000000000000000000e+00 7.240629206286618158e-02 1.547148063830338094e-01
3.300000000000000000e+02 1.691184099164302623e-01 2.483510942483832529e-01 0.000000000000000000e+00 0.000000000000000000e+00 9.140351620940538602e-02 1.181123919115549814e-01
3.350000000000000000e+02 2.356081197716390907e-01 2.995577261901284927e-01 0.000000000000000000e+00 0.000000000000000000e+00 7.883759363854056512e-02 1.523841907715521027e-01
3.400000000000000000e+02 1.753237815605892258e-01 3.575889600465556040e-01 0.000000000000000000e+00 0.000000000000000000e+00 9.841931641900095173e-02 1.621719241647356369e-01
3.450000000000000000e+02 4.429068689661395247e-02 3.618289334035066362e-01 0.000000000000000000e+00 0.000000000000000000e+00 5.919852267916712180e-02 1.817683294450247178e-01
3.500000000000000000e+02 1.601998484716592175e-01 2.860315863389885083e-01 0.000000000000000000e+00 0.000000000000000000e+00 8.032424964296529246e-02 1.393251036790310871e-01
3.550000000000000000e+02 2.053924648675782838e-01 2.604724826654931658e-01 0.000000000000000000e+00 0.000000000000000000e+00 7.986077389337059573e-02 1.703097955628128102e-01
3.600000000000000000e+02 6.892089979607014805e-02 2.290252088690420407e-01 0.000000000000000000e+00 0.000000000000000000e+00 3.969686658977412269e-02 1.781718632835821714e-01
3.650000000000000000e+02 2.090872489306175586e-01 2.302592633911118014e-01 0.000000000000000000e+00 0.000000000000000000e+00 6.684751676805213150e-02 1.112241604259421174e-01
3.700000000000000000e+02 1.977878525454891956e-01 3.208778689968178055e-01 0.000000000000000000e+00 0.000000000000000000e+00 1.016009608121075103e-01 1.462901475333966417e-01
3.750000000000000000e+02 1.589371586058483943e-01 2.805611287575491275e-01 0.000000000000000000e+00 0.000000000000000000e+00 9.591947237647127644e-02 1.380102953722963099e-01
3.800000000000000000e+02 8.972189189151817679e-02 2.961607352109285607e-01 0.000000000000000000e+00 0.000000000000000000e+00 4.744820918131503751e-02 1.625920846620322047e-01
3.850000000000000000e+02 1.562401689999270427e-01 3.242877478007199499e-01 0.000000000000000000e+00 0.000000000000000000e+00 7.357162752835744168e-02 1.447321941144441571e-01
3.900000000000000000e+02 1.919347495997590913e-01 2.634815734821519539e-01 0.000000000000000000e+00 0.000000000000000000e+00 1.005625767359058509e-01 1.479520696567847571e-01
3.950000000000000000e+02 2.048623743213481563e-01 2.930938877622390470e-01 0.000000000000000000e+00 0.000000000000000000e+00 9.339639193279859752e-02 9.709247712725550816e-02
4.000000000000000000e+02 1.233334957527007780e-01 3.715160406583232766e-01 0.000000000000000000e+00 0.000000000000000000e+00 1.195486561344912962e-01 1.084020218244609451e-01
4.050000000000000000e+02 1.483305792120818700e-01 2.193092201269550290e-01 0.000000000000000000e+00 0.000000000000000000e+00 8.999383269041180688e-02 1.608995036657463185e-01
4.100000000000000000e+02 2.781055652572025361e-01 3.205984261174782413e-01 0.000000000000000000e+00 0.000000000000000000e+00 1.133330537917670855e-01 1.568963335252442359e-01
4.150000000000000000e+02 9.811310480786081256e-02 2.130393126149923988e-01 0.000000000000000000e+00 0.000000000000000000e+00 5.028752598715093697e-02 1.674733392705066715e-01
4.200000000000000000e+02 1.553339838564494202e-01 2.905695645903921265e-01 0.000000000000000000e+00 0.000000000000000000e+00 7.166994501316180377e-02 2.108752650067798884e-01
4.250000000000000000e+02 1.870412275426006909e-01 2.780839282921910849e-01 0.000000000000000000e+00 0.000000000000000000e+00 8.222878342693822062e-02 1.862289753337550979e-01
4.300000000000000000e+02 2.319097895591569480e-01 1.768632083497890806e-01 0.000000000000000000e+00 0.000000000000000000e+00 7.849482046050007544e-02 1.315160974827373208e-01
4.350000000000000000e+02 1.829412520751315108e-01 2.777168642892260952e-01 0.000000000000000000e+00 0.000000000000000000e+00 8.989586175342700880e-02 1.473230427542068510e-01
4.400000000000000000e+02 2.360900940392515052e-02 1.679232226985037935e-01 0.000000000000000000e+00 0.000000000000000000e+00 1.037891526346030879e-01 1.104834713087089748e-01
4.450000000000000000e+02 1.855992730385637723e-01 2.014440865280150705e-01 0.000000000000000000e+00 0.000000000000000000e+00 8.915969256121683562e-02 1.643567672885164477e-01
4.500000000000000000e+02 8.986288788468825561e-02 1.740309574248576630e-01 0.000000000000000000e+00 0.000000000000000000e+00 7.522777881630655916e-02 1.499492327811404180e-01
4.550000000000000000e+02 1.768727920575079993e-01 1.626077444039019104e-01 0.000000000000000000e+00 0.000000000000000000e+00 9.505655753331983260e-02 1.420221253524588667e-01
4.600000000000000000e+02 1.527185375505915599e-01 1.245437699423608963e-01 0.000000000000000000e+00 0.000000000000000000e+00 9.637720093336581140e-02 1.276818682117863979e-01
4.650000000000000000e+02 1.112192667613141894e-01 2.081386464490765920e-01 0.000000000000000000e+00 0.000000000000000000e+00 9.264007250785959158e-02 1.555793110074422392e-01
4.700000000000000000e+02 2.339616862860893209e-01 2.896399669564470591e-01 0.000000000000000000e+00 0.000000000000000000e+00 8.436050868614732023e-02 1.502007291815059542e-01
4.750000000000000000e+02 2.250229805178179665e-01 2.993448270411273038e-01 0.000000000000000000e+00 0.000000000000000000e+00 1.106345829959867882e-01 1.436475451703175255e-01
4.800000000000000000e+02 1.585119161208078109e-01 1.987829402616952401e-01 0.000000000000000000e+00 0.000000000000000000e+00 6.985211501416462021e-02 9.583328041717176227e-02
4.850000000000000000e+02 1.362325267541470430e-01 2.966273966701271636e-01 0.000000000000000000e+00 0.000000000000000000e+00 8.945582875162187697e-02 1.546384375358280383e-01
4.900000000000000000e+02 1.062713545996855496e-01 3.229805380660500380e-01 0.000000000000000000e+00 0.000000000000000000e+00 1.000335904818330790e-01 1.513097292734308652e-01
4.950000000000000000e+02 4.973427922822605540e-02 2.323451323776479782e-01 0.000000000000000000e+00 0.000000000000000000e+00 9.450353266348407444e-02 1.449060146805844496e-01
