0.000000000000000000e+00 0.000000000000000000e+00 0.000000000000000000e+00 0.000000000000000000e+00 0.000000000000000000e+00 0.000000000000000000e+00 0.000000000000000000e+00
5.000000000000000000e+00 1.739500145788145602e+00 1.304433788088477542e+00 1.000000000000000000e+00 1.000000000000000000e+00 9.925183474385566862e-02 1.262830882445870329e-01
1.000000000000000000e+01 1.350468704770512174e+00 1.048791559874154622e+00 1.000000000000000000e+00 1.000000000000000000e+00 1.503252772381394597e-01 1.305772385094299548e-01
1.500000000000000000e+01 1.267555856449368301e+00 1.110255430187215619e+00 1.000000000000000000e+00 1.000000000000000000e+00 1.302856626407883911e-01 1.514025792461446140e-01
2.000000000000000000e+01 1.153379372705758410e+00 1.007970401831282725e+00 1.000000000000000000e+00 1.000000000000000000e+00 1.043310720398394897e-01 1.255323932461215874e-01
2.500000000000000000e+01 1.194662724172034896e+00 9.772639111907091003e-01 1.000000000000000000e+00 1.000000000000000000e+00 1.423792529653408745e-01 1.413905860706922424e-01
3.000000000000000000e+01 9.791932366774025454e-01 8.133572801191439883e-01 1.000000000000000000e+00 1.000000000000000000e+00 1.215027307745686347e-01 9.013387474668657640e-02
3.500000000000000000e+01 7.950740744294066964e-01 6.119189777385792839e-01 1.000000000000000000e+00 1.000000000000000000e+00 1.022104684216069564e-01 9.380510086916654666e-02
4.000000000000000000e+01 7.631951236426491869e-01 5.340526293888961940e-01 1.000000000000000000e+00 1.000000000000000000e+00 9.100873643859044848e-02 6.949569116339499031e-02
4.500000000000000000e+01 6.995080289529675976e-01 4.266439425232925187e-01 1.000000000000000000e+00 1.000000000000000000e+00 1.032790129131512108e-01 8.142429846294359230e-02
5.000000000000000000e+01 7.469897905175468811e-01 5.501206214098657288e-01 1.000000000000000000e+00 1.000000000000000000e+00 7.855903741940505058e-02 1.031158007296923973e-01
5.500000000000000000e+01 5.590976696282264902e-01 4.407604691692116883e-01 1.000000000000000000e+00 1.000000000000000000e+00 8.792291453113020017e-02 1.041318021053706244e-01
6.000000000000000000e+01 6.029018588273543644e-01 4.268977370118881010e-01 1.000000000000000000e+00 1.000000000000000000e+00 9.309269533112499162e-02 9.078392084529471329e-02
6.500000000000000000e+01 6.105301868592784009e-01 4.060156063820827832e-01 1.000000000000000000e+00 1.000000000000000000e+00 1.025754860067155105e-01 9.890980154800194102e-02
7.000000000000000000e+01 4.163697822190678410e-01 3.976317903284682931e-01 1.000000000000000000e+00 1.000000000000000000e+00 9.407626094156219809e-02 8.492989645083486028e-02
7.500000000000000000e+01 4.130747176043222391e-01 3.437973077866823823e-01 0.000000000000000000e+00 1.000000000000000000e+00 1.193174160153257363e-01 8.250555566619506564e-02
8.000000000000000000e+01 3.247116974025782143e-01 4.216272174163094855e-01 0.000000000000000000e+00 1.000000000000000000e+00 1.092148723134158256e-01 6.799377511408155605e-02
8.500000000000000000e+01 3.739708432871125532e-01 4.349872255274270794e-01 0.000000000000000000e+00 0.000000000000000000e+00 1.072059788039065459e-01 1.335914346862998037e-01
9.000000000000000000e+01 3.092053123751150046e-01 3.647596378200944622e-01 0.000000000000000000e+00 1.000000000000000000e+00 9.808722170699343823e-02 8.517575617279292410e-02
9.500000000000000000e+01 5.315784572957678034e-01 3.716806482272733692e-01 1.000000000000000000e+00 1.000000000000000000e+00 1.376066244590550269e-01 7.804853954540888483e-02
1.000000000000000000e+02 3.583346983333907665e-01 3.724552799829486394e-01 1.000000000000000000e+00 1.000000000000000000e+00 9.803027656068931395e-02 8.799834863383569628e-02
1.050000000000000000e+02 4.311561859594128521e-01 4.022133966701025853e-01 1.000000000000000000e+00 1.000000000000000000e+00 9.171511989192104863e-02 1.006291618717866793e-01
1.100000000000000000e+02 1.291443318128291662e-01 4.591769659897125822e-01 0.000000000000000000e+00 1.000000000000000000e+00 8.789745249984481923e-02 8.460914707919352240e-02
1.150000000000000000e+02 1.722882388125779873e-01 3.750420240735049537e-01 1.000000000000000000e+00 1.000000000000000000e+00 4.574594549520583087e-02 9.443617588025915444e-02
1.200000000000000000e+02 3.153876792647084537e-01 2.695665494673080143e-01 0.000000000000000000e+00 0.000000000000000000e+00 9.147948208237717538e-02 1.083569938048123266e-01
1.250000000000000000e+02 3.045767912753099549e-01 3.619580034220560849e-01 1.000000000000000000e+00 1.000000000000000000e+00 8.336037232563926758e-02 8.778652167588472943e-02
1.300000000000000000e+02 3.443921930427926714e-01 2.384698559314673838e-01 0.000000000000000000e+00 0.000000000000000000e+00 9.659816140162783005e-02 9.207387143086510906e-02
1.350000000000000000e+02 2.917538476348003895e-01 2.730261355442745730e-01 0.000000000000000000e+00 0.000000000000000000e+00 9.613731496935015719e-02 1.024295197445310029e-01
1.400000000000000000e+02 3.473096046843135443e-01 2.298090868565620393e-01 0.000000000000000000e+00 0.000000000000000000e+00 1.056298634369871731e-01 6.620661189064448726e-02
1.450000000000000000e+02 2.256207823626782683e-01 2.320899659417730854e-01 0.000000000000000000e+00 0.000000000000000000e+00 8.835222210961700406e-02 8.939098624316621500e-02
1.500000000000000000e+02 1.634488353890847234e-01 2.172102101529939655e-01 0.000000000000000000e+00 0.000000000000000000e+00 1.055638079786959810e-01 9.006195080915073425e-02
1.550000000000000000e+02 3.730454609982737368e-01 3.311697348710039845e-01 1.000000000000000000e+00 0.000000000000000000e+00 9.726031549372884943e-02 9.795282048356476756e-02
1.600000000000000000e+02 4.444883494672297597e-01 2.240424458765807592e-01 1.000000000000000000e+00 0.000000000000000000e+00 9.114488324728255153e-02 1.193894661310211658e-01
1.650000000000000000e+02 3.525102330465517686e-01 3.137250987865934926e-01 0.000000000000000000e+00 0.000000000000000000e+00 1.038757486965922877e-01 8.770986445800765807e-02
1.700000000000000000e+02 2.049212767934447399e-01 2.557319341307510152e-01 0.000000000000000000e+00 0.000000000000000000e+00 9.163259201097939677e-02 9.612456539044161863e-02
1.750000000000000000e+02 3.375278186818146953e-01 2.011408296968178466e-01 1.000000000000000000e+00 0.000000000000000000e+00 6.947899418228663249e-02 7.485373887003632376e-02
1.800000000000000000e+02 2.661156423373902680e-01 2.112736522543900153e-01 0.000000000000000000e+00 0.000000000000000000e+00 1.112175399989042412e-01 6.693435297861374811e-02
1.850000000000000000e+02 2.607820976829348103e-01 2.725511453134435991e-01 0.000000000000000000e+00 1.000000000000000000e+00 8.183444281660401387e-02 5.526998642136558837e-02
1.900000000000000000e+02 1.384460660105445717e-01 1.989837602608330314e-01 0.000000000000000000e+00 0.000000000000000000e+00 7.957003806958928838e-02 7.755920289363128772e-02
1.950000000000000000e+02 3.395054303016928343e-01 2.439965853569776577e-01 1.000000000000000000e+00 0.000000000000000000e+00 9.360650725684503681e-02 9.577096304542186134e-02
2.000000000000000000e+02 2.105745480126718916e-01 2.777797564892067195e-01 0.000000000000000000e+00 0.000000000000000000e+00 8.064055184458883418e-02 8.132758660990176136e-02
2.050000000000000000e+02 3.325089366720579420e-01 1.676489143332363096e-01 1.000000000000000000e+00 0.000000000000000000e+00 8.679799148954603361e-02 1.115570551084181516e-01
2.100000000000000000e+02 1.631446037118844949e-01 1.407078961621182622e-01 0.000000000000000000e+00 0.000000000000000000e+00 1.182049279288566596e-01 6.945201821297609934e-02
2.150000000000000000e+02 1.766386003516985104e-01 2.901901505795608793e-01 0.000000000000000000e+00 0.000000000000000000e+00 9.317841327484577274e-02 9.681390292529681862e-02
2.200000000000000000e+02 1.898687306217624049e-01 1.763511336710294475e-01 0.000000000000000000e+00 0.000000000000000000e+00 1.017921618573085218e-01 1.039353856417518374e-01
2.250000000000000000e+02 3.389206908539706964e-01 1.482682801687407737e-01 1.000000000000000000e+00 0.000000000000000000e+00 9.152180276199776976e-02 8.450246274421820136e-02
2.300000000000000000e+02 2.127359861153229892e-01 2.325613758088111993e-01 0.000000000000000000e+00 0.000000000000000000e+00 8.003764398319417050e-02 6.805790722976834406e-02
2.350000000000000000e+02 2.224810294568898283e-01 2.627670216424113914e-01 0.000000000000000000e+00 1.000000000000000000e+00 7.368390005608815851e-02 6.453268499207194531e-02
2.400000000000000000e+02 3.136848611933647918e-02 1.262354838027006099e-01 0.000000000000000000e+00 0.000000000000000000e+00 5.636260578947527994e-02 8.672595926820388101e-02
2.450000000000000000e+02 2.978848064344558622e-01 2.410995267428686639e-01 0.000000000000000000e+00 0.000000000000000000e+00 1.020067131635209734e-01 6.740391632874359606e-02
2.500000000000000000e+02 1.976516765350254945e-01 7.374016517042999985e-02 0.000000000000000000e+00 0.000000000000000000e+00 1.035328126609446897e-01 8.995550548822471570e-02
2.550000000000000000e+02 1.100221163946738939e-01 2.103727748053531299e-01 0.000000000000000000e+00 0.000000000000000000e+00 1.085777568884571387e-01 8.305808747663122327e-02
2.600000000000000000e+02 8.210354885602165476e-02 1.713224041363586303e-01 0.000000000000000000e+00 0.000000000000000000e+00 6.885330926920588124e-02 8.377823355286909135e-02
2.650000000000000000e+02 2.330753024645285387e-01 2.137312873434524807e-01 0.000000000000000000e+00 0.000000000000000000e+00 1.031045050245418537e-01 8.709057734525010863e-02
2.700000000000000000e+02 1.218341160450579636e-01 1.889951690359489012e-01 0.000000000000000000e+00 0.000000000000000000e+00 6.128363850604078705e-02 8.208168615751540442e-02
2.750000000000000000e+02 2.871831188708166005e-01 1.636047638177833274e-01 1.000000000000000000e+00 0.000000000000000000e+00 7.728572530220670367e-02 5.968969243527218194e-02
2.800000000000000000e+02 3.781319591442806188e-02 8.584234144705102376e-02 0.000000000000000000e+00 0.000000000000000000e+00 7.102477826282799223e-02 8.431937305064635124e-02
2.850000000000000000e+02 1.336721994923031342e-01 7.280331673351470023e-02 0.000000000000000000e+00 0.000000000000000000e+00 7.653903638884412830e-02 7.836563090801275389e-02
2.900000000000000000e+02 5.825352888432544507e-02 1.261880773573200443e-01 0.000000000000000000e+00 0.000000000000000000e+00 6.487763856426548292e-02 7.570453073456626103e-02
2.950000000000000000e+02 8.131369843532489095e-02 8.875896199655215757e-02 0.000000000000000000e+00 0.000000000000000000e+00 6.208096311155333891e-02 8.227280713833021175e-02
3.000000000000000000e+02 5.834608135739208917e-02 3.851967002254479133e-02 0.000000000000000000e+00 0.000000000000000000e+00 8.901371528641681408e-02 7.229236639269215337e-02
3.050000000000000000e+02 1.788262289350240342e-01 1.182767332099222968e-01 0.000000000000000000e+00 0.000000000000000000e+00 9.072871541062398071e-02 6.666501946209905938e-02
3.100000000000000000e+02 2.268060463169012109e-01 1.284614251836698195e-01 1.000000000000000000e+00 0.000000000000000000e+00 6.032812257120725996e-02 4.850392485737537590e-02
3.150000000000000000e+02 2.656903722590074901e-01 1.229346585471672582e-01 0.000000000000000000e+00 0.000000000000000000e+00 9.205217927041586812e-02 6.107553811247482672e-02
3.200000000000000000e+02 2.180937817442206994e-01 5.258805278057465671e-02 0.000000000000000000e+00 0.000000000000000000e+00 6.961257751219070145e-02 5.382696574622664737e-02
3.250000000000000000e+02 2.891828723676520552e-01 1.054826395798964256e-01 1.000000000000000000e+00 0.000000000000000000e+00 6.553881417329136816e-02 8.141833087923991408e-02
3.300000000000000000e+02 7.605903036381760074e-02 1.140352321099241673e-01 0.000000000000000000e+00 0.000000000000000000e+00 5.288615395449400985e-02 9.238007480547467953e-02
3.350000000000000000e+02 2.149848783411495989e-01 1.474862378483171033e-01 0.000000000000000000e+00 0.000000000000000000e+00 6.965382788581862827e-02 7.515106717574839001e-02
3.400000000000000000e+02 2.323853034546617402e-01 1.395228352065100430e-01 0.000000000000000000e+00 0.000000000000000000e+00 7.171521572204550554e-02 7.246163529120733249e-02
3.450000000000000000e+02 2.877824392155955424e-01 1.543410969429327706e-01 0.000000000000000000e+00 0.000000000000000000e+00 1.114754164555121080e-01 8.838232140597664099e-02
3.500000000000000000e+02 1.239203932904285876e-01 1.611118065382650955e-01 0.000000000000000000e+00 0.000000000000000000e+00 5.434507501140795754e-02 7.658811288724140520e-02
3.550000000000000000e+02 2.858289871128447124e-01 2.114008042207446147e-01 0.000000000000000000e+00 1.000000000000000000e+00 8.165944257546502161e-02 4.822061667628546600e-02
3.600000000000000000e+02 1.768829807307929214e-01 1.105919859464099958e-01 0.000000000000000000e+00 0.000000000000000000e+00 6.804687774172958614e-02 4.696900186193711524e-02
3.650000000000000000e+02 1.869592778727726945e-01 8.767009898060433570e-02 0.000000000000000000e+00 0.000000000000000000e+00 7.867700869647752115e-02 7.045591347169249952e-02
3.700000000000000000e+02 5.116960421679961346e-02 1.344088393169002582e-01 0.000000000000000000e+00 0.000000000000000000e+00 4.945155509673422600e-02 8.986266899653329310e-02
3.750000000000000000e+02 1.468667396989530860e-01 1.092268620268822266e-01 0.000000000000000000e+00 0.000000000000000000e+00 9.925986229865217669e-02 8.236020209603688025e-02
3.800000000000000000e+02 1.676531664974601488e-01 1.209179210312620045e-01 0.000000000000000000e+00 0.000000000000000000e+00 7.481678960101866005e-02 7.664967210014032861e-02
3.850000000000000000e+02 1.568672337337971012e-01 2.833933792384302208e-01 0.000000000000000000e+00 1.000000000000000000e+00 6.484350742695146885e-02 6.006953164134531953e-02
3.900000000000000000e+02 2.851362964664366784e-01 1.414086260299976250e-01 1.000000000000000000e+00 0.000000000000000000e+00 6.841389202762825084e-02 8.899032501805766160e-02
3.950000000000000000e+02 1.862914879252013101e-01 3.734285128827259381e-01 0.000000000000000000e+00 1.000000000000000000e+00 8.628940641364972464e-02 7.265474927954151951e-02
4.000000000000000000e+02 1.732184441301222733e-01 2.899871975318303319e-01 0.000000000000000000e+00 1.000000000000000000e+00 7.846917078627538289e-02 7.279621768431049356e-02
4.050000000000000000e+02 1.408841295176619657e-01 2.146430051631144365e-01 0.000000000000000000e+00 0.000000000000000000e+00 1.145880104596865429e-01 9.287171625411839992e-02
4.100000000000000000e+02 2.022459571268269973e-01 1.185692613427675457e-01 0.000000000000000000e+00 0.000000000000000000e+00 7.866361291155653246e-02 1.045762240200382720e-01
4.150000000000000000e+02 1.775324840517875646e-01 1.639565480494051819e-01 0.000000000000000000e+00 0.000000000000000000e+00 5.799675757713258772e-02 8.227639216861498683e-02
4.200000000000000000e+02 2.143931841452146325e-01 1.645114236426816617e-02 0.000000000000000000e+00 0.000000000000000000e+00 8.059009225630310580e-02 6.979451493147377505e-02
4.250000000000000000e+02 1.999523840386651652e-01 1.311567854382408860e-01 0.000000000000000000e+00 0.000000000000000000e+00 8.414031371821935334e-02 6.965614520067445192e-02
4.300000000000000000e+02 4.089592371624496681e-02 3.521645553856438821e-02 0.000000000000000000e+00 0.000000000000000000e+00 8.457340137958956061e-02 8.130750327958974344e-02
4.350000000000000000e+02 1.367555140952713688e-01 1.152884115425830969e-01 0.000000000000000000e+00 0.000000000000000000e+00 7.894948405566203087e-02 9.056989528504910680e-02
4.400000000000000000e+02 2.238165687279629057e-01 1.850036975887470875e-02 1.000000000000000000e+00 0.000000000000000000e+00 6.038198975327306595e-02 6.525384376305121137e-02
4.450000000000000000e+02 3.861717994071435789e-01 5.917069877262799704e-02 1.000000000000000000e+00 0.000000000000000000e+00 6.285425362395030691e-02 9.407348837327873803e-02
4.500000000000000000e+02 1.181778512494966044e-01 4.874370554200030403e-02 0.000000000000000000e+00 0.000000000000000000e+00 8.698541665314948879e-02 3.089950354288384382e-02
4.550000000000000000e+02 2.023615638599200184e-01 1.584135022348386740e-02 0.000000000000000000e+00 0.000000000000000000e+00 6.355746639144864429e-02 2.351796549383479429e-02
4.600000000000000000e+02 1.579681116280674813e-01 0.000000000000000000e+00 0.000000000000000000e+00 0.000000000000000000e+00 7.847825323471065151e-02 0.000000000000000000e+00
4.650000000000000000e+02 8.915983612803621283e-02 1.233299876221431307e-01 0.000000000000000000e+00 0.000000000000000000e+00 9.054360607052126808e-02 1.007514244612039006e-01
4.700000000000000000e+02 1.638114524708939868e-01 3.775556192563486735e-02 0.000000000000000000e+00 0.000000000000000000e+00 9.759134633074273424e-02 7.818172319655551650e-02
4.750000000000000000e+02 1.608148487824848927e-01 1.055758201644048933e-01 0.000000000000000000e+00 0.000000000000000000e+00 6.331731846234152361e-02 8.092452370819645802e-02
4.800000000000000000e+02 1.590985996461442564e-01 9.490697818124523011e-02 0.000000000000000000e+00 0.000000000000000000e+00 6.442254698710843386e-02 6.826303398025798663e-02
4.850000000000000000e+02 2.287159770223310962e-01 1.879723244809280713e-01 0.000000000000000000e+00 0.000000000000000000e+00 6.850944207317295753e-02 9.451061265270167822e-02
4.900000000000000000e+02 1.100747402548181569e-01 1.741914536940419311e-01 0.000000000000000000e+00 0.000000000000000000e+00 7.701006083932271373e-02 8.231469107560349108e-02
4.950000000000000000e+02 1.398798884375265228e-01 1.055272747527693511e-01 0.000000000000000000e+00 0.000000000000000000e+00 9.059776795377920411e-02 6.431712708852917182e-02
