0.000000000000000000e+00 3.187499999999999362e-02 3.187499999999999362e-02
5.000000000000000000e+00 9.883931234374999653e-01 7.808658648437499794e-01
1.000000000000000000e+01 9.897878296874995652e-01 8.476294140624999196e-01
1.500000000000000000e+01 9.908763203125001695e-01 8.777149757812499065e-01
2.000000000000000000e+01 9.912567210937497375e-01 9.013244562500000168e-01
2.500000000000000000e+01 9.918623937499999599e-01 9.189346718749999976e-01
3.000000000000000000e+01 9.923597046874998995e-01 9.294432687499998291e-01
3.500000000000000000e+01 9.922623718749999933e-01 9.385368664062501143e-01
4.000000000000000000e+01 9.922771492187500986e-01 9.476480867187498935e-01
4.500000000000000000e+01 9.919229460937499798e-01 9.553598945312499202e-01
5.000000000000000000e+01 9.925772898437499325e-01 9.599362414062498905e-01
5.500000000000000000e+01 9.924770742187497552e-01 9.651737351562499345e-01
6.000000000000000000e+01 9.926564960937500626e-01 9.682898999999999257e-01
6.500000000000000000e+01 9.923789507812500466e-01 9.707903398437498499e-01
7.000000000000000000e+01 9.932664664062500481e-01 9.756289617187501317e-01
7.500000000000000000e+01 9.932552171875000946e-01 9.766081867187497156e-01
8.000000000000000000e+01 9.939311437499996904e-01 9.788123937499999538e-01
8.500000000000000000e+01 9.935772429687498297e-01 9.820898687499999280e-01
9.000000000000000000e+01 9.935167570312497531e-01 9.839001476562501125e-01
9.500000000000000000e+01 9.943922976562499239e-01 9.845965171874999644e-01
1.000000000000000000e+02 9.934221687499998898e-01 9.840363312499998960e-01
1.050000000000000000e+02 9.935493570312502465e-01 9.872656867187498131e-01
1.100000000000000000e+02 9.931849664062498695e-01 9.888551656249997546e-01
1.150000000000000000e+02 9.935919906249998101e-01 9.884595429687499379e-01
1.200000000000000000e+02 9.934849695312500950e-01 9.896584929687499699e-01
1.250000000000000000e+02 9.932761757812500480e-01 9.899622234375000662e-01
1.300000000000000000e+02 9.947835976562497962e-01 9.898816492187496596e-01
1.350000000000000000e+02 9.956521070312497335e-01 9.910241781249998771e-01
1.400000000000000000e+02 9.938719437499997644e-01 9.896047914062500173e-01
1.450000000000000000e+02 9.935331281249997204e-01 9.910839015625002579e-01
1.500000000000000000e+02 9.929519070312500251e-01 9.919552335937499299e-01
1.550000000000000000e+02 9.949376296874999914e-01 9.926426804687500383e-01
1.600000000000000000e+02 9.943664023437499555e-01 9.915981171874997946e-01
1.650000000000000000e+02 9.952425273437498499e-01 9.929027390624998173e-01
1.700000000000000000e+02 9.932383953124996889e-01 9.930591218750001170e-01
1.750000000000000000e+02 9.939192015625000209e-01 9.928331992187500177e-01
1.800000000000000000e+02 9.944335796874999023e-01 9.922070781249999749e-01
1.850000000000000000e+02 9.949035921875000188e-01 9.941739734375000248e-01
1.900000000000000000e+02 9.939533929687499603e-01 9.934951429687499669e-01
1.950000000000000000e+02 9.946600445312500094e-01 9.944857859374998110e-01
2.000000000000000000e+02 9.940331999999999502e-01 9.944348695312500430e-01
2.050000000000000000e+02 9.939551515625000278e-01 9.937922406249997120e-01
2.100000000000000000e+02 9.954723085937500215e-01 9.943990445312500537e-01
2.150000000000000000e+02 9.945596921875001772e-01 9.947601343749999936e-01
2.200000000000000000e+02 9.936376507812501035e-01 9.945958531250000956e-01
2.250000000000000000e+02 9.951322624999999755e-01 9.947028742187500328e-01
2.300000000000000000e+02 9.947128124999998766e-01 9.952860929687498137e-01
2.350000000000000000e+02 9.944257054687499764e-01 9.953497429687498954e-01
2.400000000000000000e+02 9.947030546874999768e-01 9.945809593750001287e-01
2.450000000000000000e+02 9.947030851562501663e-01 9.950605414062498877e-01
2.500000000000000000e+02 9.942319015624997425e-01 9.943818976562500689e-01
2.550000000000000000e+02 9.954698968749997601e-01 9.956770890624999648e-01
2.600000000000000000e+02 9.935762039062501216e-01 9.952348695312498439e-01
2.650000000000000000e+02 9.952246742187502715e-01 9.955723437499998107e-01
2.700000000000000000e+02 9.945537804687498706e-01 9.966689984374997868e-01
2.750000000000000000e+02 9.945873156249998015e-01 9.954113593750000266e-01
2.800000000000000000e+02 9.950619312499998648e-01 9.945346851562499868e-01
2.850000000000000000e+02 9.939096796874998807e-01 9.944528000000000256e-01
2.900000000000000000e+02 9.936976617187498473e-01 9.953623390624999345e-01
2.950000000000000000e+02 9.942964140624998004e-01 9.950794085937501032e-01
3.000000000000000000e+02 9.949743859374999833e-01 9.948177734374998860e-01
3.050000000000000000e+02 9.951175242187499936e-01 9.960772679687499576e-01
3.100000000000000000e+02 9.953223609375001502e-01 9.956530726562500266e-01
3.150000000000000000e+02 9.941732343749997147e-01 9.954258085937498501e-01
3.200000000000000000e+02 9.933647999999998257e-01 9.955944750000000898e-01
3.250000000000000000e+02 9.952493335937500074e-01 9.960968304687499719e-01
3.300000000000000000e+02 9.960504749999998797e-01 9.958422445312500315e-01
3.350000000000000000e+02 9.955278499999999919e-01 9.962608406249998660e-01
3.400000000000000000e+02 9.948420726562499095e-01 9.963373781249998951e-01
3.450000000000000000e+02 9.947208531250000263e-01 9.965568296874998122e-01
3.500000000000000000e+02 9.949817484374999799e-01 9.967041554687501304e-01
3.550000000000000000e+02 9.943505851562501885e-01 9.963320101562500586e-01
3.600000000000000000e+02 9.952862273437499407e-01 9.958435406249996902e-01
3.650000000000000000e+02 9.950520062499996765e-01 9.951646085937498887e-01
3.700000000000000000e+02 9.954203781249999494e-01 9.967178624999999403e-01
3.750000000000000000e+02 9.955819320312497833e-01 9.962870617187500333e-01
3.800000000000000000e+02 9.929901789062499651e-01 9.956402640624997247e-01
3.850000000000000000e+02 9.940005296874998564e-01 9.975146101562500922e-01
3.900000000000000000e+02 9.942656335937499756e-01 9.966311203125000073e-01
3.950000000000000000e+02 9.956549101562499615e-01 9.977197882812500751e-01
4.000000000000000000e+02 9.954412554687500636e-01 9.978111203124999662e-01
4.050000000000000000e+02 9.955852921874999151e-01 9.967794843749999689e-01
4.100000000000000000e+02 9.953035624999998499e-01 9.976906929687500147e-01
4.150000000000000000e+02 9.964865210937500217e-01 9.968802226562498703e-01
4.200000000000000000e+02 9.945643234375000086e-01 9.963796617187499205e-01
4.250000000000000000e+02 9.947132015624997603e-01 9.971474742187499407e-01
4.300000000000000000e+02 9.956951406249998637e-01 9.962033195312500755e-01
4.350000000000000000e+02 9.951352539062499059e-01 9.970060281249997214e-01
4.400000000000000000e+02 9.941598226562499141e-01 9.970870718750000083e-01
4.450000000000000000e+02 9.952084562499997622e-01 9.975076804687500465e-01
4.500000000000000000e+02 9.951556960937502083e-01 9.971941929687497819e-01
4.550000000000000000e+02 9.938661460937497916e-01 9.962511226562499322e-01
4.600000000000000000e+02 9.950401632812496677e-01 9.967036796874998439e-01
4.650000000000000000e+02 9.943868164062500403e-01 9.977371015624999506e-01
4.700000000000000000e+02 9.966337453125000412e-01 9.977275765624998849e-01
4.750000000000000000e+02 9.949168898437500408e-01 9.970393039062498408e-01
4.800000000000000000e+02 9.958564757812498058e-01 9.978569429687496051e-01
4.850000000000000000e+02 9.936863054687499197e-01 9.982033570312500714e-01
4.900000000000000000e+02 9.962842007812497958e-01 9.987529812499997828e-01
4.950000000000000000e+02 9.944036937500001505e-01 9.969324914062500653e-01
