0.000000000000000000e+00 3.187499999999999362e-02 3.187499999999999362e-02
5.000000000000000000e+00 9.749573859374999207e-01 7.808658648437499794e-01
1.000000000000000000e+01 9.782749804687501660e-01 8.476294140624999196e-01
1.500000000000000000e+01 9.778401921874998459e-01 8.777149757812499065e-01
2.000000000000000000e+01 9.794552484374999812e-01 9.013244562500000168e-01
2.500000000000000000e+01 9.792616250000000244e-01 9.189346718749999976e-01
3.000000000000000000e+01 9.800443921874999464e-01 9.294432687499998291e-01
3.500000000000000000e+01 9.800502945312500325e-01 9.385368664062501143e-01
4.000000000000000000e+01 9.803189078124999734e-01 9.476480867187498935e-01
4.500000000000000000e+01 9.803235101562499665e-01 9.553598945312499202e-01
5.000000000000000000e+01 9.803050499999999001e-01 9.599362414062498905e-01
5.500000000000000000e+01 9.796413054687498345e-01 9.651737351562499345e-01
6.000000000000000000e+01 9.815162171874998176e-01 9.682898999999999257e-01
6.500000000000000000e+01 9.807611945312499913e-01 9.707903398437498499e-01
7.000000000000000000e+01 9.811711742187499974e-01 9.756289617187501317e-01
7.500000000000000000e+01 9.812774960937499236e-01 9.766081867187497156e-01
8.000000000000000000e+01 9.810255421875000437e-01 9.788123937499999538e-01
8.500000000000000000e+01 9.796642898437500913e-01 9.820898687499999280e-01
9.000000000000000000e+01 9.816968445312497238e-01 9.839001476562501125e-01
9.500000000000000000e+01 9.819009171874999442e-01 9.845965171874999644e-01
1.000000000000000000e+02 9.812494718750001121e-01 9.840363312499998960e-01
1.050000000000000000e+02 9.803991437499997019e-01 9.872656867187498131e-01
1.100000000000000000e+02 9.821720984374999741e-01 9.888551656249997546e-01
1.150000000000000000e+02 9.815998070312499379e-01 9.884595429687499379e-01
1.200000000000000000e+02 9.818840546875001740e-01 9.896584929687499699e-01
1.250000000000000000e+02 9.813261609374999139e-01 9.899622234375000662e-01
1.300000000000000000e+02 9.820396578124999110e-01 9.898816492187496596e-01
1.350000000000000000e+02 9.837822625000001153e-01 9.910241781249998771e-01
1.400000000000000000e+02 9.805488093749999967e-01 9.896047914062500173e-01
1.450000000000000000e+02 9.824252695312500894e-01 9.910839015625002579e-01
1.500000000000000000e+02 9.834973835937498299e-01 9.919552335937499299e-01
1.550000000000000000e+02 9.830848851562498103e-01 9.926426804687500383e-01
1.600000000000000000e+02 9.825772273437500814e-01 9.915981171874997946e-01
1.650000000000000000e+02 9.828709648437499169e-01 9.929027390624998173e-01
1.700000000000000000e+02 9.841529171875000870e-01 9.930591218750001170e-01
1.750000000000000000e+02 9.840672187500001389e-01 9.928331992187500177e-01
1.800000000000000000e+02 9.833726656249999198e-01 9.922070781249999749e-01
1.850000000000000000e+02 9.825811328125000355e-01 9.941739734375000248e-01
1.900000000000000000e+02 9.819954804687498484e-01 9.934951429687499669e-01
1.950000000000000000e+02 9.842016257812499225e-01 9.944857859374998110e-01
2.000000000000000000e+02 9.827697632812499862e-01 9.944348695312500430e-01
2.050000000000000000e+02 9.824528437500001932e-01 9.937922406249997120e-01
2.100000000000000000e+02 9.842782414062499763e-01 9.943990445312500537e-01
2.150000000000000000e+02 9.841697804687499218e-01 9.947601343749999936e-01
2.200000000000000000e+02 9.837068820312498962e-01 9.945958531250000956e-01
2.250000000000000000e+02 9.835113570312501441e-01 9.947028742187500328e-01
2.300000000000000000e+02 9.836807593750001022e-01 9.952860929687498137e-01
2.350000000000000000e+02 9.842320445312500166e-01 9.953497429687498954e-01
2.400000000000000000e+02 9.839677539062503531e-01 9.945809593750001287e-01
2.450000000000000000e+02 9.847782351562498482e-01 9.950605414062498877e-01
2.500000000000000000e+02 9.854271953125000039e-01 9.943818976562500689e-01
2.550000000000000000e+02 9.843265921874999602e-01 9.956770890624999648e-01
2.600000000000000000e+02 9.844347921874998519e-01 9.952348695312498439e-01
2.650000000000000000e+02 9.834711656249999212e-01 9.955723437499998107e-01
2.700000000000000000e+02 9.843410726562499269e-01 9.966689984374997868e-01
2.750000000000000000e+02 9.845921929687501128e-01 9.954113593750000266e-01
2.800000000000000000e+02 9.850185281250002367e-01 9.945346851562499868e-01
2.850000000000000000e+02 9.846539718749998116e-01 9.944528000000000256e-01
2.900000000000000000e+02 9.846405171875000084e-01 9.953623390624999345e-01
2.950000000000000000e+02 9.847234085937497383e-01 9.950794085937501032e-01
3.000000000000000000e+02 9.836779523437501060e-01 9.948177734374998860e-01
3.050000000000000000e+02 9.862802117187499107e-01 9.960772679687499576e-01
3.100000000000000000e+02 9.846712546874998306e-01 9.956530726562500266e-01
3.150000000000000000e+02 9.840314468749997712e-01 9.954258085937498501e-01
3.200000000000000000e+02 9.842271070312499370e-01 9.955944750000000898e-01
3.250000000000000000e+02 9.836680703124999203e-01 9.960968304687499719e-01
3.300000000000000000e+02 9.845529578125000736e-01 9.958422445312500315e-01
3.350000000000000000e+02 9.850950898437498271e-01 9.962608406249998660e-01
3.400000000000000000e+02 9.849018499999999676e-01 9.963373781249998951e-01
3.450000000000000000e+02 9.834431460937498315e-01 9.965568296874998122e-01
3.500000000000000000e+02 9.847526453124999524e-01 9.967041554687501304e-01
3.550000000000000000e+02 9.850618273437501404e-01 9.963320101562500586e-01
3.600000000000000000e+02 9.848369664062500695e-01 9.958435406249996902e-01
3.650000000000000000e+02 9.852618789062501659e-01 9.951646085937498887e-01
3.700000000000000000e+02 9.849878671875000880e-01 9.967178624999999403e-01
3.750000000000000000e+02 9.850917617187500142e-01 9.962870617187500333e-01
3.800000000000000000e+02 9.855191703124999147e-01 9.956402640624997247e-01
3.850000000000000000e+02 9.854833031250000985e-01 9.975146101562500922e-01
3.900000000000000000e+02 9.849932718749998539e-01 9.966311203125000073e-01
3.950000000000000000e+02 9.863751554687499867e-01 9.977197882812500751e-01
4.000000000000000000e+02 9.848535671875000563e-01 9.978111203124999662e-01
4.050000000000000000e+02 9.850336195312499044e-01 9.967794843749999689e-01
4.100000000000000000e+02 9.856731890624998993e-01 9.976906929687500147e-01
4.150000000000000000e+02 9.849482562500000427e-01 9.968802226562498703e-01
4.200000000000000000e+02 9.859557859374999955e-01 9.963796617187499205e-01
4.250000000000000000e+02 9.851488749999998129e-01 9.971474742187499407e-01
4.300000000000000000e+02 9.857473406249999126e-01 9.962033195312500755e-01
4.350000000000000000e+02 9.841399265624998227e-01 9.970060281249997214e-01
4.400000000000000000e+02 9.861593882812499379e-01 9.970870718750000083e-01
4.450000000000000000e+02 9.856222171874998716e-01 9.975076804687500465e-01
4.500000000000000000e+02 9.866189382812498021e-01 9.971941929687497819e-01
4.550000000000000000e+02 9.868807960937499013e-01 9.962511226562499322e-01
4.600000000000000000e+02 9.863844859374999441e-01 9.967036796874998439e-01
4.650000000000000000e+02 9.854515296875000496e-01 9.977371015624999506e-01
4.700000000000000000e+02 9.861283343750001373e-01 9.977275765624998849e-01
4.750000000000000000e+02 9.852564085937499661e-01 9.970393039062498408e-01
4.800000000000000000e+02 9.853653554687499261e-01 9.978569429687496051e-01
4.850000000000000000e+02 9.857858953124999379e-01 9.982033570312500714e-01
4.900000000000000000e+02 9.865042609374998772e-01 9.987529812499997828e-01
4.950000000000000000e+02 9.862910460937500678e-01 9.969324914062500653e-01
