0.000000000000000000e+00 3.187499999999999362e-02 3.187499999999999362e-02
5.000000000000000000e+00 9.714251562499999215e-01 7.808658648437499794e-01
1.000000000000000000e+01 9.812627179687499757e-01 8.476294140624999196e-01
1.500000000000000000e+01 9.865491640625000391e-01 8.777149757812499065e-01
2.000000000000000000e+01 9.885475453124998868e-01 9.013244562500000168e-01
2.500000000000000000e+01 9.900757460937500420e-01 9.189346718749999976e-01
3.000000000000000000e+01 9.909617468749999381e-01 9.294432687499998291e-01
3.500000000000000000e+01 9.942795484374997717e-01 9.385368664062501143e-01
4.000000000000000000e+01 9.931468609375000423e-01 9.476480867187498935e-01
4.500000000000000000e+01 9.928506843750000144e-01 9.553598945312499202e-01
5.000000000000000000e+01 9.939701820312499825e-01 9.599362414062498905e-01
5.500000000000000000e+01 9.944728421874999835e-01 9.651737351562499345e-01
6.000000000000000000e+01 9.938975656249997570e-01 9.682898999999999257e-01
6.500000000000000000e+01 9.953969046874998616e-01 9.707903398437498499e-01
7.000000000000000000e+01 9.960133226562500885e-01 9.756289617187501317e-01
7.500000000000000000e+01 9.964107507812499653e-01 9.766081867187497156e-01
8.000000000000000000e+01 9.968963718750000202e-01 9.788123937499999538e-01
8.500000000000000000e+01 9.953538453124997076e-01 9.820898687499999280e-01
9.000000000000000000e+01 9.962406859375002588e-01 9.839001476562501125e-01
9.500000000000000000e+01 9.987662046874999922e-01 9.845965171874999644e-01
1.000000000000000000e+02 9.973859343750000050e-01 9.840363312499998960e-01
1.050000000000000000e+02 9.986589218749999386e-01 9.872656867187498131e-01
1.100000000000000000e+02 9.984011921875002304e-01 9.888551656249997546e-01
1.150000000000000000e+02 9.978036796874999448e-01 9.884595429687499379e-01
1.200000000000000000e+02 9.981075218749999589e-01 9.896584929687499699e-01
1.250000000000000000e+02 9.979100210937499327e-01 9.899622234375000662e-01
1.300000000000000000e+02 9.967800390625001228e-01 9.898816492187496596e-01
1.350000000000000000e+02 9.983524828124998862e-01 9.910241781249998771e-01
1.400000000000000000e+02 9.980083101562499115e-01 9.896047914062500173e-01
1.450000000000000000e+02 9.978108804687501054e-01 9.910839015625002579e-01
1.500000000000000000e+02 9.980455492187501054e-01 9.919552335937499299e-01
1.550000000000000000e+02 9.981326445312499462e-01 9.926426804687500383e-01
1.600000000000000000e+02 9.981685031249998286e-01 9.915981171874997946e-01
1.650000000000000000e+02 9.980125320312497328e-01 9.929027390624998173e-01
1.700000000000000000e+02 9.991589359375000479e-01 9.930591218750001170e-01
1.750000000000000000e+02 9.992090773437498630e-01 9.928331992187500177e-01
1.800000000000000000e+02 9.985721210937498205e-01 9.922070781249999749e-01
1.850000000000000000e+02 9.982696445312496669e-01 9.941739734375000248e-01
1.900000000000000000e+02 9.989498984375000390e-01 9.934951429687499669e-01
1.950000000000000000e+02 9.983738414062498512e-01 9.944857859374998110e-01
2.000000000000000000e+02 9.990910679687500240e-01 9.944348695312500430e-01
2.050000000000000000e+02 9.986508460937499887e-01 9.937922406249997120e-01
2.100000000000000000e+02 9.984034617187498295e-01 9.943990445312500537e-01
2.150000000000000000e+02 9.975661585937498632e-01 9.947601343749999936e-01
2.200000000000000000e+02 9.985535570312500386e-01 9.945958531250000956e-01
2.250000000000000000e+02 9.991990937499999337e-01 9.947028742187500328e-01
2.300000000000000000e+02 9.984847960937498490e-01 9.952860929687498137e-01
2.350000000000000000e+02 9.987213687499998382e-01 9.953497429687498954e-01
2.400000000000000000e+02 9.998634031249998833e-01 9.945809593750001287e-01
2.450000000000000000e+02 1.000163103906249962e+00 9.950605414062498877e-01
2.500000000000000000e+02 9.975267789062499668e-01 9.943818976562500689e-01
2.550000000000000000e+02 9.994232695312497139e-01 9.956770890624999648e-01
2.600000000000000000e+02 9.989188218749998072e-01 9.952348695312498439e-01
2.650000000000000000e+02 9.996243726562497045e-01 9.955723437499998107e-01
2.700000000000000000e+02 9.994314609374997938e-01 9.966689984374997868e-01
2.750000000000000000e+02 9.996947429687501607e-01 9.954113593750000266e-01
2.800000000000000000e+02 9.980701007812499137e-01 9.945346851562499868e-01
2.850000000000000000e+02 9.993265914062499089e-01 9.944528000000000256e-01
2.900000000000000000e+02 9.988601976562501150e-01 9.953623390624999345e-01
2.950000000000000000e+02 9.993312632812498819e-01 9.950794085937501032e-01
3.000000000000000000e+02 1.000101366406249692e+00 9.948177734374998860e-01
3.050000000000000000e+02 1.000092696874999909e+00 9.960772679687499576e-01
3.100000000000000000e+02 9.989026039062499640e-01 9.956530726562500266e-01
3.150000000000000000e+02 9.999691968749999660e-01 9.954258085937498501e-01
3.200000000000000000e+02 9.991087296874999746e-01 9.955944750000000898e-01
3.250000000000000000e+02 9.990535406250000694e-01 9.960968304687499719e-01
3.300000000000000000e+02 9.982942703124997319e-01 9.958422445312500315e-01
3.350000000000000000e+02 9.979975046875001476e-01 9.962608406249998660e-01
3.400000000000000000e+02 9.996909750000000372e-01 9.963373781249998951e-01
3.450000000000000000e+02 9.978199624999998241e-01 9.965568296874998122e-01
3.500000000000000000e+02 9.992271085937499686e-01 9.967041554687501304e-01
3.550000000000000000e+02 9.988841289062501128e-01 9.963320101562500586e-01
3.600000000000000000e+02 9.994241804687498121e-01 9.958435406249996902e-01
3.650000000000000000e+02 1.000938989843750182e+00 9.951646085937498887e-01
3.700000000000000000e+02 9.996064257812499187e-01 9.967178624999999403e-01
3.750000000000000000e+02 9.982013374999999522e-01 9.962870617187500333e-01
3.800000000000000000e+02 9.984532859375001568e-01 9.956402640624997247e-01
3.850000000000000000e+02 9.995786273437499148e-01 9.975146101562500922e-01
3.900000000000000000e+02 9.998133117187499863e-01 9.966311203125000073e-01
3.950000000000000000e+02 9.991588476562501819e-01 9.977197882812500751e-01
4.000000000000000000e+02 1.000510196875000313e+00 9.978111203124999662e-01
4.050000000000000000e+02 9.993867703125000057e-01 9.967794843749999689e-01
4.100000000000000000e+02 1.000180749999999952e+00 9.976906929687500147e-01
4.150000000000000000e+02 9.993142093749998178e-01 9.968802226562498703e-01
4.200000000000000000e+02 9.998662218749998498e-01 9.963796617187499205e-01
4.250000000000000000e+02 9.999939937500000875e-01 9.971474742187499407e-01
4.300000000000000000e+02 9.986430687500000847e-01 9.962033195312500755e-01
4.350000000000000000e+02 1.000135476562500125e+00 9.970060281249997214e-01
4.400000000000000000e+02 9.996412710937500057e-01 9.970870718750000083e-01
4.450000000000000000e+02 9.984486382812498562e-01 9.975076804687500465e-01
4.500000000000000000e+02 9.985057406249998602e-01 9.971941929687497819e-01
4.550000000000000000e+02 9.993050078124999791e-01 9.962511226562499322e-01
4.600000000000000000e+02 9.990848039062498742e-01 9.967036796874998439e-01
4.650000000000000000e+02 9.996517906249996477e-01 9.977371015624999506e-01
4.700000000000000000e+02 9.994365976562502585e-01 9.977275765624998849e-01
4.750000000000000000e+02 9.999485000000000179e-01 9.970393039062498408e-01
4.800000000000000000e+02 9.993554757812498357e-01 9.978569429687496051e-01
4.850000000000000000e+02 1.000406081249999968e+00 9.982033570312500714e-01
4.900000000000000000e+02 9.985132953124999933e-01 9.987529812499997828e-01
4.950000000000000000e+02 9.997009773437500746e-01 9.969324914062500653e-01
