0.000000000000000000e+00 3.187499999999999362e-02 3.187499999999999362e-02
5.000000000000000000e+00 9.823437437499998870e-01 7.808658648437499794e-01
1.000000000000000000e+01 9.869608453125000569e-01 8.476294140624999196e-01
1.500000000000000000e+01 9.878284296874999537e-01 8.777149757812499065e-01
2.000000000000000000e+01 9.897139093749999228e-01 9.013244562500000168e-01
2.500000000000000000e+01 9.887384390625000297e-01 9.189346718749999976e-01
3.000000000000000000e+01 9.922167101562502367e-01 9.294432687499998291e-01
3.500000000000000000e+01 9.918645648437500739e-01 9.385368664062501143e-01
4.000000000000000000e+01 9.911669585937501470e-01 9.476480867187498935e-01
4.500000000000000000e+01 9.927989789062499071e-01 9.553598945312499202e-01
5.000000000000000000e+01 9.928810992187498963e-01 9.599362414062498905e-01
5.500000000000000000e+01 9.933663351562500576e-01 9.651737351562499345e-01
6.000000000000000000e+01 9.922537593749998219e-01 9.682898999999999257e-01
6.500000000000000000e+01 9.945315820312498056e-01 9.707903398437498499e-01
7.000000000000000000e+01 9.941129757812501300e-01 9.756289617187501317e-01
7.500000000000000000e+01 9.951350671874997778e-01 9.766081867187497156e-01
8.000000000000000000e+01 9.938723382812499896e-01 9.788123937499999538e-01
8.500000000000000000e+01 9.951817984374999870e-01 9.820898687499999280e-01
9.000000000000000000e+01 9.942121843750000298e-01 9.839001476562501125e-01
9.500000000000000000e+01 9.963659453125000010e-01 9.845965171874999644e-01
1.000000000000000000e+02 9.943274468749999651e-01 9.840363312499998960e-01
1.050000000000000000e+02 9.953489820312497738e-01 9.872656867187498131e-01
1.100000000000000000e+02 9.957633804687497925e-01 9.888551656249997546e-01
1.150000000000000000e+02 9.954914999999999736e-01 9.884595429687499379e-01
1.200000000000000000e+02 9.958422179687499431e-01 9.896584929687499699e-01
1.250000000000000000e+02 9.949982812500000051e-01 9.899622234375000662e-01
1.300000000000000000e+02 9.959516914062497284e-01 9.898816492187496596e-01
1.350000000000000000e+02 9.959301921874998964e-01 9.910241781249998771e-01
1.400000000000000000e+02 9.962171796874998986e-01 9.896047914062500173e-01
1.450000000000000000e+02 9.969708515624997602e-01 9.910839015625002579e-01
1.500000000000000000e+02 9.955378296875000421e-01 9.919552335937499299e-01
1.550000000000000000e+02 9.959677601562498817e-01 9.926426804687500383e-01
1.600000000000000000e+02 9.960023617187498957e-01 9.915981171874997946e-01
1.650000000000000000e+02 9.955765328125000257e-01 9.929027390624998173e-01
1.700000000000000000e+02 9.957695820312499890e-01 9.930591218750001170e-01
1.750000000000000000e+02 9.953304523437500606e-01 9.928331992187500177e-01
1.800000000000000000e+02 9.967445429687499248e-01 9.922070781249999749e-01
1.850000000000000000e+02 9.965929148437500107e-01 9.941739734375000248e-01
1.900000000000000000e+02 9.942063335937497692e-01 9.934951429687499669e-01
1.950000000000000000e+02 9.964518726562499040e-01 9.944857859374998110e-01
2.000000000000000000e+02 9.968456531249998420e-01 9.944348695312500430e-01
2.050000000000000000e+02 9.964057718750002346e-01 9.937922406249997120e-01
2.100000000000000000e+02 9.966996289062498571e-01 9.943990445312500537e-01
2.150000000000000000e+02 9.964953320312499585e-01 9.947601343749999936e-01
2.200000000000000000e+02 9.956355304687500851e-01 9.945958531250000956e-01
2.250000000000000000e+02 9.956777125000002560e-01 9.947028742187500328e-01
2.300000000000000000e+02 9.968220757812501498e-01 9.952860929687498137e-01
2.350000000000000000e+02 9.964655945312497209e-01 9.953497429687498954e-01
2.400000000000000000e+02 9.958689148437498417e-01 9.945809593750001287e-01
2.450000000000000000e+02 9.962109414062503276e-01 9.950605414062498877e-01
2.500000000000000000e+02 9.967117570312501451e-01 9.943818976562500689e-01
2.550000000000000000e+02 9.966890921875000142e-01 9.956770890624999648e-01
2.600000000000000000e+02 9.964488828125001030e-01 9.952348695312498439e-01
2.650000000000000000e+02 9.964573851562501527e-01 9.955723437499998107e-01
2.700000000000000000e+02 9.970332476562498991e-01 9.966689984374997868e-01
2.750000000000000000e+02 9.953284187499999991e-01 9.954113593750000266e-01
2.800000000000000000e+02 9.973626281250000947e-01 9.945346851562499868e-01
2.850000000000000000e+02 9.971482210937498980e-01 9.944528000000000256e-01
2.900000000000000000e+02 9.974529484374998756e-01 9.953623390624999345e-01
2.950000000000000000e+02 9.963222421875000956e-01 9.950794085937501032e-01
3.000000000000000000e+02 9.971170070312498357e-01 9.948177734374998860e-01
3.050000000000000000e+02 9.965088906250001433e-01 9.960772679687499576e-01
3.100000000000000000e+02 9.959736492187498680e-01 9.956530726562500266e-01
3.150000000000000000e+02 9.965646156249998722e-01 9.954258085937498501e-01
3.200000000000000000e+02 9.975394070312499917e-01 9.955944750000000898e-01
3.250000000000000000e+02 9.974726593749998482e-01 9.960968304687499719e-01
3.300000000000000000e+02 9.959792328125003369e-01 9.958422445312500315e-01
3.350000000000000000e+02 9.978389406249996707e-01 9.962608406249998660e-01
3.400000000000000000e+02 9.967212257812499976e-01 9.963373781249998951e-01
3.450000000000000000e+02 9.962161671874996127e-01 9.965568296874998122e-01
3.500000000000000000e+02 9.968290085937500100e-01 9.967041554687501304e-01
3.550000000000000000e+02 9.973751203124999742e-01 9.963320101562500586e-01
3.600000000000000000e+02 9.967014078124998289e-01 9.958435406249996902e-01
3.650000000000000000e+02 9.973833882812499496e-01 9.951646085937498887e-01
3.700000000000000000e+02 9.969475265625000748e-01 9.967178624999999403e-01
3.750000000000000000e+02 9.966253343749997828e-01 9.962870617187500333e-01
3.800000000000000000e+02 9.962792375000001366e-01 9.956402640624997247e-01
3.850000000000000000e+02 9.979015734375000779e-01 9.975146101562500922e-01
3.900000000000000000e+02 9.956661421874999363e-01 9.966311203125000073e-01
3.950000000000000000e+02 9.959049468749998635e-01 9.977197882812500751e-01
4.000000000000000000e+02 9.961683273437499375e-01 9.978111203124999662e-01
4.050000000000000000e+02 9.985973281249999056e-01 9.967794843749999689e-01
4.100000000000000000e+02 9.976057968750000615e-01 9.976906929687500147e-01
4.150000000000000000e+02 9.970966984375000397e-01 9.968802226562498703e-01
4.200000000000000000e+02 9.977818953125000556e-01 9.963796617187499205e-01
4.250000000000000000e+02 9.973176109375000431e-01 9.971474742187499407e-01
4.300000000000000000e+02 9.971099703124999269e-01 9.962033195312500755e-01
4.350000000000000000e+02 9.967789187500001313e-01 9.970060281249997214e-01
4.400000000000000000e+02 9.976583406250000285e-01 9.970870718750000083e-01
4.450000000000000000e+02 9.974040562499999485e-01 9.975076804687500465e-01
4.500000000000000000e+02 9.976752757812498151e-01 9.971941929687497819e-01
4.550000000000000000e+02 9.974669406249996317e-01 9.962511226562499322e-01
4.600000000000000000e+02 9.970677929687500329e-01 9.967036796874998439e-01
4.650000000000000000e+02 9.975376046875001901e-01 9.977371015624999506e-01
4.700000000000000000e+02 9.973343648437500431e-01 9.977275765624998849e-01
4.750000000000000000e+02 9.979683226562501286e-01 9.970393039062498408e-01
4.800000000000000000e+02 9.964929281249998994e-01 9.978569429687496051e-01
4.850000000000000000e+02 9.974224835937499645e-01 9.982033570312500714e-01
4.900000000000000000e+02 9.977339382812498991e-01 9.987529812499997828e-01
4.950000000000000000e+02 9.970314562500000033e-01 9.969324914062500653e-01
