0.000000000000000000e+00 3.187499999999999362e-02 3.187499999999999362e-02
5.000000000000000000e+00 9.915202171875000525e-01 7.808658648437499794e-01
1.000000000000000000e+01 9.936677695312499115e-01 8.476294140624999196e-01
1.500000000000000000e+01 9.938880820312500086e-01 8.777149757812499065e-01
2.000000000000000000e+01 9.960700445312499207e-01 9.013244562500000168e-01
2.500000000000000000e+01 9.969592882812501333e-01 9.189346718749999976e-01
3.000000000000000000e+01 9.965098968749999120e-01 9.294432687499998291e-01
3.500000000000000000e+01 9.964593367187500883e-01 9.385368664062501143e-01
4.000000000000000000e+01 9.975980664062499281e-01 9.476480867187498935e-01
4.500000000000000000e+01 9.968203054687500009e-01 9.553598945312499202e-01
5.000000000000000000e+01 9.966445546874999062e-01 9.599362414062498905e-01
5.500000000000000000e+01 9.972144968749997451e-01 9.651737351562499345e-01
6.000000000000000000e+01 9.989529617187500321e-01 9.682898999999999257e-01
6.500000000000000000e+01 9.982460015625000960e-01 9.707903398437498499e-01
7.000000000000000000e+01 9.994291882812500472e-01 9.756289617187501317e-01
7.500000000000000000e+01 9.976964460937498558e-01 9.766081867187497156e-01
8.000000000000000000e+01 9.989634914062500703e-01 9.788123937499999538e-01
8.500000000000000000e+01 9.978384281249998988e-01 9.820898687499999280e-01
9.000000000000000000e+01 9.988189624999996852e-01 9.839001476562501125e-01
9.500000000000000000e+01 9.979550554687502961e-01 9.845965171874999644e-01
1.000000000000000000e+02 9.974778382812500288e-01 9.840363312499998960e-01
1.050000000000000000e+02 9.994720390624998174e-01 9.872656867187498131e-01
1.100000000000000000e+02 9.981327601562497431e-01 9.888551656249997546e-01
1.150000000000000000e+02 9.980428414062497700e-01 9.884595429687499379e-01
1.200000000000000000e+02 9.994022210937500983e-01 9.896584929687499699e-01
1.250000000000000000e+02 9.988162664062502083e-01 9.899622234375000662e-01
1.300000000000000000e+02 9.994723937499998545e-01 9.898816492187496596e-01
1.350000000000000000e+02 9.986400265624999495e-01 9.910241781249998771e-01
1.400000000000000000e+02 9.992052445312500364e-01 9.896047914062500173e-01
1.450000000000000000e+02 9.978348265624999991e-01 9.910839015625002579e-01
1.500000000000000000e+02 9.985917304687499385e-01 9.919552335937499299e-01
1.550000000000000000e+02 9.996487757812501096e-01 9.926426804687500383e-01
1.600000000000000000e+02 9.987029007812500137e-01 9.915981171874997946e-01
1.650000000000000000e+02 9.985939750000000226e-01 9.929027390624998173e-01
1.700000000000000000e+02 9.990988476562498999e-01 9.930591218750001170e-01
1.750000000000000000e+02 9.994051374999998183e-01 9.928331992187500177e-01
1.800000000000000000e+02 9.988120234374997519e-01 9.922070781249999749e-01
1.850000000000000000e+02 9.982982445312499342e-01 9.941739734375000248e-01
1.900000000000000000e+02 9.987629414062499933e-01 9.934951429687499669e-01
1.950000000000000000e+02 9.989032914062500046e-01 9.944857859374998110e-01
2.000000000000000000e+02 9.991782765625002449e-01 9.944348695312500430e-01
2.050000000000000000e+02 9.992796914062498370e-01 9.937922406249997120e-01
2.100000000000000000e+02 9.996003718749999489e-01 9.943990445312500537e-01
2.150000000000000000e+02 9.989061125000000541e-01 9.947601343749999936e-01
2.200000000000000000e+02 9.996525124999997569e-01 9.945958531250000956e-01
2.250000000000000000e+02 9.999828015624998567e-01 9.947028742187500328e-01
2.300000000000000000e+02 1.000948735937500000e+00 9.952860929687498137e-01
2.350000000000000000e+02 1.000092718749999943e+00 9.953497429687498954e-01
2.400000000000000000e+02 9.995528265625003295e-01 9.945809593750001287e-01
2.450000000000000000e+02 1.000678875781250143e+00 9.950605414062498877e-01
2.500000000000000000e+02 9.990393781250000993e-01 9.943818976562500689e-01
2.550000000000000000e+02 1.000005881249999895e+00 9.956770890624999648e-01
2.600000000000000000e+02 9.996034140625000841e-01 9.952348695312498439e-01
2.650000000000000000e+02 1.000275453906250167e+00 9.955723437499998107e-01
2.700000000000000000e+02 9.995168945312498110e-01 9.966689984374997868e-01
2.750000000000000000e+02 1.000446035156250080e+00 9.954113593750000266e-01
2.800000000000000000e+02 1.000236139843750038e+00 9.945346851562499868e-01
2.850000000000000000e+02 9.987204234375000045e-01 9.944528000000000256e-01
2.900000000000000000e+02 9.998306156250003074e-01 9.953623390624999345e-01
2.950000000000000000e+02 9.997840570312499509e-01 9.950794085937501032e-01
3.000000000000000000e+02 9.996444718750000513e-01 9.948177734374998860e-01
3.050000000000000000e+02 9.996463179687499201e-01 9.960772679687499576e-01
3.100000000000000000e+02 9.995372187500001226e-01 9.956530726562500266e-01
3.150000000000000000e+02 9.997416140624999503e-01 9.954258085937498501e-01
3.200000000000000000e+02 9.991421976562498974e-01 9.955944750000000898e-01
3.250000000000000000e+02 9.998392523437500401e-01 9.960968304687499719e-01
3.300000000000000000e+02 9.994859210937498961e-01 9.958422445312500315e-01
3.350000000000000000e+02 1.000022925781249850e+00 9.962608406249998660e-01
3.400000000000000000e+02 9.988454218750000280e-01 9.963373781249998951e-01
3.450000000000000000e+02 1.000017774218749933e+00 9.965568296874998122e-01
3.500000000000000000e+02 1.001265701562500166e+00 9.967041554687501304e-01
3.550000000000000000e+02 1.000040817968749662e+00 9.963320101562500586e-01
3.600000000000000000e+02 1.000111425781250007e+00 9.958435406249996902e-01
3.650000000000000000e+02 9.996809937499999688e-01 9.951646085937498887e-01
3.700000000000000000e+02 1.000751562499999858e+00 9.967178624999999403e-01
3.750000000000000000e+02 9.988095117187499872e-01 9.962870617187500333e-01
3.800000000000000000e+02 9.995651976562498486e-01 9.956402640624997247e-01
3.850000000000000000e+02 1.000594796874999748e+00 9.975146101562500922e-01
3.900000000000000000e+02 9.997124335937501716e-01 9.966311203125000073e-01
3.950000000000000000e+02 9.991901539062499893e-01 9.977197882812500751e-01
4.000000000000000000e+02 1.000042914843749964e+00 9.978111203124999662e-01
4.050000000000000000e+02 1.000449649999999968e+00 9.967794843749999689e-01
4.100000000000000000e+02 1.000218180468749996e+00 9.976906929687500147e-01
4.150000000000000000e+02 9.984230374999999436e-01 9.968802226562498703e-01
4.200000000000000000e+02 9.991093398437499440e-01 9.963796617187499205e-01
4.250000000000000000e+02 9.997554757812497916e-01 9.971474742187499407e-01
4.300000000000000000e+02 9.984367320312500516e-01 9.962033195312500755e-01
4.350000000000000000e+02 9.996009789062497708e-01 9.970060281249997214e-01
4.400000000000000000e+02 1.000481348437500140e+00 9.970870718750000083e-01
4.450000000000000000e+02 1.000269542187499860e+00 9.975076804687500465e-01
4.500000000000000000e+02 9.999544625000000853e-01 9.971941929687497819e-01
4.550000000000000000e+02 9.994513898437500377e-01 9.962511226562499322e-01
4.600000000000000000e+02 9.993026992187499236e-01 9.967036796874998439e-01
4.650000000000000000e+02 9.999682609375000197e-01 9.977371015624999506e-01
4.700000000000000000e+02 9.995289070312500801e-01 9.977275765624998849e-01
4.750000000000000000e+02 9.993440601562501024e-01 9.970393039062498408e-01
4.800000000000000000e+02 1.000161389843750026e+00 9.978569429687496051e-01
4.850000000000000000e+02 9.994844820312499545e-01 9.982033570312500714e-01
4.900000000000000000e+02 1.000992074218749917e+00 9.987529812499997828e-01
4.950000000000000000e+02 9.986645570312500109e-01 9.969324914062500653e-01
