0.000000000000000000e+00 3.187499999999999362e-02 3.187499999999999362e-02
5.000000000000000000e+00 9.860409601562498683e-01 7.808658648437499794e-01
1.000000000000000000e+01 9.895518656250000822e-01 8.476294140624999196e-01
1.500000000000000000e+01 9.900881234374999673e-01 8.777149757812499065e-01
2.000000000000000000e+01 9.918930710937496897e-01 9.013244562500000168e-01
2.500000000000000000e+01 9.917852328124997507e-01 9.189346718749999976e-01
3.000000000000000000e+01 9.918550781250001780e-01 9.294432687499998291e-01
3.500000000000000000e+01 9.924905796875000963e-01 9.385368664062501143e-01
4.000000000000000000e+01 9.923726007812501138e-01 9.476480867187498935e-01
4.500000000000000000e+01 9.925584953124998444e-01 9.553598945312499202e-01
5.000000000000000000e+01 9.926089046874999600e-01 9.599362414062498905e-01
5.500000000000000000e+01 9.923254703124999576e-01 9.651737351562499345e-01
6.000000000000000000e+01 9.929885164062499658e-01 9.682898999999999257e-01
6.500000000000000000e+01 9.932883164062500381e-01 9.707903398437498499e-01
7.000000000000000000e+01 9.947543398437497242e-01 9.756289617187501317e-01
7.500000000000000000e+01 9.932631539062499737e-01 9.766081867187497156e-01
8.000000000000000000e+01 9.928822664062499914e-01 9.788123937499999538e-01
8.500000000000000000e+01 9.944731367187499282e-01 9.820898687499999280e-01
9.000000000000000000e+01 9.930985640625001887e-01 9.839001476562501125e-01
9.500000000000000000e+01 9.932838859374998330e-01 9.845965171874999644e-01
1.000000000000000000e+02 9.929018835937499787e-01 9.840363312499998960e-01
1.050000000000000000e+02 9.938520109374998635e-01 9.872656867187498131e-01
1.100000000000000000e+02 9.935730820312500544e-01 9.888551656249997546e-01
1.150000000000000000e+02 9.944430624999999191e-01 9.884595429687499379e-01
1.200000000000000000e+02 9.939405218749998161e-01 9.896584929687499699e-01
1.250000000000000000e+02 9.939874250000002576e-01 9.899622234375000662e-01
1.300000000000000000e+02 9.931054312500000592e-01 9.898816492187496596e-01
1.350000000000000000e+02 9.948116578125001386e-01 9.910241781249998771e-01
1.400000000000000000e+02 9.931442687499998367e-01 9.896047914062500173e-01
1.450000000000000000e+02 9.939771242187498412e-01 9.910839015625002579e-01
1.500000000000000000e+02 9.936512195312499074e-01 9.919552335937499299e-01
1.550000000000000000e+02 9.937625304687500716e-01 9.926426804687500383e-01
1.600000000000000000e+02 9.937000421874998546e-01 9.915981171874997946e-01
1.650000000000000000e+02 9.950816296874999134e-01 9.929027390624998173e-01
1.700000000000000000e+02 9.937821554687500392e-01 9.930591218750001170e-01
1.750000000000000000e+02 9.949924718749999508e-01 9.928331992187500177e-01
1.800000000000000000e+02 9.946704789062499330e-01 9.922070781249999749e-01
1.850000000000000000e+02 9.935929703124998236e-01 9.941739734375000248e-01
1.900000000000000000e+02 9.932973437499995617e-01 9.934951429687499669e-01
1.950000000000000000e+02 9.933933835937498458e-01 9.944857859374998110e-01
2.000000000000000000e+02 9.938625320312498568e-01 9.944348695312500430e-01
2.050000000000000000e+02 9.941515250000000359e-01 9.937922406249997120e-01
2.100000000000000000e+02 9.946403125000001788e-01 9.943990445312500537e-01
2.150000000000000000e+02 9.945021406249999751e-01 9.947601343749999936e-01
2.200000000000000000e+02 9.940830828125000185e-01 9.945958531250000956e-01
2.250000000000000000e+02 9.954039718749999599e-01 9.947028742187500328e-01
2.300000000000000000e+02 9.949598929687498705e-01 9.952860929687498137e-01
2.350000000000000000e+02 9.947060124999997921e-01 9.953497429687498954e-01
2.400000000000000000e+02 9.945515148437499287e-01 9.945809593750001287e-01
2.450000000000000000e+02 9.955179195312503504e-01 9.950605414062498877e-01
2.500000000000000000e+02 9.950002492187500769e-01 9.943818976562500689e-01
2.550000000000000000e+02 9.952060218749998466e-01 9.956770890624999648e-01
2.600000000000000000e+02 9.943469171875000123e-01 9.952348695312498439e-01
2.650000000000000000e+02 9.949207539062501215e-01 9.955723437499998107e-01
2.700000000000000000e+02 9.943884625000001254e-01 9.966689984374997868e-01
2.750000000000000000e+02 9.955432007812501372e-01 9.954113593750000266e-01
2.800000000000000000e+02 9.947904039062500647e-01 9.945346851562499868e-01
2.850000000000000000e+02 9.962270578125000942e-01 9.944528000000000256e-01
2.900000000000000000e+02 9.960800156249998150e-01 9.953623390624999345e-01
2.950000000000000000e+02 9.941995757812497336e-01 9.950794085937501032e-01
3.000000000000000000e+02 9.953605039062500826e-01 9.948177734374998860e-01
3.050000000000000000e+02 9.962308874999999952e-01 9.960772679687499576e-01
3.100000000000000000e+02 9.956786234375000211e-01 9.956530726562500266e-01
3.150000000000000000e+02 9.959458031249999177e-01 9.954258085937498501e-01
3.200000000000000000e+02 9.947212601562499534e-01 9.955944750000000898e-01
3.250000000000000000e+02 9.948879515624998726e-01 9.960968304687499719e-01
3.300000000000000000e+02 9.944287898437499384e-01 9.958422445312500315e-01
3.350000000000000000e+02 9.951154992187497550e-01 9.962608406249998660e-01
3.400000000000000000e+02 9.948496906249998384e-01 9.963373781249998951e-01
3.450000000000000000e+02 9.950193312499996390e-01 9.965568296874998122e-01
3.500000000000000000e+02 9.962660101562500481e-01 9.967041554687501304e-01
3.550000000000000000e+02 9.960549187499998514e-01 9.963320101562500586e-01
3.600000000000000000e+02 9.954316687499996652e-01 9.958435406249996902e-01
3.650000000000000000e+02 9.949637843750001043e-01 9.951646085937498887e-01
3.700000000000000000e+02 9.946930460937497553e-01 9.967178624999999403e-01
3.750000000000000000e+02 9.950326914062499473e-01 9.962870617187500333e-01
3.800000000000000000e+02 9.956531890624999992e-01 9.956402640624997247e-01
3.850000000000000000e+02 9.955346187499998223e-01 9.975146101562500922e-01
3.900000000000000000e+02 9.950153234375000988e-01 9.966311203125000073e-01
3.950000000000000000e+02 9.951424468749999752e-01 9.977197882812500751e-01
4.000000000000000000e+02 9.948662148437501518e-01 9.978111203124999662e-01
4.050000000000000000e+02 9.959214671874999647e-01 9.967794843749999689e-01
4.100000000000000000e+02 9.960028796875001200e-01 9.976906929687500147e-01
4.150000000000000000e+02 9.948251999999999651e-01 9.968802226562498703e-01
4.200000000000000000e+02 9.952420937499997233e-01 9.963796617187499205e-01
4.250000000000000000e+02 9.968617539062499810e-01 9.971474742187499407e-01
4.300000000000000000e+02 9.965663796875002811e-01 9.962033195312500755e-01
4.350000000000000000e+02 9.952950070312498454e-01 9.970060281249997214e-01
4.400000000000000000e+02 9.955363234374999815e-01 9.970870718750000083e-01
4.450000000000000000e+02 9.944471968750001611e-01 9.975076804687500465e-01
4.500000000000000000e+02 9.965724132812500136e-01 9.971941929687497819e-01
4.550000000000000000e+02 9.961120203125000128e-01 9.962511226562499322e-01
4.600000000000000000e+02 9.956410484375000092e-01 9.967036796874998439e-01
4.650000000000000000e+02 9.969608148437499873e-01 9.977371015624999506e-01
4.700000000000000000e+02 9.962447945312499220e-01 9.977275765624998849e-01
4.750000000000000000e+02 9.961755679687497311e-01 9.970393039062498408e-01
4.800000000000000000e+02 9.961387890625001962e-01 9.978569429687496051e-01
4.850000000000000000e+02 9.952127351562498614e-01 9.982033570312500714e-01
4.900000000000000000e+02 9.953892453124998374e-01 9.987529812499997828e-01
4.950000000000000000e+02 9.950609257812500497e-01 9.969324914062500653e-01
