0.000000000000000000e+00 3.187499999999999362e-02 3.187499999999999362e-02
5.000000000000000000e+00 9.342771398437499375e-01 7.808658648437499794e-01
1.000000000000000000e+01 9.569829726562500971e-01 8.476294140624999196e-01
1.500000000000000000e+01 9.691748703124998254e-01 8.777149757812499065e-01
2.000000000000000000e+01 9.750094312499998361e-01 9.013244562500000168e-01
2.500000000000000000e+01 9.795524085937499237e-01 9.189346718749999976e-01
3.000000000000000000e+01 9.819066429687500763e-01 9.294432687499998291e-01
3.500000000000000000e+01 9.848587117187499462e-01 9.385368664062501143e-01
4.000000000000000000e+01 9.860965734375000125e-01 9.476480867187498935e-01
4.500000000000000000e+01 9.883389429687496897e-01 9.553598945312499202e-01
5.000000000000000000e+01 9.904370203124995831e-01 9.599362414062498905e-01
5.500000000000000000e+01 9.903691218749998137e-01 9.651737351562499345e-01
6.000000000000000000e+01 9.912509546874996857e-01 9.682898999999999257e-01
6.500000000000000000e+01 9.928390257812500508e-01 9.707903398437498499e-01
7.000000000000000000e+01 9.933539296874999147e-01 9.756289617187501317e-01
7.500000000000000000e+01 9.936925242187498730e-01 9.766081867187497156e-01
8.000000000000000000e+01 9.943673960937500222e-01 9.788123937499999538e-01
8.500000000000000000e+01 9.948404562500000603e-01 9.820898687499999280e-01
9.000000000000000000e+01 9.950954070312499899e-01 9.839001476562501125e-01
9.500000000000000000e+01 9.957708632812499738e-01 9.845965171874999644e-01
1.000000000000000000e+02 9.956536648437499526e-01 9.840363312499998960e-01
1.050000000000000000e+02 9.970138242187498445e-01 9.872656867187498131e-01
1.100000000000000000e+02 9.958541054687499727e-01 9.888551656249997546e-01
1.150000000000000000e+02 9.958096554687498880e-01 9.884595429687499379e-01
1.200000000000000000e+02 9.959325460937499264e-01 9.896584929687499699e-01
1.250000000000000000e+02 9.969654523437500027e-01 9.899622234375000662e-01
1.300000000000000000e+02 9.974709124999998622e-01 9.898816492187496596e-01
1.350000000000000000e+02 9.972721687499997989e-01 9.910241781249998771e-01
1.400000000000000000e+02 9.968664390624999427e-01 9.896047914062500173e-01
1.450000000000000000e+02 9.973382703124998860e-01 9.910839015625002579e-01
1.500000000000000000e+02 9.975952148437498002e-01 9.919552335937499299e-01
1.550000000000000000e+02 9.983226757812498908e-01 9.926426804687500383e-01
1.600000000000000000e+02 9.993496117187499195e-01 9.915981171874997946e-01
1.650000000000000000e+02 9.988060874999998839e-01 9.929027390624998173e-01
1.700000000000000000e+02 9.983999109374999126e-01 9.930591218750001170e-01
1.750000000000000000e+02 9.986260257812501484e-01 9.928331992187500177e-01
1.800000000000000000e+02 9.973093562499999454e-01 9.922070781249999749e-01
1.850000000000000000e+02 9.978954453125000734e-01 9.941739734375000248e-01
1.900000000000000000e+02 9.981227601562497886e-01 9.934951429687499669e-01
1.950000000000000000e+02 9.988482515625000113e-01 9.944857859374998110e-01
2.000000000000000000e+02 9.979673742187502583e-01 9.944348695312500430e-01
2.050000000000000000e+02 9.991171250000000503e-01 9.937922406249997120e-01
2.100000000000000000e+02 9.988544656249999099e-01 9.943990445312500537e-01
2.150000000000000000e+02 9.978024125000001243e-01 9.947601343749999936e-01
2.200000000000000000e+02 9.984583164062501570e-01 9.945958531250000956e-01
2.250000000000000000e+02 9.991257226562501037e-01 9.947028742187500328e-01
2.300000000000000000e+02 9.989117148437500759e-01 9.952860929687498137e-01
2.350000000000000000e+02 9.986885320312497427e-01 9.953497429687498954e-01
2.400000000000000000e+02 9.982468523437498797e-01 9.945809593750001287e-01
2.450000000000000000e+02 9.995526640624999848e-01 9.950605414062498877e-01
2.500000000000000000e+02 9.981272367187499217e-01 9.943818976562500689e-01
2.550000000000000000e+02 9.986954734374998699e-01 9.956770890624999648e-01
2.600000000000000000e+02 9.980964609374998187e-01 9.952348695312498439e-01
2.650000000000000000e+02 9.989145039062499176e-01 9.955723437499998107e-01
2.700000000000000000e+02 9.986376476562499604e-01 9.966689984374997868e-01
2.750000000000000000e+02 9.988422570312499582e-01 9.954113593750000266e-01
2.800000000000000000e+02 9.977922500000000472e-01 9.945346851562499868e-01
2.850000000000000000e+02 9.982140171874999135e-01 9.944528000000000256e-01
2.900000000000000000e+02 9.984392101562498123e-01 9.953623390624999345e-01
2.950000000000000000e+02 9.983618414062499502e-01 9.950794085937501032e-01
3.000000000000000000e+02 9.980577976562500231e-01 9.948177734374998860e-01
3.050000000000000000e+02 9.992071992187497864e-01 9.960772679687499576e-01
3.100000000000000000e+02 9.989372437500000368e-01 9.956530726562500266e-01
3.150000000000000000e+02 9.993133640624998204e-01 9.954258085937498501e-01
3.200000000000000000e+02 9.998517874999997002e-01 9.955944750000000898e-01
3.250000000000000000e+02 9.995616921874997951e-01 9.960968304687499719e-01
3.300000000000000000e+02 9.989460679687501843e-01 9.958422445312500315e-01
3.350000000000000000e+02 9.996539624999998264e-01 9.962608406249998660e-01
3.400000000000000000e+02 1.000092596875000073e+00 9.963373781249998951e-01
3.450000000000000000e+02 1.000842585937499862e+00 9.965568296874998122e-01
3.500000000000000000e+02 9.987059562499999155e-01 9.967041554687501304e-01
3.550000000000000000e+02 1.000304128906249979e+00 9.963320101562500586e-01
3.600000000000000000e+02 9.987875273437498702e-01 9.958435406249996902e-01
3.650000000000000000e+02 1.000061737500000048e+00 9.951646085937498887e-01
3.700000000000000000e+02 9.995165820312500449e-01 9.967178624999999403e-01
3.750000000000000000e+02 9.994069179687501414e-01 9.962870617187500333e-01
3.800000000000000000e+02 9.994229695312499828e-01 9.956402640624997247e-01
3.850000000000000000e+02 9.994774656249999500e-01 9.975146101562500922e-01
3.900000000000000000e+02 1.000454643749999928e+00 9.966311203125000073e-01
3.950000000000000000e+02 9.998052093749999480e-01 9.977197882812500751e-01
4.000000000000000000e+02 9.993852023437499454e-01 9.978111203124999662e-01
4.050000000000000000e+02 9.993615367187500542e-01 9.967794843749999689e-01
4.100000000000000000e+02 9.998372789062498489e-01 9.976906929687500147e-01
4.150000000000000000e+02 9.995301234375000288e-01 9.968802226562498703e-01
4.200000000000000000e+02 9.997947859374999302e-01 9.963796617187499205e-01
4.250000000000000000e+02 9.990784101562499853e-01 9.971474742187499407e-01
4.300000000000000000e+02 9.991931046874997779e-01 9.962033195312500755e-01
4.350000000000000000e+02 1.000042281250000054e+00 9.970060281249997214e-01
4.400000000000000000e+02 9.991311554687498653e-01 9.970870718750000083e-01
4.450000000000000000e+02 1.000771288281250060e+00 9.975076804687500465e-01
4.500000000000000000e+02 9.996225000000003025e-01 9.971941929687497819e-01
4.550000000000000000e+02 9.995530609374997377e-01 9.962511226562499322e-01
4.600000000000000000e+02 1.000049372656250046e+00 9.967036796874998439e-01
4.650000000000000000e+02 9.993551593750001905e-01 9.977371015624999506e-01
4.700000000000000000e+02 9.999874218750001154e-01 9.977275765624998849e-01
4.750000000000000000e+02 9.998316468749998132e-01 9.970393039062498408e-01
4.800000000000000000e+02 1.000408157031249967e+00 9.978569429687496051e-01
4.850000000000000000e+02 1.000189450781250100e+00 9.982033570312500714e-01
4.900000000000000000e+02 9.995968718749999038e-01 9.987529812499997828e-01
4.950000000000000000e+02 9.994840445312499488e-01 9.969324914062500653e-01
