0.000000000000000000e+00 3.187499999999999362e-02 3.187499999999999362e-02
5.000000000000000000e+00 9.952974281249998834e-01 7.808658648437499794e-01
1.000000000000000000e+01 9.970015492187499495e-01 8.476294140624999196e-01
1.500000000000000000e+01 9.973520007812501920e-01 8.777149757812499065e-01
2.000000000000000000e+01 9.987842109374998056e-01 9.013244562500000168e-01
2.500000000000000000e+01 9.974577140624999450e-01 9.189346718749999976e-01
3.000000000000000000e+01 9.972968695312498522e-01 9.294432687499998291e-01
3.500000000000000000e+01 9.989712015624998553e-01 9.385368664062501143e-01
4.000000000000000000e+01 9.991245601562497303e-01 9.476480867187498935e-01
4.500000000000000000e+01 9.986727828124999373e-01 9.553598945312499202e-01
5.000000000000000000e+01 9.990139210937497571e-01 9.599362414062498905e-01
5.500000000000000000e+01 9.983948078124997849e-01 9.651737351562499345e-01
6.000000000000000000e+01 9.995185218749998990e-01 9.682898999999999257e-01
6.500000000000000000e+01 9.986754664062500453e-01 9.707903398437498499e-01
7.000000000000000000e+01 9.986939664062498556e-01 9.756289617187501317e-01
7.500000000000000000e+01 1.000363796093749702e+00 9.766081867187497156e-01
8.000000000000000000e+01 1.000401856249999888e+00 9.788123937499999538e-01
8.500000000000000000e+01 9.987885546874999410e-01 9.820898687499999280e-01
9.000000000000000000e+01 9.990882109374996656e-01 9.839001476562501125e-01
9.500000000000000000e+01 9.989274750000001202e-01 9.845965171874999644e-01
1.000000000000000000e+02 1.000245446874999722e+00 9.840363312499998960e-01
1.050000000000000000e+02 9.990683187500000173e-01 9.872656867187498131e-01
1.100000000000000000e+02 9.987906367187496803e-01 9.888551656249997546e-01
1.150000000000000000e+02 9.988996210937498565e-01 9.884595429687499379e-01
1.200000000000000000e+02 9.987816039062498152e-01 9.896584929687499699e-01
1.250000000000000000e+02 1.000261841406249852e+00 9.899622234375000662e-01
1.300000000000000000e+02 1.000068742968749813e+00 9.898816492187496596e-01
1.350000000000000000e+02 1.000196409374999984e+00 9.910241781249998771e-01
1.400000000000000000e+02 9.983679249999999339e-01 9.896047914062500173e-01
1.450000000000000000e+02 9.996045179687499393e-01 9.910839015625002579e-01
1.500000000000000000e+02 9.995042617187500644e-01 9.919552335937499299e-01
1.550000000000000000e+02 9.994812726562496419e-01 9.926426804687500383e-01
1.600000000000000000e+02 9.993456695312501470e-01 9.915981171874997946e-01
1.650000000000000000e+02 9.995727257812501154e-01 9.929027390624998173e-01
1.700000000000000000e+02 1.000302872656249953e+00 9.930591218750001170e-01
1.750000000000000000e+02 1.000572860937499975e+00 9.928331992187500177e-01
1.800000000000000000e+02 1.000400860937499914e+00 9.922070781249999749e-01
1.850000000000000000e+02 9.998765867187499046e-01 9.941739734375000248e-01
1.900000000000000000e+02 1.000177289062500030e+00 9.934951429687499669e-01
1.950000000000000000e+02 9.999532351562498977e-01 9.944857859374998110e-01
2.000000000000000000e+02 1.000418914062499942e+00 9.944348695312500430e-01
2.050000000000000000e+02 9.996043851562500526e-01 9.937922406249997120e-01
2.100000000000000000e+02 1.000317930468749950e+00 9.943990445312500537e-01
2.150000000000000000e+02 9.993852343749999312e-01 9.947601343749999936e-01
2.200000000000000000e+02 1.000353497656250035e+00 9.945958531250000956e-01
2.250000000000000000e+02 9.997940742187502172e-01 9.947028742187500328e-01
2.300000000000000000e+02 9.991651101562497583e-01 9.952860929687498137e-01
2.350000000000000000e+02 1.000222157031250170e+00 9.953497429687498954e-01
2.400000000000000000e+02 9.986923546874999502e-01 9.945809593750001287e-01
2.450000000000000000e+02 9.992492125000002057e-01 9.950605414062498877e-01
2.500000000000000000e+02 9.987795640625000138e-01 9.943818976562500689e-01
2.550000000000000000e+02 9.988189476562500113e-01 9.956770890624999648e-01
2.600000000000000000e+02 9.990424289062499463e-01 9.952348695312498439e-01
2.650000000000000000e+02 1.000342801562499995e+00 9.955723437499998107e-01
2.700000000000000000e+02 9.995734984374999854e-01 9.966689984374997868e-01
2.750000000000000000e+02 1.000059542968749771e+00 9.954113593750000266e-01
2.800000000000000000e+02 9.990837265624999963e-01 9.945346851562499868e-01
2.850000000000000000e+02 9.991128828124997696e-01 9.944528000000000256e-01
2.900000000000000000e+02 9.987757953124999366e-01 9.953623390624999345e-01
2.950000000000000000e+02 9.997532484375000195e-01 9.950794085937501032e-01
3.000000000000000000e+02 9.992527695312499736e-01 9.948177734374998860e-01
3.050000000000000000e+02 1.000096864062499868e+00 9.960772679687499576e-01
3.100000000000000000e+02 9.992184945312496680e-01 9.956530726562500266e-01
3.150000000000000000e+02 9.995591195312499844e-01 9.954258085937498501e-01
3.200000000000000000e+02 9.998739156250000537e-01 9.955944750000000898e-01
3.250000000000000000e+02 9.992147375000000054e-01 9.960968304687499719e-01
3.300000000000000000e+02 1.000756649218749850e+00 9.958422445312500315e-01
3.350000000000000000e+02 1.000164665624999838e+00 9.962608406249998660e-01
3.400000000000000000e+02 9.999382492187501859e-01 9.963373781249998951e-01
3.450000000000000000e+02 9.996552062500001501e-01 9.965568296874998122e-01
3.500000000000000000e+02 9.991515968749998811e-01 9.967041554687501304e-01
3.550000000000000000e+02 1.000256014843750041e+00 9.963320101562500586e-01
3.600000000000000000e+02 1.000030435156249897e+00 9.958435406249996902e-01
3.650000000000000000e+02 9.996242601562498331e-01 9.951646085937498887e-01
3.700000000000000000e+02 9.990950179687502208e-01 9.967178624999999403e-01
3.750000000000000000e+02 9.995875648437501093e-01 9.962870617187500333e-01
3.800000000000000000e+02 9.995345796875000355e-01 9.956402640624997247e-01
3.850000000000000000e+02 1.000228552343749966e+00 9.975146101562500922e-01
3.900000000000000000e+02 9.988410531250002666e-01 9.966311203125000073e-01
3.950000000000000000e+02 1.000471283593749927e+00 9.977197882812500751e-01
4.000000000000000000e+02 1.000568068749999817e+00 9.978111203124999662e-01
4.050000000000000000e+02 9.992566023437499112e-01 9.967794843749999689e-01
4.100000000000000000e+02 1.001533285937500128e+00 9.976906929687500147e-01
4.150000000000000000e+02 9.990637867187499577e-01 9.968802226562498703e-01
4.200000000000000000e+02 1.000152830468750143e+00 9.963796617187499205e-01
4.250000000000000000e+02 1.000317454687499774e+00 9.971474742187499407e-01
4.300000000000000000e+02 9.996036921875000036e-01 9.962033195312500755e-01
4.350000000000000000e+02 1.000004043749999960e+00 9.970060281249997214e-01
4.400000000000000000e+02 9.998656421874997369e-01 9.970870718750000083e-01
4.450000000000000000e+02 9.998906062499999248e-01 9.975076804687500465e-01
4.500000000000000000e+02 9.997841781249998672e-01 9.971941929687497819e-01
4.550000000000000000e+02 1.000148594531249824e+00 9.962511226562499322e-01
4.600000000000000000e+02 1.000121985156249727e+00 9.967036796874998439e-01
4.650000000000000000e+02 1.000039516406250106e+00 9.977371015624999506e-01
4.700000000000000000e+02 1.000668371875000018e+00 9.977275765624998849e-01
4.750000000000000000e+02 1.000141875781249912e+00 9.970393039062498408e-01
4.800000000000000000e+02 1.000233489843749934e+00 9.978569429687496051e-01
4.850000000000000000e+02 9.992358867187498550e-01 9.982033570312500714e-01
4.900000000000000000e+02 1.000346790625000093e+00 9.987529812499997828e-01
4.950000000000000000e+02 9.985364070312497953e-01 9.969324914062500653e-01
