0.000000000000000000e+00 3.187499999999999362e-02 3.187499999999999362e-02
5.000000000000000000e+00 9.812184257812500698e-01 7.808658648437499794e-01
1.000000000000000000e+01 9.858298257812500021e-01 8.476294140624999196e-01
1.500000000000000000e+01 9.864108992187500258e-01 8.777149757812499065e-01
2.000000000000000000e+01 9.885690804687499167e-01 9.013244562500000168e-01
2.500000000000000000e+01 9.886889507812499645e-01 9.189346718749999976e-01
3.000000000000000000e+01 9.891597382812499228e-01 9.294432687499998291e-01
3.500000000000000000e+01 9.907098117187498332e-01 9.385368664062501143e-01
4.000000000000000000e+01 9.908070093750002139e-01 9.476480867187498935e-01
4.500000000000000000e+01 9.903073250000000716e-01 9.553598945312499202e-01
5.000000000000000000e+01 9.906976851562496744e-01 9.599362414062498905e-01
5.500000000000000000e+01 9.906943414062501230e-01 9.651737351562499345e-01
6.000000000000000000e+01 9.924803515624999184e-01 9.682898999999999257e-01
6.500000000000000000e+01 9.924685585937498278e-01 9.707903398437498499e-01
7.000000000000000000e+01 9.924528414062498971e-01 9.756289617187501317e-01
7.500000000000000000e+01 9.917755179687499645e-01 9.766081867187497156e-01
8.000000000000000000e+01 9.919953898437497974e-01 9.788123937499999538e-01
8.500000000000000000e+01 9.934628031249997937e-01 9.820898687499999280e-01
9.000000000000000000e+01 9.933587562500001411e-01 9.839001476562501125e-01
9.500000000000000000e+01 9.932913640625000706e-01 9.845965171874999644e-01
1.000000000000000000e+02 9.933265851562499416e-01 9.840363312499998960e-01
1.050000000000000000e+02 9.935219132812498355e-01 9.872656867187498131e-01
1.100000000000000000e+02 9.942859156250000163e-01 9.888551656249997546e-01
1.150000000000000000e+02 9.934980859375001083e-01 9.884595429687499379e-01
1.200000000000000000e+02 9.944507210937499897e-01 9.896584929687499699e-01
1.250000000000000000e+02 9.939494499999999011e-01 9.899622234375000662e-01
1.300000000000000000e+02 9.929898296875000474e-01 9.898816492187496596e-01
1.350000000000000000e+02 9.936214390624998893e-01 9.910241781249998771e-01
1.400000000000000000e+02 9.949084742187498387e-01 9.896047914062500173e-01
1.450000000000000000e+02 9.940630031250001775e-01 9.910839015625002579e-01
1.500000000000000000e+02 9.951851585937498967e-01 9.919552335937499299e-01
1.550000000000000000e+02 9.950977281249999695e-01 9.926426804687500383e-01
1.600000000000000000e+02 9.941587124999997638e-01 9.915981171874997946e-01
1.650000000000000000e+02 9.933995734374999609e-01 9.929027390624998173e-01
1.700000000000000000e+02 9.939130687500000727e-01 9.930591218750001170e-01
1.750000000000000000e+02 9.949599304687499757e-01 9.928331992187500177e-01
1.800000000000000000e+02 9.942821703124999910e-01 9.922070781249999749e-01
1.850000000000000000e+02 9.953256437499998777e-01 9.941739734375000248e-01
1.900000000000000000e+02 9.945468101562499053e-01 9.934951429687499669e-01
1.950000000000000000e+02 9.945740007812500227e-01 9.944857859374998110e-01
2.000000000000000000e+02 9.955570078125000055e-01 9.944348695312500430e-01
2.050000000000000000e+02 9.953771414062501099e-01 9.937922406249997120e-01
2.100000000000000000e+02 9.950628578124998125e-01 9.943990445312500537e-01
2.150000000000000000e+02 9.949852992187502299e-01 9.947601343749999936e-01
2.200000000000000000e+02 9.955539015625000099e-01 9.945958531250000956e-01
2.250000000000000000e+02 9.955036609374999790e-01 9.947028742187500328e-01
2.300000000000000000e+02 9.938219328124999752e-01 9.952860929687498137e-01
2.350000000000000000e+02 9.955341031250000139e-01 9.953497429687498954e-01
2.400000000000000000e+02 9.943162734374999534e-01 9.945809593750001287e-01
2.450000000000000000e+02 9.949956320312500768e-01 9.950605414062498877e-01
2.500000000000000000e+02 9.958026812499998215e-01 9.943818976562500689e-01
2.550000000000000000e+02 9.962100976562497934e-01 9.956770890624999648e-01
2.600000000000000000e+02 9.952669062499998054e-01 9.952348695312498439e-01
2.650000000000000000e+02 9.959691835937499738e-01 9.955723437499998107e-01
2.700000000000000000e+02 9.962667710937498367e-01 9.966689984374997868e-01
2.750000000000000000e+02 9.956352421875001024e-01 9.954113593750000266e-01
2.800000000000000000e+02 9.956939195312497493e-01 9.945346851562499868e-01
2.850000000000000000e+02 9.967527687499997402e-01 9.944528000000000256e-01
2.900000000000000000e+02 9.951205234374999042e-01 9.953623390624999345e-01
2.950000000000000000e+02 9.967435765624997890e-01 9.950794085937501032e-01
3.000000000000000000e+02 9.969985289062499589e-01 9.948177734374998860e-01
3.050000000000000000e+02 9.957740945312500980e-01 9.960772679687499576e-01
3.100000000000000000e+02 9.965668218749998974e-01 9.956530726562500266e-01
3.150000000000000000e+02 9.961956140624999012e-01 9.954258085937498501e-01
3.200000000000000000e+02 9.952140179687498645e-01 9.955944750000000898e-01
3.250000000000000000e+02 9.960900890624998505e-01 9.960968304687499719e-01
3.300000000000000000e+02 9.955132257812498997e-01 9.958422445312500315e-01
3.350000000000000000e+02 9.958178531249999299e-01 9.962608406249998660e-01
3.400000000000000000e+02 9.955676218750000306e-01 9.963373781249998951e-01
3.450000000000000000e+02 9.964452601562499012e-01 9.965568296874998122e-01
3.500000000000000000e+02 9.960914289062499094e-01 9.967041554687501304e-01
3.550000000000000000e+02 9.969166148437500485e-01 9.963320101562500586e-01
3.600000000000000000e+02 9.962029687499998065e-01 9.958435406249996902e-01
3.650000000000000000e+02 9.970603523437497895e-01 9.951646085937498887e-01
3.700000000000000000e+02 9.961663781249999738e-01 9.967178624999999403e-01
3.750000000000000000e+02 9.966970218750000887e-01 9.962870617187500333e-01
3.800000000000000000e+02 9.965442351562499024e-01 9.956402640624997247e-01
3.850000000000000000e+02 9.973775781249999417e-01 9.975146101562500922e-01
3.900000000000000000e+02 9.958395734374999586e-01 9.966311203125000073e-01
3.950000000000000000e+02 9.960612078124999602e-01 9.977197882812500751e-01
4.000000000000000000e+02 9.965470703125000052e-01 9.978111203124999662e-01
4.050000000000000000e+02 9.961207585937501552e-01 9.967794843749999689e-01
4.100000000000000000e+02 9.966509648437499314e-01 9.976906929687500147e-01
4.150000000000000000e+02 9.976789515625001936e-01 9.968802226562498703e-01
4.200000000000000000e+02 9.970933265624999375e-01 9.963796617187499205e-01
4.250000000000000000e+02 9.966035273437500175e-01 9.971474742187499407e-01
4.300000000000000000e+02 9.960395789062499450e-01 9.962033195312500755e-01
4.350000000000000000e+02 9.965478687500001209e-01 9.970060281249997214e-01
4.400000000000000000e+02 9.973703179687500864e-01 9.970870718750000083e-01
4.450000000000000000e+02 9.967070390624999110e-01 9.975076804687500465e-01
4.500000000000000000e+02 9.969923148437498384e-01 9.971941929687497819e-01
4.550000000000000000e+02 9.955682289062499635e-01 9.962511226562499322e-01
4.600000000000000000e+02 9.972714445312498288e-01 9.967036796874998439e-01
4.650000000000000000e+02 9.969841367187498582e-01 9.977371015624999506e-01
4.700000000000000000e+02 9.967575234374999038e-01 9.977275765624998849e-01
4.750000000000000000e+02 9.963752531250001931e-01 9.970393039062498408e-01
4.800000000000000000e+02 9.965699281249997821e-01 9.978569429687496051e-01
4.850000000000000000e+02 9.973486976562501161e-01 9.982033570312500714e-01
4.900000000000000000e+02 9.967941367187498347e-01 9.987529812499997828e-01
4.950000000000000000e+02 9.961372789062499233e-01 9.969324914062500653e-01
