0.000000000000000000e+00 3.187499999999999362e-02 3.187499999999999362e-02
5.000000000000000000e+00 9.919305898437500435e-01 7.808658648437499794e-01
1.000000000000000000e+01 9.924327984374998746e-01 8.476294140624999196e-01
1.500000000000000000e+01 9.931307625000000971e-01 8.777149757812499065e-01
2.000000000000000000e+01 9.931392710937499979e-01 9.013244562500000168e-01
2.500000000000000000e+01 9.929209374999998783e-01 9.189346718749999976e-01
3.000000000000000000e+01 9.924107328124996963e-01 9.294432687499998291e-01
3.500000000000000000e+01 9.956262195312500785e-01 9.385368664062501143e-01
4.000000000000000000e+01 9.951347992187498104e-01 9.476480867187498935e-01
4.500000000000000000e+01 9.939597187499999986e-01 9.553598945312499202e-01
5.000000000000000000e+01 9.951736421875001515e-01 9.599362414062498905e-01
5.500000000000000000e+01 9.950479453125000706e-01 9.651737351562499345e-01
6.000000000000000000e+01 9.946472968749997534e-01 9.682898999999999257e-01
6.500000000000000000e+01 9.955456679687498811e-01 9.707903398437498499e-01
7.000000000000000000e+01 9.953488273437500755e-01 9.756289617187501317e-01
7.500000000000000000e+01 9.955054039062499749e-01 9.766081867187497156e-01
8.000000000000000000e+01 9.970586281250002347e-01 9.788123937499999538e-01
8.500000000000000000e+01 9.964321921874997878e-01 9.820898687499999280e-01
9.000000000000000000e+01 9.960629343749998199e-01 9.839001476562501125e-01
9.500000000000000000e+01 9.975915359374998292e-01 9.845965171874999644e-01
1.000000000000000000e+02 9.961996046874999067e-01 9.840363312499998960e-01
1.050000000000000000e+02 9.960479453124999605e-01 9.872656867187498131e-01
1.100000000000000000e+02 9.967462585937498787e-01 9.888551656249997546e-01
1.150000000000000000e+02 9.974167234374998747e-01 9.884595429687499379e-01
1.200000000000000000e+02 9.969257335937499187e-01 9.896584929687499699e-01
1.250000000000000000e+02 9.953278624999999380e-01 9.899622234375000662e-01
1.300000000000000000e+02 9.964682578125000356e-01 9.898816492187496596e-01
1.350000000000000000e+02 9.965430429687499592e-01 9.910241781249998771e-01
1.400000000000000000e+02 9.980714820312501789e-01 9.896047914062500173e-01
1.450000000000000000e+02 9.966737398437498507e-01 9.910839015625002579e-01
1.500000000000000000e+02 9.973707406249998630e-01 9.919552335937499299e-01
1.550000000000000000e+02 9.971870609374999805e-01 9.926426804687500383e-01
1.600000000000000000e+02 9.975213546874999171e-01 9.915981171874997946e-01
1.650000000000000000e+02 9.966592390625000908e-01 9.929027390624998173e-01
1.700000000000000000e+02 9.969465796875001118e-01 9.930591218750001170e-01
1.750000000000000000e+02 9.965097914062501783e-01 9.928331992187500177e-01
1.800000000000000000e+02 9.975781835937498343e-01 9.922070781249999749e-01
1.850000000000000000e+02 9.959033312499997459e-01 9.941739734375000248e-01
1.900000000000000000e+02 9.970288843749999241e-01 9.934951429687499669e-01
1.950000000000000000e+02 9.976352250000000144e-01 9.944857859374998110e-01
2.000000000000000000e+02 9.974755523437497384e-01 9.944348695312500430e-01
2.050000000000000000e+02 9.975767429687498744e-01 9.937922406249997120e-01
2.100000000000000000e+02 9.971199507812498197e-01 9.943990445312500537e-01
2.150000000000000000e+02 9.971804312499999989e-01 9.947601343749999936e-01
2.200000000000000000e+02 9.969127984374999141e-01 9.945958531250000956e-01
2.250000000000000000e+02 9.976268882812501237e-01 9.947028742187500328e-01
2.300000000000000000e+02 9.985250968749997957e-01 9.952860929687498137e-01
2.350000000000000000e+02 9.984364281249999973e-01 9.953497429687498954e-01
2.400000000000000000e+02 9.977569242187500631e-01 9.945809593750001287e-01
2.450000000000000000e+02 9.977936023437499191e-01 9.950605414062498877e-01
2.500000000000000000e+02 9.994100031249999461e-01 9.943818976562500689e-01
2.550000000000000000e+02 9.968432257812500641e-01 9.956770890624999648e-01
2.600000000000000000e+02 9.983441781250000924e-01 9.952348695312498439e-01
2.650000000000000000e+02 9.987629492187499736e-01 9.955723437499998107e-01
2.700000000000000000e+02 9.977406671874999855e-01 9.966689984374997868e-01
2.750000000000000000e+02 9.987882328124998432e-01 9.954113593750000266e-01
2.800000000000000000e+02 9.970154437499998412e-01 9.945346851562499868e-01
2.850000000000000000e+02 9.972813023437498980e-01 9.944528000000000256e-01
2.900000000000000000e+02 9.967240367187499839e-01 9.953623390624999345e-01
2.950000000000000000e+02 9.977910320312497472e-01 9.950794085937501032e-01
3.000000000000000000e+02 9.987260187499999997e-01 9.948177734374998860e-01
3.050000000000000000e+02 9.971539671874998234e-01 9.960772679687499576e-01
3.100000000000000000e+02 9.971260328125000072e-01 9.956530726562500266e-01
3.150000000000000000e+02 9.980129124999999046e-01 9.954258085937498501e-01
3.200000000000000000e+02 9.977564726562500041e-01 9.955944750000000898e-01
3.250000000000000000e+02 9.981534296875000933e-01 9.960968304687499719e-01
3.300000000000000000e+02 9.970350687499998088e-01 9.958422445312500315e-01
3.350000000000000000e+02 9.984819624999998755e-01 9.962608406249998660e-01
3.400000000000000000e+02 9.980886882812500804e-01 9.963373781249998951e-01
3.450000000000000000e+02 9.982880656249999429e-01 9.965568296874998122e-01
3.500000000000000000e+02 9.982332546874997936e-01 9.967041554687501304e-01
3.550000000000000000e+02 9.969943390624997903e-01 9.963320101562500586e-01
3.600000000000000000e+02 9.996856382812501218e-01 9.958435406249996902e-01
3.650000000000000000e+02 9.976968609374997632e-01 9.951646085937498887e-01
3.700000000000000000e+02 9.988674578124999703e-01 9.967178624999999403e-01
3.750000000000000000e+02 9.984317531249999877e-01 9.962870617187500333e-01
3.800000000000000000e+02 9.981120328125001606e-01 9.956402640624997247e-01
3.850000000000000000e+02 9.980635210937499613e-01 9.975146101562500922e-01
3.900000000000000000e+02 9.980959382812499836e-01 9.966311203125000073e-01
3.950000000000000000e+02 9.989672679687500167e-01 9.977197882812500751e-01
4.000000000000000000e+02 9.976052609374997937e-01 9.978111203124999662e-01
4.050000000000000000e+02 9.988807414062499390e-01 9.967794843749999689e-01
4.100000000000000000e+02 9.975864273437501373e-01 9.976906929687500147e-01
4.150000000000000000e+02 9.981205078125002794e-01 9.968802226562498703e-01
4.200000000000000000e+02 9.987869648437500691e-01 9.963796617187499205e-01
4.250000000000000000e+02 9.980200414062497805e-01 9.971474742187499407e-01
4.300000000000000000e+02 9.989258171875000647e-01 9.962033195312500755e-01
4.350000000000000000e+02 9.983700015624998869e-01 9.970060281249997214e-01
4.400000000000000000e+02 9.977526250000000596e-01 9.970870718750000083e-01
4.450000000000000000e+02 9.994598179687500528e-01 9.975076804687500465e-01
4.500000000000000000e+02 9.981962921875000561e-01 9.971941929687497819e-01
4.550000000000000000e+02 9.980802703125000175e-01 9.962511226562499322e-01
4.600000000000000000e+02 9.991127289062499139e-01 9.967036796874998439e-01
4.650000000000000000e+02 9.999218921875000499e-01 9.977371015624999506e-01
4.700000000000000000e+02 9.973848812499997996e-01 9.977275765624998849e-01
4.750000000000000000e+02 9.997718500000001285e-01 9.970393039062498408e-01
4.800000000000000000e+02 9.980568921874999333e-01 9.978569429687496051e-01
4.850000000000000000e+02 9.999524179687497849e-01 9.982033570312500714e-01
4.900000000000000000e+02 9.991836843750000474e-01 9.987529812499997828e-01
4.950000000000000000e+02 9.975446421875000524e-01 9.969324914062500653e-01
