0.000000000000000000e+00 3.187499999999999362e-02 3.187499999999999362e-02
5.000000000000000000e+00 9.836184054687500122e-01 7.808658648437499794e-01
1.000000000000000000e+01 9.864948375000001102e-01 8.476294140624999196e-01
1.500000000000000000e+01 9.867135898437500163e-01 8.777149757812499065e-01
2.000000000000000000e+01 9.892506578125001004e-01 9.013244562500000168e-01
2.500000000000000000e+01 9.888870460937498885e-01 9.189346718749999976e-01
3.000000000000000000e+01 9.899865593749996862e-01 9.294432687499998291e-01
3.500000000000000000e+01 9.909833828124998689e-01 9.385368664062501143e-01
4.000000000000000000e+01 9.911962007812500364e-01 9.476480867187498935e-01
4.500000000000000000e+01 9.912923492187498686e-01 9.553598945312499202e-01
5.000000000000000000e+01 9.898020679687498102e-01 9.599362414062498905e-01
5.500000000000000000e+01 9.925022187499999982e-01 9.651737351562499345e-01
6.000000000000000000e+01 9.922028218750000850e-01 9.682898999999999257e-01
6.500000000000000000e+01 9.921428554687498069e-01 9.707903398437498499e-01
7.000000000000000000e+01 9.925970781249999764e-01 9.756289617187501317e-01
7.500000000000000000e+01 9.933494890624998686e-01 9.766081867187497156e-01
8.000000000000000000e+01 9.929981937499998690e-01 9.788123937499999538e-01
8.500000000000000000e+01 9.930766195312499267e-01 9.820898687499999280e-01
9.000000000000000000e+01 9.930334195312499057e-01 9.839001476562501125e-01
9.500000000000000000e+01 9.934652445312499580e-01 9.845965171874999644e-01
1.000000000000000000e+02 9.933629523437499387e-01 9.840363312499998960e-01
1.050000000000000000e+02 9.950601023437503079e-01 9.872656867187498131e-01
1.100000000000000000e+02 9.934198445312499848e-01 9.888551656249997546e-01
1.150000000000000000e+02 9.934820132812498539e-01 9.884595429687499379e-01
1.200000000000000000e+02 9.949745898437498681e-01 9.896584929687499699e-01
1.250000000000000000e+02 9.935893687500000349e-01 9.899622234375000662e-01
1.300000000000000000e+02 9.935587585937497579e-01 9.898816492187496596e-01
1.350000000000000000e+02 9.936265726562499845e-01 9.910241781249998771e-01
1.400000000000000000e+02 9.935618781249999643e-01 9.896047914062500173e-01
1.450000000000000000e+02 9.940539687499997390e-01 9.910839015625002579e-01
1.500000000000000000e+02 9.941518906249999787e-01 9.919552335937499299e-01
1.550000000000000000e+02 9.946215679687501199e-01 9.926426804687500383e-01
1.600000000000000000e+02 9.938400210937498036e-01 9.915981171874997946e-01
1.650000000000000000e+02 9.946254968749999037e-01 9.929027390624998173e-01
1.700000000000000000e+02 9.946713781249998387e-01 9.930591218750001170e-01
1.750000000000000000e+02 9.961934398437500837e-01 9.928331992187500177e-01
1.800000000000000000e+02 9.932184749999999340e-01 9.922070781249999749e-01
1.850000000000000000e+02 9.933427992187497946e-01 9.941739734375000248e-01
1.900000000000000000e+02 9.948911382812500870e-01 9.934951429687499669e-01
1.950000000000000000e+02 9.947103695312499161e-01 9.944857859374998110e-01
2.000000000000000000e+02 9.945766968750000547e-01 9.944348695312500430e-01
2.050000000000000000e+02 9.943759453124998426e-01 9.937922406249997120e-01
2.100000000000000000e+02 9.944425898437498912e-01 9.943990445312500537e-01
2.150000000000000000e+02 9.938519742187500450e-01 9.947601343749999936e-01
2.200000000000000000e+02 9.938252296874999780e-01 9.945958531250000956e-01
2.250000000000000000e+02 9.940087585937499304e-01 9.947028742187500328e-01
2.300000000000000000e+02 9.951085773437500226e-01 9.952860929687498137e-01
2.350000000000000000e+02 9.955644398437499820e-01 9.953497429687498954e-01
2.400000000000000000e+02 9.954164851562501415e-01 9.945809593750001287e-01
2.450000000000000000e+02 9.947419640625000392e-01 9.950605414062498877e-01
2.500000000000000000e+02 9.945830156250001775e-01 9.943818976562500689e-01
2.550000000000000000e+02 9.955906804687500999e-01 9.956770890624999648e-01
2.600000000000000000e+02 9.962008531250001742e-01 9.952348695312498439e-01
2.650000000000000000e+02 9.960918367187501232e-01 9.955723437499998107e-01
2.700000000000000000e+02 9.951258570312500051e-01 9.966689984374997868e-01
2.750000000000000000e+02 9.958997078125001456e-01 9.954113593750000266e-01
2.800000000000000000e+02 9.959957828124998969e-01 9.945346851562499868e-01
2.850000000000000000e+02 9.957924304687496564e-01 9.944528000000000256e-01
2.900000000000000000e+02 9.957986929687500099e-01 9.953623390624999345e-01
2.950000000000000000e+02 9.962147851562500600e-01 9.950794085937501032e-01
3.000000000000000000e+02 9.959692093749999975e-01 9.948177734374998860e-01
3.050000000000000000e+02 9.950154078125000856e-01 9.960772679687499576e-01
3.100000000000000000e+02 9.950146046874998040e-01 9.956530726562500266e-01
3.150000000000000000e+02 9.965449601562499371e-01 9.954258085937498501e-01
3.200000000000000000e+02 9.953972242187498765e-01 9.955944750000000898e-01
3.250000000000000000e+02 9.958271710937500742e-01 9.960968304687499719e-01
3.300000000000000000e+02 9.949729195312499996e-01 9.958422445312500315e-01
3.350000000000000000e+02 9.959750398437501318e-01 9.962608406249998660e-01
3.400000000000000000e+02 9.959132820312497358e-01 9.963373781249998951e-01
3.450000000000000000e+02 9.951435601562501621e-01 9.965568296874998122e-01
3.500000000000000000e+02 9.949412726562500975e-01 9.967041554687501304e-01
3.550000000000000000e+02 9.954190718749998945e-01 9.963320101562500586e-01
3.600000000000000000e+02 9.958386226562498944e-01 9.958435406249996902e-01
3.650000000000000000e+02 9.957781515625001578e-01 9.951646085937498887e-01
3.700000000000000000e+02 9.952613789062499938e-01 9.967178624999999403e-01
3.750000000000000000e+02 9.968402742187499888e-01 9.962870617187500333e-01
3.800000000000000000e+02 9.955337632812500948e-01 9.956402640624997247e-01
3.850000000000000000e+02 9.957565054687501638e-01 9.975146101562500922e-01
3.900000000000000000e+02 9.956235328124998230e-01 9.966311203125000073e-01
3.950000000000000000e+02 9.960834640625000347e-01 9.977197882812500751e-01
4.000000000000000000e+02 9.969237437499997023e-01 9.978111203124999662e-01
4.050000000000000000e+02 9.974128046875000431e-01 9.967794843749999689e-01
4.100000000000000000e+02 9.956219804687499453e-01 9.976906929687500147e-01
4.150000000000000000e+02 9.961944960937498816e-01 9.968802226562498703e-01
4.200000000000000000e+02 9.959469867187500380e-01 9.963796617187499205e-01
4.250000000000000000e+02 9.968045625000000465e-01 9.971474742187499407e-01
4.300000000000000000e+02 9.949586328124999657e-01 9.962033195312500755e-01
4.350000000000000000e+02 9.962809054687499222e-01 9.970060281249997214e-01
4.400000000000000000e+02 9.952571273437499366e-01 9.970870718750000083e-01
4.450000000000000000e+02 9.963974476562501570e-01 9.975076804687500465e-01
4.500000000000000000e+02 9.947812328124998604e-01 9.971941929687497819e-01
4.550000000000000000e+02 9.955224984374997366e-01 9.962511226562499322e-01
4.600000000000000000e+02 9.969084179687499603e-01 9.967036796874998439e-01
4.650000000000000000e+02 9.963165187499999353e-01 9.977371015624999506e-01
4.700000000000000000e+02 9.962900914062500224e-01 9.977275765624998849e-01
4.750000000000000000e+02 9.970443023437496333e-01 9.970393039062498408e-01
4.800000000000000000e+02 9.967140898437500951e-01 9.978569429687496051e-01
4.850000000000000000e+02 9.965376867187500931e-01 9.982033570312500714e-01
4.900000000000000000e+02 9.967436429687497323e-01 9.987529812499997828e-01
4.950000000000000000e+02 9.954805148437498863e-01 9.969324914062500653e-01
