0.000000000000000000e+00 3.187499999999999362e-02 3.187499999999999362e-02
5.000000000000000000e+00 9.916636976562498429e-01 7.808658648437499794e-01
1.000000000000000000e+01 9.929044476562498556e-01 8.476294140624999196e-01
1.500000000000000000e+01 9.943340437500001183e-01 8.777149757812499065e-01
2.000000000000000000e+01 9.953762601562499146e-01 9.013244562500000168e-01
2.500000000000000000e+01 9.962720585937500095e-01 9.189346718749999976e-01
3.000000000000000000e+01 9.962210406250001649e-01 9.294432687499998291e-01
3.500000000000000000e+01 9.975046812499999138e-01 9.385368664062501143e-01
4.000000000000000000e+01 9.976198367187499860e-01 9.476480867187498935e-01
4.500000000000000000e+01 9.976592687499998835e-01 9.553598945312499202e-01
5.000000000000000000e+01 9.981059476562498256e-01 9.599362414062498905e-01
5.500000000000000000e+01 9.980160476562499605e-01 9.651737351562499345e-01
6.000000000000000000e+01 9.974236867187500355e-01 9.682898999999999257e-01
6.500000000000000000e+01 9.969710257812499643e-01 9.707903398437498499e-01
7.000000000000000000e+01 9.978902046875000043e-01 9.756289617187501317e-01
7.500000000000000000e+01 9.975480265625000786e-01 9.766081867187497156e-01
8.000000000000000000e+01 9.987744476562501195e-01 9.788123937499999538e-01
8.500000000000000000e+01 9.982415015625001331e-01 9.820898687499999280e-01
9.000000000000000000e+01 9.987119867187498334e-01 9.839001476562501125e-01
9.500000000000000000e+01 9.989045953124998656e-01 9.845965171874999644e-01
1.000000000000000000e+02 9.975900007812498194e-01 9.840363312499998960e-01
1.050000000000000000e+02 9.989975937499997460e-01 9.872656867187498131e-01
1.100000000000000000e+02 9.988319726562497891e-01 9.888551656249997546e-01
1.150000000000000000e+02 9.978115210937501534e-01 9.884595429687499379e-01
1.200000000000000000e+02 9.977230304687501050e-01 9.896584929687499699e-01
1.250000000000000000e+02 9.989059359374999891e-01 9.899622234375000662e-01
1.300000000000000000e+02 9.991363546875000612e-01 9.898816492187496596e-01
1.350000000000000000e+02 9.983569101562501658e-01 9.910241781249998771e-01
1.400000000000000000e+02 9.985534406250000661e-01 9.896047914062500173e-01
1.450000000000000000e+02 9.981313124999999786e-01 9.910839015625002579e-01
1.500000000000000000e+02 9.988963242187500757e-01 9.919552335937499299e-01
1.550000000000000000e+02 9.995543015624999139e-01 9.926426804687500383e-01
1.600000000000000000e+02 9.981954218749999885e-01 9.915981171874997946e-01
1.650000000000000000e+02 9.988879257812499635e-01 9.929027390624998173e-01
1.700000000000000000e+02 9.991355023437499261e-01 9.930591218750001170e-01
1.750000000000000000e+02 9.994466437500000300e-01 9.928331992187500177e-01
1.800000000000000000e+02 9.992478203125001457e-01 9.922070781249999749e-01
1.850000000000000000e+02 9.977914601562497543e-01 9.941739734375000248e-01
1.900000000000000000e+02 9.988412242187498791e-01 9.934951429687499669e-01
1.950000000000000000e+02 9.998353632812501113e-01 9.944857859374998110e-01
2.000000000000000000e+02 1.000354324999999767e+00 9.944348695312500430e-01
2.050000000000000000e+02 9.992320593749998148e-01 9.937922406249997120e-01
2.100000000000000000e+02 9.996905304687500049e-01 9.943990445312500537e-01
2.150000000000000000e+02 9.988587796874999203e-01 9.947601343749999936e-01
2.200000000000000000e+02 9.982180960937500069e-01 9.945958531250000956e-01
2.250000000000000000e+02 9.987777976562499660e-01 9.947028742187500328e-01
2.300000000000000000e+02 9.987405273437499620e-01 9.952860929687498137e-01
2.350000000000000000e+02 1.000033880468750080e+00 9.953497429687498954e-01
2.400000000000000000e+02 9.986941804687499147e-01 9.945809593750001287e-01
2.450000000000000000e+02 9.996345304687501709e-01 9.950605414062498877e-01
2.500000000000000000e+02 9.983300421875000996e-01 9.943818976562500689e-01
2.550000000000000000e+02 9.995564140625001759e-01 9.956770890624999648e-01
2.600000000000000000e+02 9.978959851562499983e-01 9.952348695312498439e-01
2.650000000000000000e+02 1.000483031249999932e+00 9.955723437499998107e-01
2.700000000000000000e+02 9.982366710937500276e-01 9.966689984374997868e-01
2.750000000000000000e+02 9.980957445312499399e-01 9.954113593750000266e-01
2.800000000000000000e+02 9.980498640625002915e-01 9.945346851562499868e-01
2.850000000000000000e+02 9.997315468750000989e-01 9.944528000000000256e-01
2.900000000000000000e+02 9.988158109375000482e-01 9.953623390624999345e-01
2.950000000000000000e+02 9.992508765625001121e-01 9.950794085937501032e-01
3.000000000000000000e+02 9.993191734374999857e-01 9.948177734374998860e-01
3.050000000000000000e+02 9.991593640625001660e-01 9.960772679687499576e-01
3.100000000000000000e+02 9.996051812500000855e-01 9.956530726562500266e-01
3.150000000000000000e+02 9.998748601562498228e-01 9.954258085937498501e-01
3.200000000000000000e+02 9.992732312500001157e-01 9.955944750000000898e-01
3.250000000000000000e+02 9.991106484375000818e-01 9.960968304687499719e-01
3.300000000000000000e+02 9.991104718749997948e-01 9.958422445312500315e-01
3.350000000000000000e+02 9.986134476562498197e-01 9.962608406249998660e-01
3.400000000000000000e+02 9.998152343749999726e-01 9.963373781249998951e-01
3.450000000000000000e+02 9.985900624999999309e-01 9.965568296874998122e-01
3.500000000000000000e+02 1.000443499218750087e+00 9.967041554687501304e-01
3.550000000000000000e+02 9.989524531250000283e-01 9.963320101562500586e-01
3.600000000000000000e+02 1.000267753906249890e+00 9.958435406249996902e-01
3.650000000000000000e+02 9.996453085937501148e-01 9.951646085937498887e-01
3.700000000000000000e+02 1.000396977343749771e+00 9.967178624999999403e-01
3.750000000000000000e+02 9.997275757812499331e-01 9.962870617187500333e-01
3.800000000000000000e+02 9.997969414062495286e-01 9.956402640624997247e-01
3.850000000000000000e+02 9.993008515624997035e-01 9.975146101562500922e-01
3.900000000000000000e+02 9.994895812500000920e-01 9.966311203125000073e-01
3.950000000000000000e+02 9.999745304687497338e-01 9.977197882812500751e-01
4.000000000000000000e+02 1.000055855468749977e+00 9.978111203124999662e-01
4.050000000000000000e+02 1.000232429687499813e+00 9.967794843749999689e-01
4.100000000000000000e+02 9.983626484374999999e-01 9.976906929687500147e-01
4.150000000000000000e+02 9.995969953125001251e-01 9.968802226562498703e-01
4.200000000000000000e+02 9.996132421874998064e-01 9.963796617187499205e-01
4.250000000000000000e+02 9.993911554687497922e-01 9.971474742187499407e-01
4.300000000000000000e+02 9.990894523437499064e-01 9.962033195312500755e-01
4.350000000000000000e+02 9.992527234375000456e-01 9.970060281249997214e-01
4.400000000000000000e+02 9.992503421874998626e-01 9.970870718750000083e-01
4.450000000000000000e+02 9.996291921874999042e-01 9.975076804687500465e-01
4.500000000000000000e+02 9.995082249999999169e-01 9.971941929687497819e-01
4.550000000000000000e+02 9.996006742187496519e-01 9.962511226562499322e-01
4.600000000000000000e+02 9.996686875000000416e-01 9.967036796874998439e-01
4.650000000000000000e+02 1.000415778124999822e+00 9.977371015624999506e-01
4.700000000000000000e+02 9.998645874999999572e-01 9.977275765624998849e-01
4.750000000000000000e+02 9.999126695312499091e-01 9.970393039062498408e-01
4.800000000000000000e+02 9.989987570312500731e-01 9.978569429687496051e-01
4.850000000000000000e+02 1.000022070312500011e+00 9.982033570312500714e-01
4.900000000000000000e+02 9.998165906249999457e-01 9.987529812499997828e-01
4.950000000000000000e+02 9.999803156250000047e-01 9.969324914062500653e-01
