0.000000000000000000e+00 3.187499999999999362e-02 3.187499999999999362e-02
5.000000000000000000e+00 9.734709867187498755e-01 7.808658648437499794e-01
1.000000000000000000e+01 9.754444273437499202e-01 8.476294140624999196e-01
1.500000000000000000e+01 9.772316046875000328e-01 8.777149757812499065e-01
2.000000000000000000e+01 9.765267859374997528e-01 9.013244562500000168e-01
2.500000000000000000e+01 9.773803656249999694e-01 9.189346718749999976e-01
3.000000000000000000e+01 9.799753703125000381e-01 9.294432687499998291e-01
3.500000000000000000e+01 9.789596671874999378e-01 9.385368664062501143e-01
4.000000000000000000e+01 9.798225390625001641e-01 9.476480867187498935e-01
4.500000000000000000e+01 9.792471304687498934e-01 9.553598945312499202e-01
5.000000000000000000e+01 9.806494421874999423e-01 9.599362414062498905e-01
5.500000000000000000e+01 9.811111734374999838e-01 9.651737351562499345e-01
6.000000000000000000e+01 9.813125359375000079e-01 9.682898999999999257e-01
6.500000000000000000e+01 9.805720523437498892e-01 9.707903398437498499e-01
7.000000000000000000e+01 9.811607312499998068e-01 9.756289617187501317e-01
7.500000000000000000e+01 9.814769906249998233e-01 9.766081867187497156e-01
8.000000000000000000e+01 9.812863070312498603e-01 9.788123937499999538e-01
8.500000000000000000e+01 9.814819117187498776e-01 9.820898687499999280e-01
9.000000000000000000e+01 9.812009601562496908e-01 9.839001476562501125e-01
9.500000000000000000e+01 9.822528601562499073e-01 9.845965171874999644e-01
1.000000000000000000e+02 9.826050898437497239e-01 9.840363312499998960e-01
1.050000000000000000e+02 9.834492007812499770e-01 9.872656867187498131e-01
1.100000000000000000e+02 9.819302125000000103e-01 9.888551656249997546e-01
1.150000000000000000e+02 9.824484335937497814e-01 9.884595429687499379e-01
1.200000000000000000e+02 9.835918257812498178e-01 9.896584929687499699e-01
1.250000000000000000e+02 9.832953367187501348e-01 9.899622234375000662e-01
1.300000000000000000e+02 9.826173937500000122e-01 9.898816492187496596e-01
1.350000000000000000e+02 9.836850609375000776e-01 9.910241781249998771e-01
1.400000000000000000e+02 9.842138640624998880e-01 9.896047914062500173e-01
1.450000000000000000e+02 9.835193898437498694e-01 9.910839015625002579e-01
1.500000000000000000e+02 9.838553632812500060e-01 9.919552335937499299e-01
1.550000000000000000e+02 9.831981703125001193e-01 9.926426804687500383e-01
1.600000000000000000e+02 9.838793562499998924e-01 9.915981171874997946e-01
1.650000000000000000e+02 9.845995867187500306e-01 9.929027390624998173e-01
1.700000000000000000e+02 9.845878398437500900e-01 9.930591218750001170e-01
1.750000000000000000e+02 9.848470187499998030e-01 9.928331992187500177e-01
1.800000000000000000e+02 9.848814195312499686e-01 9.922070781249999749e-01
1.850000000000000000e+02 9.849156203125000175e-01 9.941739734375000248e-01
1.900000000000000000e+02 9.848893515625001260e-01 9.934951429687499669e-01
1.950000000000000000e+02 9.844999992187499771e-01 9.944857859374998110e-01
2.000000000000000000e+02 9.839796234375001172e-01 9.944348695312500430e-01
2.050000000000000000e+02 9.842617382812498539e-01 9.937922406249997120e-01
2.100000000000000000e+02 9.853348921875000332e-01 9.943990445312500537e-01
2.150000000000000000e+02 9.839222812499999193e-01 9.947601343749999936e-01
2.200000000000000000e+02 9.855756289062499453e-01 9.945958531250000956e-01
2.250000000000000000e+02 9.848941531250000603e-01 9.947028742187500328e-01
2.300000000000000000e+02 9.851614804687500726e-01 9.952860929687498137e-01
2.350000000000000000e+02 9.854190304687499014e-01 9.953497429687498954e-01
2.400000000000000000e+02 9.845279773437500825e-01 9.945809593750001287e-01
2.450000000000000000e+02 9.847302828124998575e-01 9.950605414062498877e-01
2.500000000000000000e+02 9.851753734375001681e-01 9.943818976562500689e-01
2.550000000000000000e+02 9.845811374999996479e-01 9.956770890624999648e-01
2.600000000000000000e+02 9.848118929687498246e-01 9.952348695312498439e-01
2.650000000000000000e+02 9.837430140624997543e-01 9.955723437499998107e-01
2.700000000000000000e+02 9.842331132812500716e-01 9.966689984374997868e-01
2.750000000000000000e+02 9.839557062499999507e-01 9.954113593750000266e-01
2.800000000000000000e+02 9.851277765624999461e-01 9.945346851562499868e-01
2.850000000000000000e+02 9.837993679687497828e-01 9.944528000000000256e-01
2.900000000000000000e+02 9.838411374999997960e-01 9.953623390624999345e-01
2.950000000000000000e+02 9.858490179687502408e-01 9.950794085937501032e-01
3.000000000000000000e+02 9.859848374999999887e-01 9.948177734374998860e-01
3.050000000000000000e+02 9.859785375000000851e-01 9.960772679687499576e-01
3.100000000000000000e+02 9.869997421875004173e-01 9.956530726562500266e-01
3.150000000000000000e+02 9.842811804687497945e-01 9.954258085937498501e-01
3.200000000000000000e+02 9.847603414062499061e-01 9.955944750000000898e-01
3.250000000000000000e+02 9.863236249999998151e-01 9.960968304687499719e-01
3.300000000000000000e+02 9.866456031249999370e-01 9.958422445312500315e-01
3.350000000000000000e+02 9.851031882812499862e-01 9.962608406249998660e-01
3.400000000000000000e+02 9.846397007812500712e-01 9.963373781249998951e-01
3.450000000000000000e+02 9.863926820312499677e-01 9.965568296874998122e-01
3.500000000000000000e+02 9.855426109375000632e-01 9.967041554687501304e-01
3.550000000000000000e+02 9.855744546875000456e-01 9.963320101562500586e-01
3.600000000000000000e+02 9.859927765625000617e-01 9.958435406249996902e-01
3.650000000000000000e+02 9.857316945312499801e-01 9.951646085937498887e-01
3.700000000000000000e+02 9.859086960937497590e-01 9.967178624999999403e-01
3.750000000000000000e+02 9.858395257812500034e-01 9.962870617187500333e-01
3.800000000000000000e+02 9.864110062499999998e-01 9.956402640624997247e-01
3.850000000000000000e+02 9.864134921874999629e-01 9.975146101562500922e-01
3.900000000000000000e+02 9.860018359375001262e-01 9.966311203125000073e-01
3.950000000000000000e+02 9.859691710937499298e-01 9.977197882812500751e-01
4.000000000000000000e+02 9.861144289062501178e-01 9.978111203124999662e-01
4.050000000000000000e+02 9.862388335937497530e-01 9.967794843749999689e-01
4.100000000000000000e+02 9.862681867187500506e-01 9.976906929687500147e-01
4.150000000000000000e+02 9.869626531250000889e-01 9.968802226562498703e-01
4.200000000000000000e+02 9.859143273437499522e-01 9.963796617187499205e-01
4.250000000000000000e+02 9.865996812500000823e-01 9.971474742187499407e-01
4.300000000000000000e+02 9.873027273437499085e-01 9.962033195312500755e-01
4.350000000000000000e+02 9.882065273437501407e-01 9.970060281249997214e-01
4.400000000000000000e+02 9.867331984374999587e-01 9.970870718750000083e-01
4.450000000000000000e+02 9.867242781250000760e-01 9.975076804687500465e-01
4.500000000000000000e+02 9.861963445312499355e-01 9.971941929687497819e-01
4.550000000000000000e+02 9.869325609375000363e-01 9.962511226562499322e-01
4.600000000000000000e+02 9.855973679687497491e-01 9.967036796874998439e-01
4.650000000000000000e+02 9.865185249999998129e-01 9.977371015624999506e-01
4.700000000000000000e+02 9.865392710937499476e-01 9.977275765624998849e-01
4.750000000000000000e+02 9.875551335937500230e-01 9.970393039062498408e-01
4.800000000000000000e+02 9.866974601562498171e-01 9.978569429687496051e-01
4.850000000000000000e+02 9.873867234374997803e-01 9.982033570312500714e-01
4.900000000000000000e+02 9.867485906249999772e-01 9.987529812499997828e-01
4.950000000000000000e+02 9.876234343749998867e-01 9.969324914062500653e-01
