0.000000000000000000e+00 3.187499999999999362e-02 3.187499999999999362e-02
5.000000000000000000e+00 9.651903187499998316e-01 7.808658648437499794e-01
1.000000000000000000e+01 9.704334531249999563e-01 8.476294140624999196e-01
1.500000000000000000e+01 9.719807007812498734e-01 8.777149757812499065e-01
2.000000000000000000e+01 9.725051382812501810e-01 9.013244562500000168e-01
2.500000000000000000e+01 9.742526296875000380e-01 9.189346718749999976e-01
3.000000000000000000e+01 9.756885437499999147e-01 9.294432687499998291e-01
3.500000000000000000e+01 9.773515000000001507e-01 9.385368664062501143e-01
4.000000000000000000e+01 9.754901835937499488e-01 9.476480867187498935e-01
4.500000000000000000e+01 9.764078000000001589e-01 9.553598945312499202e-01
5.000000000000000000e+01 9.762885656249998823e-01 9.599362414062498905e-01
5.500000000000000000e+01 9.777192929687499312e-01 9.651737351562499345e-01
6.000000000000000000e+01 9.774140898437501113e-01 9.682898999999999257e-01
6.500000000000000000e+01 9.787319343749999456e-01 9.707903398437498499e-01
7.000000000000000000e+01 9.794235468749997731e-01 9.756289617187501317e-01
7.500000000000000000e+01 9.797721742187499583e-01 9.766081867187497156e-01
8.000000000000000000e+01 9.795064789062500887e-01 9.788123937499999538e-01
8.500000000000000000e+01 9.794287273437500829e-01 9.820898687499999280e-01
9.000000000000000000e+01 9.785093976562500018e-01 9.839001476562501125e-01
9.500000000000000000e+01 9.803899304687500038e-01 9.845965171874999644e-01
1.000000000000000000e+02 9.808387406249998719e-01 9.840363312499998960e-01
1.050000000000000000e+02 9.814107601562499505e-01 9.872656867187498131e-01
1.100000000000000000e+02 9.810193914062500520e-01 9.888551656249997546e-01
1.150000000000000000e+02 9.807744117187497945e-01 9.884595429687499379e-01
1.200000000000000000e+02 9.807343874999998601e-01 9.896584929687499699e-01
1.250000000000000000e+02 9.811737554687498530e-01 9.899622234375000662e-01
1.300000000000000000e+02 9.816514484375000738e-01 9.898816492187496596e-01
1.350000000000000000e+02 9.816426468750000245e-01 9.910241781249998771e-01
1.400000000000000000e+02 9.813623968749997095e-01 9.896047914062500173e-01
1.450000000000000000e+02 9.818934234374999681e-01 9.910839015625002579e-01
1.500000000000000000e+02 9.830833914062502288e-01 9.919552335937499299e-01
1.550000000000000000e+02 9.826147968749998629e-01 9.926426804687500383e-01
1.600000000000000000e+02 9.819196648437500397e-01 9.915981171874997946e-01
1.650000000000000000e+02 9.824200515625001184e-01 9.929027390624998173e-01
1.700000000000000000e+02 9.833960312500000800e-01 9.930591218750001170e-01
1.750000000000000000e+02 9.826309601562497331e-01 9.928331992187500177e-01
1.800000000000000000e+02 9.822609414062499766e-01 9.922070781249999749e-01
1.850000000000000000e+02 9.831559695312499514e-01 9.941739734375000248e-01
1.900000000000000000e+02 9.837679117187499989e-01 9.934951429687499669e-01
1.950000000000000000e+02 9.835358148437498560e-01 9.944857859374998110e-01
2.000000000000000000e+02 9.829016742187498545e-01 9.944348695312500430e-01
2.050000000000000000e+02 9.840240921874998659e-01 9.937922406249997120e-01
2.100000000000000000e+02 9.827610132812502064e-01 9.943990445312500537e-01
2.150000000000000000e+02 9.825906054687501001e-01 9.947601343749999936e-01
2.200000000000000000e+02 9.842947984374997850e-01 9.945958531250000956e-01
2.250000000000000000e+02 9.843119398437497614e-01 9.947028742187500328e-01
2.300000000000000000e+02 9.845549554687501592e-01 9.952860929687498137e-01
2.350000000000000000e+02 9.844224421874999686e-01 9.953497429687498954e-01
2.400000000000000000e+02 9.824023585937501357e-01 9.945809593750001287e-01
2.450000000000000000e+02 9.840773593749998494e-01 9.950605414062498877e-01
2.500000000000000000e+02 9.831181335937498877e-01 9.943818976562500689e-01
2.550000000000000000e+02 9.845991195312500111e-01 9.956770890624999648e-01
2.600000000000000000e+02 9.849235968749997516e-01 9.952348695312498439e-01
2.650000000000000000e+02 9.837357609375001477e-01 9.955723437499998107e-01
2.700000000000000000e+02 9.851855234374997661e-01 9.966689984374997868e-01
2.750000000000000000e+02 9.841993664062498315e-01 9.954113593750000266e-01
2.800000000000000000e+02 9.833294757812500730e-01 9.945346851562499868e-01
2.850000000000000000e+02 9.864660406249999847e-01 9.944528000000000256e-01
2.900000000000000000e+02 9.850040843749999775e-01 9.953623390624999345e-01
2.950000000000000000e+02 9.856340976562499856e-01 9.950794085937501032e-01
3.000000000000000000e+02 9.844554742187497931e-01 9.948177734374998860e-01
3.050000000000000000e+02 9.852668914062497896e-01 9.960772679687499576e-01
3.100000000000000000e+02 9.845430351562498572e-01 9.956530726562500266e-01
3.150000000000000000e+02 9.868419351562500719e-01 9.954258085937498501e-01
3.200000000000000000e+02 9.845041687500000194e-01 9.955944750000000898e-01
3.250000000000000000e+02 9.847145617187498257e-01 9.960968304687499719e-01
3.300000000000000000e+02 9.851804195312500179e-01 9.958422445312500315e-01
3.350000000000000000e+02 9.862111257812499199e-01 9.962608406249998660e-01
3.400000000000000000e+02 9.851377976562499805e-01 9.963373781249998951e-01
3.450000000000000000e+02 9.863873609374997908e-01 9.965568296874998122e-01
3.500000000000000000e+02 9.856979984374998338e-01 9.967041554687501304e-01
3.550000000000000000e+02 9.862518617187499004e-01 9.963320101562500586e-01
3.600000000000000000e+02 9.856117406250000101e-01 9.958435406249996902e-01
3.650000000000000000e+02 9.862311046874999709e-01 9.951646085937498887e-01
3.700000000000000000e+02 9.863074429687499478e-01 9.967178624999999403e-01
3.750000000000000000e+02 9.850742125000000460e-01 9.962870617187500333e-01
3.800000000000000000e+02 9.850695531249998860e-01 9.956402640624997247e-01
3.850000000000000000e+02 9.849546187500000105e-01 9.975146101562500922e-01
3.900000000000000000e+02 9.855376781249998164e-01 9.966311203125000073e-01
3.950000000000000000e+02 9.858031414062500275e-01 9.977197882812500751e-01
4.000000000000000000e+02 9.857852390624998185e-01 9.978111203124999662e-01
4.050000000000000000e+02 9.869667742187498982e-01 9.967794843749999689e-01
4.100000000000000000e+02 9.863274289062499145e-01 9.976906929687500147e-01
4.150000000000000000e+02 9.851604632812497320e-01 9.968802226562498703e-01
4.200000000000000000e+02 9.860283078124997269e-01 9.963796617187499205e-01
4.250000000000000000e+02 9.865285624999999836e-01 9.971474742187499407e-01
4.300000000000000000e+02 9.869251124999998126e-01 9.962033195312500755e-01
4.350000000000000000e+02 9.861553468749999496e-01 9.970060281249997214e-01
4.400000000000000000e+02 9.868800710937499776e-01 9.970870718750000083e-01
4.450000000000000000e+02 9.859975195312499219e-01 9.975076804687500465e-01
4.500000000000000000e+02 9.868725531249999960e-01 9.971941929687497819e-01
4.550000000000000000e+02 9.872502476562499130e-01 9.962511226562499322e-01
4.600000000000000000e+02 9.857796179687501326e-01 9.967036796874998439e-01
4.650000000000000000e+02 9.865712343750001612e-01 9.977371015624999506e-01
4.700000000000000000e+02 9.863161460937501790e-01 9.977275765624998849e-01
4.750000000000000000e+02 9.877176843749998492e-01 9.970393039062498408e-01
4.800000000000000000e+02 9.869378039062499663e-01 9.978569429687496051e-01
4.850000000000000000e+02 9.877397078125003116e-01 9.982033570312500714e-01
4.900000000000000000e+02 9.884503640624998644e-01 9.987529812499997828e-01
4.950000000000000000e+02 9.876389218749996868e-01 9.969324914062500653e-01
