0.000000000000000000e+00 3.187499999999999362e-02 3.187499999999999362e-02
5.000000000000000000e+00 9.820229421874998588e-01 7.808658648437499794e-01
1.000000000000000000e+01 9.839656570312499406e-01 8.476294140624999196e-01
1.500000000000000000e+01 9.843616085937501037e-01 8.777149757812499065e-01
2.000000000000000000e+01 9.846853546874999585e-01 9.013244562500000168e-01
2.500000000000000000e+01 9.865670632812498786e-01 9.189346718749999976e-01
3.000000000000000000e+01 9.857023140624999735e-01 9.294432687499998291e-01
3.500000000000000000e+01 9.866116539062499413e-01 9.385368664062501143e-01
4.000000000000000000e+01 9.861544617187499862e-01 9.476480867187498935e-01
4.500000000000000000e+01 9.867620468750001317e-01 9.553598945312499202e-01
5.000000000000000000e+01 9.866173921874998864e-01 9.599362414062498905e-01
5.500000000000000000e+01 9.860494843750000626e-01 9.651737351562499345e-01
6.000000000000000000e+01 9.863458585937496803e-01 9.682898999999999257e-01
6.500000000000000000e+01 9.866161859374997789e-01 9.707903398437498499e-01
7.000000000000000000e+01 9.867399429687498946e-01 9.756289617187501317e-01
7.500000000000000000e+01 9.885660070312500824e-01 9.766081867187497156e-01
8.000000000000000000e+01 9.872599687500001053e-01 9.788123937499999538e-01
8.500000000000000000e+01 9.873599546875000410e-01 9.820898687499999280e-01
9.000000000000000000e+01 9.866364179687499014e-01 9.839001476562501125e-01
9.500000000000000000e+01 9.870197562499999355e-01 9.845965171874999644e-01
1.000000000000000000e+02 9.885173179687500866e-01 9.840363312499998960e-01
1.050000000000000000e+02 9.880997507812500080e-01 9.872656867187498131e-01
1.100000000000000000e+02 9.866097039062499130e-01 9.888551656249997546e-01
1.150000000000000000e+02 9.879652148437498838e-01 9.884595429687499379e-01
1.200000000000000000e+02 9.879057062500002928e-01 9.896584929687499699e-01
1.250000000000000000e+02 9.878898859374999342e-01 9.899622234375000662e-01
1.300000000000000000e+02 9.880874851562498895e-01 9.898816492187496596e-01
1.350000000000000000e+02 9.884344398437499013e-01 9.910241781249998771e-01
1.400000000000000000e+02 9.875241781250000406e-01 9.896047914062500173e-01
1.450000000000000000e+02 9.883859929687499601e-01 9.910839015625002579e-01
1.500000000000000000e+02 9.884742124999998936e-01 9.919552335937499299e-01
1.550000000000000000e+02 9.887354273437498620e-01 9.926426804687500383e-01
1.600000000000000000e+02 9.890674984374999701e-01 9.915981171874997946e-01
1.650000000000000000e+02 9.890624148437499041e-01 9.929027390624998173e-01
1.700000000000000000e+02 9.884547335937499124e-01 9.930591218750001170e-01
1.750000000000000000e+02 9.882681898437499779e-01 9.928331992187500177e-01
1.800000000000000000e+02 9.897578421874999588e-01 9.922070781249999749e-01
1.850000000000000000e+02 9.883653585937499653e-01 9.941739734375000248e-01
1.900000000000000000e+02 9.890377007812499732e-01 9.934951429687499669e-01
1.950000000000000000e+02 9.884961773437499488e-01 9.944857859374998110e-01
2.000000000000000000e+02 9.890552179687498446e-01 9.944348695312500430e-01
2.050000000000000000e+02 9.879229624999996684e-01 9.937922406249997120e-01
2.100000000000000000e+02 9.892878734375001315e-01 9.943990445312500537e-01
2.150000000000000000e+02 9.896513648437499366e-01 9.947601343749999936e-01
2.200000000000000000e+02 9.901171640625001658e-01 9.945958531250000956e-01
2.250000000000000000e+02 9.889959984374998569e-01 9.947028742187500328e-01
2.300000000000000000e+02 9.902274609375000258e-01 9.952860929687498137e-01
2.350000000000000000e+02 9.891957898437497843e-01 9.953497429687498954e-01
2.400000000000000000e+02 9.894902132812498641e-01 9.945809593750001287e-01
2.450000000000000000e+02 9.894226148437501589e-01 9.950605414062498877e-01
2.500000000000000000e+02 9.904252296875000194e-01 9.943818976562500689e-01
2.550000000000000000e+02 9.902068328125001040e-01 9.956770890624999648e-01
2.600000000000000000e+02 9.897989460937500761e-01 9.952348695312498439e-01
2.650000000000000000e+02 9.904473742187500651e-01 9.955723437499998107e-01
2.700000000000000000e+02 9.903155656250000050e-01 9.966689984374997868e-01
2.750000000000000000e+02 9.890357656249999518e-01 9.954113593750000266e-01
2.800000000000000000e+02 9.896588085937502166e-01 9.945346851562499868e-01
2.850000000000000000e+02 9.888775039062499550e-01 9.944528000000000256e-01
2.900000000000000000e+02 9.906257382812500012e-01 9.953623390624999345e-01
2.950000000000000000e+02 9.902606468749997060e-01 9.950794085937501032e-01
3.000000000000000000e+02 9.895490507812502168e-01 9.948177734374998860e-01
3.050000000000000000e+02 9.904526226562498925e-01 9.960772679687499576e-01
3.100000000000000000e+02 9.888738609375000710e-01 9.956530726562500266e-01
3.150000000000000000e+02 9.897018992187500697e-01 9.954258085937498501e-01
3.200000000000000000e+02 9.900149125000000661e-01 9.955944750000000898e-01
3.250000000000000000e+02 9.906135757812501996e-01 9.960968304687499719e-01
3.300000000000000000e+02 9.910965414062499201e-01 9.958422445312500315e-01
3.350000000000000000e+02 9.907182085937501492e-01 9.962608406249998660e-01
3.400000000000000000e+02 9.907642078124998530e-01 9.963373781249998951e-01
3.450000000000000000e+02 9.895855148437497917e-01 9.965568296874998122e-01
3.500000000000000000e+02 9.900678562499999336e-01 9.967041554687501304e-01
3.550000000000000000e+02 9.904837921874998230e-01 9.963320101562500586e-01
3.600000000000000000e+02 9.902548648437500267e-01 9.958435406249996902e-01
3.650000000000000000e+02 9.903504171874999429e-01 9.951646085937498887e-01
3.700000000000000000e+02 9.917687734374999176e-01 9.967178624999999403e-01
3.750000000000000000e+02 9.906566171875000881e-01 9.962870617187500333e-01
3.800000000000000000e+02 9.900362375000000270e-01 9.956402640624997247e-01
3.850000000000000000e+02 9.912807703125000591e-01 9.975146101562500922e-01
3.900000000000000000e+02 9.909698398437498668e-01 9.966311203125000073e-01
3.950000000000000000e+02 9.908506773437497639e-01 9.977197882812500751e-01
4.000000000000000000e+02 9.907562414062500711e-01 9.978111203124999662e-01
4.050000000000000000e+02 9.906627374999998903e-01 9.967794843749999689e-01
4.100000000000000000e+02 9.916908507812498552e-01 9.976906929687500147e-01
4.150000000000000000e+02 9.898883351562499655e-01 9.968802226562498703e-01
4.200000000000000000e+02 9.911441625000000366e-01 9.963796617187499205e-01
4.250000000000000000e+02 9.910125523437500750e-01 9.971474742187499407e-01
4.300000000000000000e+02 9.913370718750000865e-01 9.962033195312500755e-01
4.350000000000000000e+02 9.909505179687499998e-01 9.970060281249997214e-01
4.400000000000000000e+02 9.907323960937499674e-01 9.970870718750000083e-01
4.450000000000000000e+02 9.906235867187500599e-01 9.975076804687500465e-01
4.500000000000000000e+02 9.916487023437499104e-01 9.971941929687497819e-01
4.550000000000000000e+02 9.904521023437498073e-01 9.962511226562499322e-01
4.600000000000000000e+02 9.913910226562500094e-01 9.967036796874998439e-01
4.650000000000000000e+02 9.907020531249999262e-01 9.977371015624999506e-01
4.700000000000000000e+02 9.914836601562500018e-01 9.977275765624998849e-01
4.750000000000000000e+02 9.917990359374998510e-01 9.970393039062498408e-01
4.800000000000000000e+02 9.911184210937499239e-01 9.978569429687496051e-01
4.850000000000000000e+02 9.900650640624999443e-01 9.982033570312500714e-01
4.900000000000000000e+02 9.916332234375000443e-01 9.987529812499997828e-01
4.950000000000000000e+02 9.901904109374999319e-01 9.969324914062500653e-01
