0.000000000000000000e+00 0.000000000000000000e+00 0.000000000000000000e+00 0.000000000000000000e+00 0.000000000000000000e+00 0.000000000000000000e+00 0.000000000000000000e+00
5.000000000000000000e+00 1.051010014760371591e+00 3.898538198444980174e-01 0.000000000000000000e+00 0.000000000000000000e+00 3.362939754864944231e-01 1.778595053393096648e-01
1.000000000000000000e+01 1.021464279893760763e+00 2.746540291321145633e-01 1.000000000000000000e+00 0.000000000000000000e+00 1.981259764473908835e-01 1.491212173596183355e-01
1.500000000000000000e+01 9.049936630632704482e-01 3.518036956691233952e-01 1.000000000000000000e+00 0.000000000000000000e+00 1.986379483001740054e-01 9.420195318976959387e-02
2.000000000000000000e+01 9.716224600318537075e-01 2.788195837135160060e-01 0.000000000000000000e+00 0.000000000000000000e+00 2.281554248878769064e-01 1.139381822023307206e-01
2.500000000000000000e+01 1.020461994669128458e+00 3.046132106157365405e-01 0.000000000000000000e+00 0.000000000000000000e+00 2.528443744553059425e-01 1.743113417135860876e-01
3.000000000000000000e+01 1.118977864440335646e+00 4.204699926080593397e-01 1.000000000000000000e+00 0.000000000000000000e+00 2.009615637388552367e-01 1.320607277472405361e-01
3.500000000000000000e+01 9.981162664364393589e-01 3.058550821051740920e-01 0.000000000000000000e+00 0.000000000000000000e+00 2.417531837909260017e-01 1.418052685602181062e-01
4.000000000000000000e+01 8.899291642865854168e-01 5.969956110103687985e-01 0.000000000000000000e+00 0.000000000000000000e+00 2.089847654418167666e-01 1.427170012945419009e-01
4.500000000000000000e+01 8.979864722954579159e-01 1.228717976665388151e-01 1.000000000000000000e+00 0.000000000000000000e+00 1.721364746537036028e-01 1.263431701802518459e-01
5.000000000000000000e+01 7.632877873965416837e-01 2.282980440615912932e-01 0.000000000000000000e+00 0.000000000000000000e+00 1.927943745079231941e-01 1.104294606155606095e-01
5.500000000000000000e+01 7.673525288927285359e-01 2.248956559916372999e-01 1.000000000000000000e+00 0.000000000000000000e+00 1.729108576995365687e-01 7.233577943243381381e-02
6.000000000000000000e+01 9.073830680660132098e-01 2.920366718898929070e-01 0.000000000000000000e+00 1.000000000000000000e+00 2.259845613668145237e-01 6.757336091799935607e-02
6.500000000000000000e+01 9.417853040500039352e-01 3.515950519161174515e-01 1.000000000000000000e+00 0.000000000000000000e+00 1.631463897859304624e-01 1.576103759145871530e-01
7.000000000000000000e+01 7.279635617341732035e-01 2.205761613971065349e-01 1.000000000000000000e+00 0.000000000000000000e+00 1.673931440993413899e-01 1.575768471864004983e-01
7.500000000000000000e+01 8.137466218188743605e-01 1.240552832763245628e-01 0.000000000000000000e+00 0.000000000000000000e+00 2.105305173017162634e-01 1.450480260599669724e-01
8.000000000000000000e+01 7.605588362276888281e-01 1.011321513507487529e-01 1.000000000000000000e+00 0.000000000000000000e+00 1.564378002708865512e-01 1.218145168293094105e-01
8.500000000000000000e+01 6.785379004093513577e-01 1.710926180455317747e-01 0.000000000000000000e+00 0.000000000000000000e+00 2.295527495840818943e-01 8.484197048459214685e-02
9.000000000000000000e+01 7.140263965470114993e-01 1.267220828038315150e-01 1.000000000000000000e+00 0.000000000000000000e+00 1.263853578714264625e-01 1.074419346919293222e-01
9.500000000000000000e+01 7.958979751876191777e-01 6.569276715070805628e-02 0.000000000000000000e+00 0.000000000000000000e+00 2.355636717812417680e-01 3.690474868929292940e-02
1.000000000000000000e+02 7.984185231163245522e-01 1.009603839346167459e-01 0.000000000000000000e+00 0.000000000000000000e+00 2.253198554615749583e-01 1.043069560473398605e-01
1.050000000000000000e+02 8.043509128342783976e-01 2.109386901593664487e-01 1.000000000000000000e+00 0.000000000000000000e+00 1.636495884992508476e-01 1.472591296555267049e-01
1.100000000000000000e+02 6.899901025827555046e-01 1.138509718630042605e-01 0.000000000000000000e+00 0.000000000000000000e+00 1.619754172922946989e-01 1.196789944420644514e-01
1.150000000000000000e+02 7.223375099381864617e-01 1.474743865944913579e-01 0.000000000000000000e+00 0.000000000000000000e+00 2.583781592700161722e-01 8.651431731084631427e-02
1.200000000000000000e+02 6.306978840425723210e-01 2.660312356261025288e-02 0.000000000000000000e+00 0.000000000000000000e+00 2.575083788941135987e-01 1.185271958741680315e-01
1.250000000000000000e+02 7.055528947436506826e-01 1.435267527969489587e-01 0.000000000000000000e+00 0.000000000000000000e+00 1.896038365247292856e-01 1.372007313469706391e-01
1.300000000000000000e+02 6.943932880170933242e-01 3.886124894744708014e-01 1.000000000000000000e+00 0.000000000000000000e+00 1.577078473799366498e-01 1.292139868565438943e-01
1.350000000000000000e+02 5.941104686493657860e-01 1.181337416212917268e-01 0.000000000000000000e+00 0.000000000000000000e+00 2.783836304591303934e-01 1.574703454737969854e-01
1.400000000000000000e+02 6.077663702266352663e-01 1.311161775548614142e-02 0.000000000000000000e+00 0.000000000000000000e+00 2.143975191827320326e-01 1.754375254752607236e-02
1.450000000000000000e+02 6.951261077467534300e-01 2.185112293241740777e-01 0.000000000000000000e+00 0.000000000000000000e+00 2.065829287804963610e-01 1.300245511654037900e-01
1.500000000000000000e+02 6.388491744301940667e-01 1.311318209274476565e-01 0.000000000000000000e+00 0.000000000000000000e+00 1.980719690320801307e-01 8.120945762498359144e-02
1.550000000000000000e+02 7.577308540622691435e-01 1.687665300235480781e-01 1.000000000000000000e+00 0.000000000000000000e+00 1.637017543615885418e-01 1.018413822931864415e-01
1.600000000000000000e+02 8.787963532461660066e-01 2.701276580650920356e-01 1.000000000000000000e+00 0.000000000000000000e+00 1.380133435021285715e-01 1.269217360987696941e-01
1.650000000000000000e+02 7.325503419409160610e-01 1.829031352892500073e-01 0.000000000000000000e+00 0.000000000000000000e+00 1.848120129842672210e-01 1.523714076014511809e-01
1.700000000000000000e+02 6.980396466288163460e-01 2.072161625859439693e-01 1.000000000000000000e+00 0.000000000000000000e+00 1.328074527977539110e-01 1.601563437886534547e-01
1.750000000000000000e+02 4.577565874006840896e-01 3.942323289985941170e-01 0.000000000000000000e+00 0.000000000000000000e+00 1.983370973870446641e-01 1.337888249663490847e-01
1.800000000000000000e+02 6.282381753669211699e-01 1.655150846823763566e-01 0.000000000000000000e+00 0.000000000000000000e+00 1.759668871114553890e-01 1.157126605825724713e-01
1.850000000000000000e+02 5.472147853626989633e-01 1.231166062462738520e-01 0.000000000000000000e+00 0.000000000000000000e+00 1.786901508461262722e-01 1.008297075125162284e-01
1.900000000000000000e+02 7.874556262090053327e-01 5.589230002275373532e-02 1.000000000000000000e+00 0.000000000000000000e+00 1.691196783019926764e-01 1.276981248700835847e-01
1.950000000000000000e+02 6.825927690652153768e-01 2.812062257170181434e-01 0.000000000000000000e+00 0.000000000000000000e+00 1.666844146298114004e-01 1.076182751372933705e-01
2.000000000000000000e+02 5.350271736321057237e-01 1.241406340346583315e-01 0.000000000000000000e+00 0.000000000000000000e+00 2.250132909981163443e-01 6.523928177570550990e-02
2.050000000000000000e+02 6.034408230054261191e-01 3.554063567595862616e-01 0.000000000000000000e+00 0.000000000000000000e+00 1.561220789759510119e-01 1.009189582098592025e-01
2.100000000000000000e+02 6.925264160642884415e-01 3.088545799496552613e-01 1.000000000000000000e+00 0.000000000000000000e+00 1.214981913322883689e-01 1.708988681811424992e-01
2.150000000000000000e+02 6.991715776516690406e-01 2.676214630166827146e-01 0.000000000000000000e+00 1.000000000000000000e+00 1.908339731517227078e-01 6.117391086481781259e-02
2.200000000000000000e+02 6.713421812961231083e-01 1.106295576347925691e-01 0.000000000000000000e+00 0.000000000000000000e+00 1.893273722465413644e-01 1.157309681480646474e-01
2.250000000000000000e+02 5.567928797643474370e-01 2.488616887327557148e-01 0.000000000000000000e+00 0.000000000000000000e+00 1.930547944909871971e-01 1.561925500064851591e-01
2.300000000000000000e+02 5.197788445591886575e-01 8.281887477361968286e-02 0.000000000000000000e+00 0.000000000000000000e+00 1.836332172575373400e-01 1.538510068006871678e-01
2.350000000000000000e+02 4.390055456821738145e-01 2.771201688662471296e-01 0.000000000000000000e+00 0.000000000000000000e+00 1.626055744669441805e-01 1.095370628015700509e-01
2.400000000000000000e+02 4.651300894758979565e-01 2.047857935499226012e-01 0.000000000000000000e+00 0.000000000000000000e+00 2.156333733436944511e-01 9.786268470356340732e-02
2.450000000000000000e+02 5.704508644566510522e-01 4.100317130909880703e-02 0.000000000000000000e+00 0.000000000000000000e+00 1.642183899304313077e-01 1.306932555932853735e-01
2.500000000000000000e+02 6.994079914888668981e-01 3.156331258405738471e-01 0.000000000000000000e+00 0.000000000000000000e+00 2.261913028462278485e-01 1.476767096602602247e-01
2.550000000000000000e+02 5.381691934917371967e-01 8.391639155133120975e-02 0.000000000000000000e+00 0.000000000000000000e+00 2.491014043764937513e-01 9.973171653409594606e-02
2.600000000000000000e+02 6.479588691888416019e-01 1.996478187004518262e-02 0.000000000000000000e+00 0.000000000000000000e+00 1.636374818082310945e-01 3.488383939980144871e-02
2.650000000000000000e+02 7.486022375187184608e-01 1.579622877145663573e-01 1.000000000000000000e+00 0.000000000000000000e+00 1.428559803711083043e-01 1.612260630320300203e-01
2.700000000000000000e+02 5.809185633217012201e-01 1.794647444482552479e-01 0.000000000000000000e+00 0.000000000000000000e+00 1.879291459035768996e-01 1.333631908935882515e-01
2.750000000000000000e+02 4.488733330496835205e-01 2.479698617999989696e-01 0.000000000000000000e+00 0.000000000000000000e+00 2.126013296031417366e-01 1.553043588472924341e-01
2.800000000000000000e+02 4.998303052064198004e-01 9.480800198603632489e-02 0.000000000000000000e+00 0.000000000000000000e+00 1.213789187898488692e-01 1.250764959523009701e-01
2.850000000000000000e+02 4.591601179264692689e-01 1.667538634537297504e-01 0.000000000000000000e+00 0.000000000000000000e+00 1.588076079303361865e-01 1.549844810163675812e-01
2.900000000000000000e+02 4.963413597063587313e-01 1.533961090177982656e-01 0.000000000000000000e+00 0.000000000000000000e+00 1.705904910654397200e-01 1.365401739760000455e-01
2.950000000000000000e+02 4.976764851979181836e-01 9.777664709725740477e-02 0.000000000000000000e+00 0.000000000000000000e+00 1.826851211042243017e-01 9.956320603752814857e-02
3.000000000000000000e+02 5.857200964993805048e-01 2.141321549590695095e-01 0.000000000000000000e+00 0.000000000000000000e+00 1.953326302588471175e-01 1.093938604129058301e-01
3.050000000000000000e+02 4.697543206824164597e-01 2.631702248068644723e-01 0.000000000000000000e+00 0.000000000000000000e+00 1.732362888595215533e-01 1.264286884223950191e-01
3.100000000000000000e+02 5.232860136576952259e-01 4.124237421179482999e-01 0.000000000000000000e+00 0.000000000000000000e+00 1.593582427571381688e-01 1.221910346270751457e-01
3.150000000000000000e+02 5.003683645877867736e-01 2.277689813371781558e-01 0.000000000000000000e+00 0.000000000000000000e+00 2.182156052089193332e-01 2.301178095632004650e-01
3.200000000000000000e+02 3.652402327969713758e-01 2.501671604992918851e-01 0.000000000000000000e+00 0.000000000000000000e+00 1.636190622605931122e-01 1.029853892775419166e-01
3.250000000000000000e+02 4.560159654610240199e-01 2.816490804163579442e-01 0.000000000000000000e+00 0.000000000000000000e+00 1.627800748740872716e-01 1.716829616489288224e-01
3.300000000000000000e+02 5.133275159071238880e-01 1.895226245525467312e-01 0.000000000000000000e+00 0.000000000000000000e+00 1.890390528000028270e-01 6.093978694469753127e-02
3.350000000000000000e+02 3.530230272164062710e-01 2.509319354782019174e-01 0.000000000000000000e+00 0.000000000000000000e+00 1.943591531977167386e-01 1.641861900205278668e-01
3.400000000000000000e+02 5.232166597146973297e-01 1.142232298435977567e-01 0.000000000000000000e+00 0.000000000000000000e+00 1.993884847675605476e-01 1.075587483578762521e-01
3.450000000000000000e+02 4.496452603655797242e-01 1.721390151066387875e-01 0.000000000000000000e+00 0.000000000000000000e+00 1.636808045698533720e-01 1.539757071831723001e-01
3.500000000000000000e+02 5.776659822686933676e-01 2.051149631228723486e-02 0.000000000000000000e+00 0.000000000000000000e+00 1.810889494884212192e-01 1.602192921030737016e-01
3.550000000000000000e+02 3.542392940947747260e-01 1.480195804436751639e-01 0.000000000000000000e+00 0.000000000000000000e+00 2.299010141112108052e-01 1.548213359568112457e-01
3.600000000000000000e+02 4.132007775772990610e-01 2.963989475881915192e-01 1.000000000000000000e+00 0.000000000000000000e+00 9.261244304468750632e-02 1.250944307046802095e-01
3.650000000000000000e+02 4.335108358096955716e-01 8.731065910731294899e-02 0.000000000000000000e+00 0.000000000000000000e+00 2.007958602880862697e-01 1.144270764389434536e-01
3.700000000000000000e+02 5.674742212763779214e-01 6.345645911754942137e-02 0.000000000000000000e+00 0.000000000000000000e+00 2.004735133751522624e-01 3.870780207377767790e-02
3.750000000000000000e+02 4.823933822748248668e-01 2.395029803949328406e-01 0.000000000000000000e+00 0.000000000000000000e+00 1.429876803020471709e-01 1.017356246233371009e-01
3.800000000000000000e+02 4.643435099553333001e-01 2.591360800670259312e-01 0.000000000000000000e+00 0.000000000000000000e+00 2.162016029192651012e-01 1.542041585558839578e-01
3.850000000000000000e+02 4.387954672827311109e-01 3.389423858485802188e-01 0.000000000000000000e+00 0.000000000000000000e+00 1.640001337169725293e-01 1.061861021012399237e-01
3.900000000000000000e+02 6.647602234274110344e-01 1.013874055616189596e-01 0.000000000000000000e+00 0.000000000000000000e+00 1.771392560896767610e-01 1.256231909692281656e-01
3.950000000000000000e+02 4.364029199961658168e-01 4.920273600548530357e-03 0.000000000000000000e+00 0.000000000000000000e+00 2.148101432061825800e-01 4.627593197922654986e-03
4.000000000000000000e+02 2.975945405961094026e-01 1.861285553752558414e-02 0.000000000000000000e+00 0.000000000000000000e+00 1.420384482056837039e-01 1.306783017466317531e-01
4.050000000000000000e+02 4.429223278050625767e-01 3.721777355964534517e-01 0.000000000000000000e+00 0.000000000000000000e+00 1.689440945073323874e-01 1.398823990188254873e-01
4.100000000000000000e+02 3.689331688148352884e-01 2.966009068791028991e-01 0.000000000000000000e+00 0.000000000000000000e+00 1.141212022447462143e-01 1.362785746886519822e-01
4.150000000000000000e+02 3.067843014403727198e-01 9.000292094647396879e-02 0.000000000000000000e+00 0.000000000000000000e+00 1.088498803443365553e-01 1.971657199127881677e-01
4.200000000000000000e+02 3.236281092543259463e-01 3.643770892945012480e-04 0.000000000000000000e+00 0.000000000000000000e+00 1.580140591797679905e-01 4.293032426973100550e-03
4.250000000000000000e+02 3.556737796042687139e-01 2.685508373046331942e-01 0.000000000000000000e+00 0.000000000000000000e+00 1.807553022170903523e-01 1.116492918146107655e-01
4.300000000000000000e+02 4.332919455803250774e-01 3.585223640922594046e-01 0.000000000000000000e+00 0.000000000000000000e+00 1.729403144966955297e-01 1.712325320298170861e-01
4.350000000000000000e+02 3.536285525477420033e-01 1.899644888198856810e-02 0.000000000000000000e+00 0.000000000000000000e+00 1.769665679912591494e-01 1.451326843800841426e-01
4.400000000000000000e+02 4.640334072837977719e-01 1.346286649808423053e-01 0.000000000000000000e+00 0.000000000000000000e+00 1.137747037785917237e-01 1.772526525014836429e-01
4.450000000000000000e+02 5.195018001555543607e-01 3.616207433567534268e-01 0.000000000000000000e+00 0.000000000000000000e+00 1.929389240220888424e-01 1.078473761537691727e-01
4.500000000000000000e+02 5.342810599873438759e-01 1.287578128083147477e-01 0.000000000000000000e+00 0.000000000000000000e+00 1.952504380208647528e-01 1.501607379874916048e-01
4.550000000000000000e+02 2.630423102136901781e-01 2.775213793611271962e-01 0.000000000000000000e+00 0.000000000000000000e+00 1.519788250710012723e-01 7.127655721478447226e-02
4.600000000000000000e+02 2.907770953864855512e-01 2.458006111995593435e-01 0.000000000000000000e+00 0.000000000000000000e+00 2.002336461266885637e-01 1.174344638361945886e-01
4.650000000000000000e+02 4.587201220271276969e-01 2.354689099054399493e-01 0.000000000000000000e+00 0.000000000000000000e+00 1.996018317834747646e-01 1.466023836356153964e-01
4.700000000000000000e+02 4.135362315784114062e-01 3.441103783407734040e-01 0.000000000000000000e+00 0.000000000000000000e+00 1.239996999982766190e-01 1.564175571224263872e-01
4.750000000000000000e+02 3.521488922241067798e-01 3.834323247316389072e-01 0.000000000000000000e+00 0.000000000000000000e+00 1.854961566789960492e-01 1.055492762977914001e-01
4.800000000000000000e+02 3.794775377382580972e-01 2.013335468232437253e-01 0.000000000000000000e+00 0.000000000000000000e+00 1.535177413517664347e-01 9.932387841814722951e-02
4.850000000000000000e+02 2.465375246418627653e-01 1.963189207387018020e-01 0.000000000000000000e+00 0.000000000000000000e+00 1.835058611835886366e-01 1.169639284175252175e-01
4.900000000000000000e+02 3.819908550027728000e-01 5.220554273695023756e-02 0.000000000000000000e+00 0.000000000000000000e+00 1.789315841386969752e-01 9.869409736892593987e-02
4.950000000000000000e+02 3.325893545368962534e-01 5.166343594499511749e-01 0.000000000000000000e+00 0.000000000000000000e+00 1.986143787377480929e-01 1.849963485121269569e-01
5.000000000000000000e+02 2.923846796057921749e-01 1.040072718918911843e-01 0.000000000000000000e+00 0.000000000000000000e+00 1.553122108453308392e-01 1.714508866912289875e-01
5.050000000000000000e+02 2.483504149993617793e-01 2.777815808692797872e-01 1.000000000000000000e+00 0.000000000000000000e+00 5.146484619145946793e-02 1.266682429879557037e-01
5.100000000000000000e+02 1.779537505397376929e-01 3.612860770309643810e-01 0.000000000000000000e+00 0.000000000000000000e+00 1.385897745614230459e-01 1.702416315538780034e-01
5.150000000000000000e+02 1.172279685297462903e-01 2.328255757414625648e-01 0.000000000000000000e+00 0.000000000000000000e+00 1.464611578585835183e-01 1.519194449028496430e-01
5.200000000000000000e+02 3.178464063814958607e-01 1.240367926694307954e-01 0.000000000000000000e+00 0.000000000000000000e+00 1.417532295527932085e-01 1.010511251689634044e-01
5.250000000000000000e+02 2.343642847306899313e-01 3.082172548629975584e-01 0.000000000000000000e+00 0.000000000000000000e+00 1.077846731785455370e-01 1.275283455910465047e-01
5.300000000000000000e+02 1.263009486017874772e-01 1.529033159798496300e-01 0.000000000000000000e+00 0.000000000000000000e+00 1.764573408605198124e-01 1.455949962546297105e-01
5.350000000000000000e+02 2.452112399522687891e-01 5.963714253142195915e-02 0.000000000000000000e+00 0.000000000000000000e+00 1.596645666465923707e-01 1.327891186288407965e-01
5.400000000000000000e+02 2.648518220136431012e-01 2.938759018000184353e-01 0.000000000000000000e+00 0.000000000000000000e+00 1.848750802001534188e-01 1.204348826921046028e-01
5.450000000000000000e+02 1.844162178710764821e-01 7.276545675303011662e-02 0.000000000000000000e+00 0.000000000000000000e+00 1.732086463943111609e-01 1.363550757949867631e-01
5.500000000000000000e+02 2.301710540601490107e-01 4.617338472589552767e-01 0.000000000000000000e+00 0.000000000000000000e+00 1.757341530894722947e-01 1.143202956127962605e-01
5.550000000000000000e+02 1.807010162563280620e-01 1.790620823175742282e-01 0.000000000000000000e+00 0.000000000000000000e+00 1.742558806840617258e-01 1.800082503922148525e-01
5.600000000000000000e+02 2.136428274599145305e-01 1.771661955525270504e-01 0.000000000000000000e+00 0.000000000000000000e+00 1.694133091855863638e-01 1.156124955355779665e-01
5.650000000000000000e+02 2.603372897832650912e-01 1.685558890406144150e-01 0.000000000000000000e+00 0.000000000000000000e+00 1.420275003867219332e-01 1.153242667151422318e-01
5.700000000000000000e+02 1.511018942924580999e-01 2.933586043820287648e-01 0.000000000000000000e+00 0.000000000000000000e+00 2.113204687737880449e-01 1.057896754364044817e-01
5.750000000000000000e+02 2.387687984923308748e-01 1.671173761223546661e-01 0.000000000000000000e+00 0.000000000000000000e+00 2.091868701205339687e-01 8.380621472062192712e-02
5.800000000000000000e+02 1.606385661174438706e-01 1.021227096369561327e-01 0.000000000000000000e+00 0.000000000000000000e+00 1.447301935234866221e-01 7.630534648705564194e-02
5.850000000000000000e+02 2.957707278109932281e-01 2.367302356891799187e-01 0.000000000000000000e+00 0.000000000000000000e+00 1.627977947699457140e-01 1.238333016935473097e-01
5.900000000000000000e+02 2.619437967670893430e-01 2.732693524763297188e-01 0.000000000000000000e+00 0.000000000000000000e+00 1.807566976096570688e-01 1.240899385642088432e-01
5.950000000000000000e+02 3.266978288503880057e-01 4.153075220629785791e-02 0.000000000000000000e+00 0.000000000000000000e+00 1.027024294948783306e-01 1.004034923460349338e-01
6.000000000000000000e+02 2.400887386565156711e-01 5.937562618738108366e-02 0.000000000000000000e+00 0.000000000000000000e+00 1.266262434578322715e-01 8.246470132636830874e-02
6.050000000000000000e+02 2.204611694276864819e-01 2.074517275458490906e-01 0.000000000000000000e+00 0.000000000000000000e+00 1.836154931981418548e-01 1.047667886880177535e-01
6.100000000000000000e+02 2.707563682360495938e-01 4.233100629061672948e-02 0.000000000000000000e+00 0.000000000000000000e+00 2.091289123686340679e-01 9.943120357147283706e-02
6.150000000000000000e+02 2.431727236317496599e-01 7.275859957505492748e-02 0.000000000000000000e+00 0.000000000000000000e+00 1.699231530544952629e-01 1.390474005271317703e-01
6.200000000000000000e+02 8.942743062225885775e-02 0.000000000000000000e+00 0.000000000000000000e+00 0.000000000000000000e+00 9.365341215171664457e-02 0.000000000000000000e+00
6.250000000000000000e+02 2.624774936900412525e-01 3.301615778125016609e-01 0.000000000000000000e+00 0.000000000000000000e+00 1.564130681642176279e-01 1.411319386031048007e-01
6.300000000000000000e+02 2.751398414512152280e-01 2.397953002011073698e-01 0.000000000000000000e+00 0.000000000000000000e+00 1.552312519979879013e-01 1.354036950403704198e-01
6.350000000000000000e+02 2.985238733116074017e-01 1.698590907252126025e-01 0.000000000000000000e+00 0.000000000000000000e+00 1.376184160915882582e-01 1.504539811512174419e-01
6.400000000000000000e+02 1.663475685772096424e-01 1.616094892000431715e-01 0.000000000000000000e+00 0.000000000000000000e+00 1.264053686289972889e-01 1.439700667749004015e-01
6.450000000000000000e+02 1.023549651636467966e-01 2.501163681996673160e-01 0.000000000000000000e+00 0.000000000000000000e+00 1.363332991262412308e-01 1.337542200221510102e-01
6.500000000000000000e+02 3.314396411803378628e-01 2.963966876358456459e-03 0.000000000000000000e+00 0.000000000000000000e+00 1.482499094876879031e-01 3.037848484394602144e-02
6.550000000000000000e+02 3.388030597310455749e-01 1.091955790263732240e-01 0.000000000000000000e+00 0.000000000000000000e+00 1.426286562180398287e-01 1.347887493491182476e-01
6.600000000000000000e+02 2.227439151472029588e-01 0.000000000000000000e+00 0.000000000000000000e+00 0.000000000000000000e+00 9.926430712841308179e-02 0.000000000000000000e+00
6.650000000000000000e+02 1.665465557935188468e-01 2.576025084113366392e-01 0.000000000000000000e+00 0.000000000000000000e+00 1.825013023515169031e-01 8.684704627588003822e-02
6.700000000000000000e+02 3.391447757094374071e-01 1.559314356697958925e-01 0.000000000000000000e+00 0.000000000000000000e+00 1.505242202317731703e-01 1.142056122346021274e-01
6.750000000000000000e+02 2.498925793142385277e-01 1.568145847238130164e-01 0.000000000000000000e+00 0.000000000000000000e+00 1.394623802961745818e-01 1.550435915899487371e-01
6.800000000000000000e+02 1.225442421895622108e-01 8.277649691135750831e-02 0.000000000000000000e+00 0.000000000000000000e+00 1.344881793422798288e-01 7.408982277824395501e-02
6.850000000000000000e+02 2.617098289138798384e-01 1.572102367977173121e-01 0.000000000000000000e+00 0.000000000000000000e+00 1.324163927081341285e-01 6.791994851432112124e-02
6.900000000000000000e+02 1.720923929960235521e-01 3.081042990102715248e-02 0.000000000000000000e+00 0.000000000000000000e+00 1.298921662117464293e-01 2.363340946331618161e-02
6.950000000000000000e+02 9.079155901547648899e-02 1.238281375806370155e-01 0.000000000000000000e+00 0.000000000000000000e+00 1.115547339836796825e-01 8.532598394533962016e-02
7.000000000000000000e+02 7.037075952002654067e-02 6.122560348340368858e-02 0.000000000000000000e+00 0.000000000000000000e+00 1.217204604231952314e-01 1.347569147769008546e-01
7.050000000000000000e+02 2.703883098915370667e-02 1.657340093938972688e-03 0.000000000000000000e+00 0.000000000000000000e+00 4.311613813622303115e-02 8.223906581043822009e-03
7.100000000000000000e+02 3.394904558802219197e-01 2.953600496876002384e-03 0.000000000000000000e+00 0.000000000000000000e+00 9.801629154219138051e-02 2.342655088630486975e-03
7.150000000000000000e+02 2.183283265711590815e-01 2.289759609432515108e-01 0.000000000000000000e+00 0.000000000000000000e+00 1.183249369940364698e-01 1.119854752147974725e-01
7.200000000000000000e+02 8.973061665891625405e-02 1.403337791752146645e-02 0.000000000000000000e+00 0.000000000000000000e+00 1.471599557395441293e-01 6.607020533396765205e-02
7.250000000000000000e+02 2.069315440561495245e-01 7.747430759150836233e-02 0.000000000000000000e+00 0.000000000000000000e+00 1.471955476575944888e-01 1.021271467049462978e-01
7.300000000000000000e+02 1.246802203036891238e-01 2.838349744718425376e-03 0.000000000000000000e+00 0.000000000000000000e+00 1.161441464913212096e-01 1.327365303225598418e-02
7.350000000000000000e+02 4.111475014404906980e-02 0.000000000000000000e+00 0.000000000000000000e+00 0.000000000000000000e+00 4.377427734994707165e-02 0.000000000000000000e+00
7.400000000000000000e+02 1.898332506610285186e-01 1.286229770571004072e-01 0.000000000000000000e+00 0.000000000000000000e+00 8.828219432873560257e-02 1.300997675790708519e-01
7.450000000000000000e+02 1.640221257134114596e-01 1.413118517516865832e-02 0.000000000000000000e+00 0.000000000000000000e+00 1.023344597295121061e-01 9.199929374534529178e-03
7.500000000000000000e+02 1.782906947347984439e-01 8.056326938022842499e-03 0.000000000000000000e+00 0.000000000000000000e+00 1.120409199825432023e-01 1.535194679005358505e-02
7.550000000000000000e+02 3.459448790385935002e-01 1.663708351641141892e-01 0.000000000000000000e+00 0.000000000000000000e+00 1.733795193149926528e-01 1.751245241274068110e-01
7.600000000000000000e+02 1.049959953180797656e-01 2.309470044288444712e-01 0.000000000000000000e+00 0.000000000000000000e+00 1.690510192740279916e-01 1.087519890031138359e-01
7.650000000000000000e+02 9.940624133401640417e-02 4.590819567517274297e-02 0.000000000000000000e+00 0.000000000000000000e+00 9.792668837632374779e-02 1.111584161665659376e-01
7.700000000000000000e+02 1.379551404165600681e-01 7.638238419355554421e-02 0.000000000000000000e+00 0.000000000000000000e+00 1.189127068515093005e-01 9.905147908107375665e-02
7.750000000000000000e+02 2.351246177168631046e-01 4.455332534977095305e-02 0.000000000000000000e+00 0.000000000000000000e+00 1.399211948296625319e-01 1.395859289307980200e-01
7.800000000000000000e+02 5.880435008985925721e-02 1.563004119754411170e-01 0.000000000000000000e+00 0.000000000000000000e+00 7.823102502195250496e-02 9.929639422371260016e-02
7.850000000000000000e+02 2.436976199842248170e-01 0.000000000000000000e+00 0.000000000000000000e+00 0.000000000000000000e+00 1.087729735088390631e-01 0.000000000000000000e+00
7.900000000000000000e+02 2.839956898393034557e-01 3.458817188458594011e-02 0.000000000000000000e+00 0.000000000000000000e+00 1.114414743104484296e-01 1.329296970905749775e-01
7.950000000000000000e+02 4.144676820961484126e-02 1.525863949575902434e-01 0.000000000000000000e+00 0.000000000000000000e+00 1.175657117944887281e-01 1.488901915593340286e-01
8.000000000000000000e+02 4.811570540198110979e-02 1.897516992322219320e-01 0.000000000000000000e+00 0.000000000000000000e+00 1.458638672372364053e-01 9.006437615412928033e-02
8.050000000000000000e+02 1.303271819221726024e-01 5.018310288614370729e-02 0.000000000000000000e+00 0.000000000000000000e+00 1.125723549500977916e-01 2.271658285096663649e-02
8.100000000000000000e+02 5.411705977693406083e-02 1.066047964709362778e-01 0.000000000000000000e+00 0.000000000000000000e+00 7.208219591515407920e-02 1.625488238513046468e-01
8.150000000000000000e+02 1.259006180768530991e-01 8.958860913087401956e-02 0.000000000000000000e+00 0.000000000000000000e+00 9.190420737557444819e-02 5.141645723188745937e-02
8.200000000000000000e+02 1.612561408579526456e-01 4.801541746261813598e-02 0.000000000000000000e+00 0.000000000000000000e+00 1.060643032615541104e-01 1.254603502650734614e-01
8.250000000000000000e+02 8.802482024363585122e-02 1.455548868575628763e-01 0.000000000000000000e+00 0.000000000000000000e+00 3.535878810048603826e-02 1.118504361795962659e-01
8.300000000000000000e+02 1.852546933272690988e-01 0.000000000000000000e+00 0.000000000000000000e+00 0.000000000000000000e+00 9.991542204018456774e-02 0.000000000000000000e+00
8.350000000000000000e+02 1.771921529391481676e-01 3.531923183088063189e-01 0.000000000000000000e+00 0.000000000000000000e+00 1.129531055168553066e-01 1.588900616993665915e-01
8.400000000000000000e+02 2.387289874008268753e-01 3.207513375388011678e-02 0.000000000000000000e+00 0.000000000000000000e+00 1.677480296232413681e-01 2.038901042979050435e-02
8.450000000000000000e+02 2.735910829087108073e-02 2.311594414602649028e-01 0.000000000000000000e+00 0.000000000000000000e+00 3.635876651627771572e-02 1.411820612950950848e-01
8.500000000000000000e+02 1.437313276874074841e-01 2.660619891439632533e-03 0.000000000000000000e+00 0.000000000000000000e+00 1.185518487132861398e-01 6.959089401279715086e-03
8.550000000000000000e+02 6.365661650407079819e-02 1.198576854858004748e-01 0.000000000000000000e+00 0.000000000000000000e+00 2.039203314387452726e-01 1.549115642225742384e-01
8.600000000000000000e+02 7.843728900248144592e-03 1.022330695160133252e-01 0.000000000000000000e+00 0.000000000000000000e+00 1.784939228717414422e-02 9.531487087172128836e-02
8.650000000000000000e+02 6.601587982113155464e-03 1.719445957912762168e-01 0.000000000000000000e+00 0.000000000000000000e+00 4.990294763331555236e-03 7.466686437250888431e-02
8.700000000000000000e+02 0.000000000000000000e+00 1.673372843009047345e-02 0.000000000000000000e+00 0.000000000000000000e+00 0.000000000000000000e+00 1.178666966004877394e-02
8.750000000000000000e+02 4.886065283543413185e-01 3.352891715249241289e-02 1.000000000000000000e+00 0.000000000000000000e+00 1.060739347215584466e-01 1.293082036707063343e-01
8.800000000000000000e+02 2.669135640813747878e-01 6.568358094038094508e-02 0.000000000000000000e+00 0.000000000000000000e+00 1.648149516950211113e-01 5.902721292264619807e-02
8.850000000000000000e+02 7.200539123536384145e-02 1.866454239604996984e-02 0.000000000000000000e+00 0.000000000000000000e+00 6.622731394145592310e-02 8.718726119330826030e-02
8.900000000000000000e+02 1.971539857383954875e-01 0.000000000000000000e+00 0.000000000000000000e+00 0.000000000000000000e+00 1.613039979739712693e-01 0.000000000000000000e+00
8.950000000000000000e+02 1.381067279113558643e-01 1.469336081686543616e-01 0.000000000000000000e+00 0.000000000000000000e+00 1.311008912858331876e-01 1.597963834213646239e-01
9.000000000000000000e+02 1.167963425357840535e-01 1.253020404615008167e-02 0.000000000000000000e+00 0.000000000000000000e+00 6.354184344425725661e-02 3.646510041362461402e-02
9.050000000000000000e+02 5.110716331804784213e-02 8.727999549658276013e-02 0.000000000000000000e+00 0.000000000000000000e+00 7.631266396076313852e-02 1.041174387449120137e-01
9.100000000000000000e+02 2.827133129562948641e-02 1.458631035361543718e-02 0.000000000000000000e+00 0.000000000000000000e+00 9.575725159687530075e-02 1.445454489364794981e-01
9.150000000000000000e+02 1.292584986280749249e-01 1.157722898708695436e-01 0.000000000000000000e+00 0.000000000000000000e+00 8.080098071451993769e-02 7.335935252372878523e-02
9.200000000000000000e+02 3.123332064673960407e-01 1.396183086851853772e-01 0.000000000000000000e+00 0.000000000000000000e+00 1.390715697264542916e-01 1.235281514006517228e-01
9.250000000000000000e+02 1.721822680959469998e-01 3.112142057272097688e-03 0.000000000000000000e+00 0.000000000000000000e+00 7.875667438510371154e-02 3.056752494255186945e-03
9.300000000000000000e+02 7.756560921642088879e-02 3.925898778992131799e-03 0.000000000000000000e+00 0.000000000000000000e+00 1.190382662648999945e-01 2.971942418446886069e-03
9.350000000000000000e+02 2.887120000326758307e-01 1.069783862085205888e-03 0.000000000000000000e+00 0.000000000000000000e+00 1.811420087440431259e-01 9.286444663696534832e-03
9.400000000000000000e+02 5.257382645540380206e-02 5.088737469412093692e-03 0.000000000000000000e+00 0.000000000000000000e+00 1.427318488557317022e-01 3.749834070590933773e-03
9.450000000000000000e+02 1.159683284660558422e-01 0.000000000000000000e+00 0.000000000000000000e+00 0.000000000000000000e+00 8.259169167290378311e-02 0.000000000000000000e+00
9.500000000000000000e+02 1.474018643659133210e-01 7.102407980435163082e-02 0.000000000000000000e+00 0.000000000000000000e+00 1.112825347520021851e-01 9.421255370392486728e-02
9.550000000000000000e+02 2.966749041914639243e-02 1.671379696766975287e-01 0.000000000000000000e+00 0.000000000000000000e+00 5.518602531505725078e-02 1.328781278289908885e-01
9.600000000000000000e+02 1.358966704044455576e-01 2.574043696519171531e-01 0.000000000000000000e+00 0.000000000000000000e+00 8.133210871845067413e-02 9.267949408426692792e-02
9.650000000000000000e+02 2.406147177619037680e-02 9.369343209088047903e-04 0.000000000000000000e+00 0.000000000000000000e+00 7.938092121304708704e-02 4.388866107901437733e-03
9.700000000000000000e+02 4.463486282876424210e-02 4.234813547382541843e-02 0.000000000000000000e+00 0.000000000000000000e+00 1.103938710008374458e-01 1.242626493264288035e-01
9.750000000000000000e+02 1.441983009424231410e-01 1.385458914152171706e-01 0.000000000000000000e+00 0.000000000000000000e+00 6.709030732060326796e-02 1.065298722498891210e-01
9.800000000000000000e+02 1.064584715917899216e-01 4.580533406867918350e-02 0.000000000000000000e+00 0.000000000000000000e+00 1.587639891057979480e-01 5.992582142767357428e-02
9.850000000000000000e+02 2.016121699128460912e-02 4.993211311924823648e-03 0.000000000000000000e+00 0.000000000000000000e+00 5.186533615494432620e-02 9.128789549184164465e-02
9.900000000000000000e+02 3.048553524995794017e-01 1.658053253071490457e-02 0.000000000000000000e+00 0.000000000000000000e+00 1.484534380423362943e-01 6.329501022527941889e-02
9.950000000000000000e+02 3.104042665667584161e-02 1.678971476086089099e-01 0.000000000000000000e+00 0.000000000000000000e+00 1.429172867883157505e-01 6.279663764422739602e-02
