0.000000000000000000e+00 0.000000000000000000e+00 0.000000000000000000e+00 0.000000000000000000e+00 0.000000000000000000e+00 0.000000000000000000e+00 0.000000000000000000e+00
5.000000000000000000e+00 4.787093798010452761e-01 7.007131252023296453e-01 0.000000000000000000e+00 1.000000000000000000e+00 2.041210561208496033e-01 9.609639431905366014e-02
1.000000000000000000e+01 4.003413012415647509e-01 5.209147339699069512e-01 0.000000000000000000e+00 0.000000000000000000e+00 1.317952794416096252e-01 1.465904913488458583e-01
1.500000000000000000e+01 3.368480117371159266e-01 5.221383645947030860e-01 0.000000000000000000e+00 1.000000000000000000e+00 1.522406976047906146e-01 1.048133961145922971e-01
2.000000000000000000e+01 5.116184878697386251e-01 2.077964590177872606e-01 0.000000000000000000e+00 0.000000000000000000e+00 1.543549553907917760e-01 1.100424174318804932e-01
2.500000000000000000e+01 6.185617780914345332e-01 5.867019616107786995e-01 1.000000000000000000e+00 0.000000000000000000e+00 1.044665761344074906e-01 1.816877908623727444e-01
3.000000000000000000e+01 4.367457264946310036e-01 4.997238762097920839e-01 0.000000000000000000e+00 0.000000000000000000e+00 1.427837250096775090e-01 1.762540430973759398e-01
3.500000000000000000e+01 5.456714883720998888e-01 8.554759475697002458e-01 0.000000000000000000e+00 1.000000000000000000e+00 1.515950048350820645e-01 1.360715410603395847e-01
4.000000000000000000e+01 6.612083169331278709e-01 4.164578530886581254e-01 1.000000000000000000e+00 0.000000000000000000e+00 1.186921223946919013e-01 1.342234296558931228e-01
4.500000000000000000e+01 4.925462564033587509e-01 4.839269818589791994e-01 0.000000000000000000e+00 0.000000000000000000e+00 1.891683920341476755e-01 1.934645266288018972e-01
5.000000000000000000e+01 6.025127195359958332e-01 5.190494389891519011e-01 1.000000000000000000e+00 0.000000000000000000e+00 1.372666157747182980e-01 1.456471476567919032e-01
5.500000000000000000e+01 4.284002787284578173e-01 4.798093011910810057e-01 0.000000000000000000e+00 1.000000000000000000e+00 1.213683302204251885e-01 1.102143781196381483e-01
6.000000000000000000e+01 5.140552314325457228e-01 4.786409615150494790e-01 0.000000000000000000e+00 0.000000000000000000e+00 1.644120037583845506e-01 1.457950399321936152e-01
6.500000000000000000e+01 5.191250326751073452e-01 4.431406132134017573e-01 0.000000000000000000e+00 0.000000000000000000e+00 1.356860282485459479e-01 1.837220430812811223e-01
7.000000000000000000e+01 4.116676785360521285e-01 5.655880646435080816e-01 0.000000000000000000e+00 1.000000000000000000e+00 9.704797240184495632e-02 1.233377150414237400e-01
7.500000000000000000e+01 6.819691590853114160e-01 6.943819910048831812e-01 1.000000000000000000e+00 0.000000000000000000e+00 1.465777536848876239e-01 2.041023281150240731e-01
8.000000000000000000e+01 4.548440105396790445e-01 5.267441448881611255e-01 0.000000000000000000e+00 0.000000000000000000e+00 1.599676650133431410e-01 1.770731968533729439e-01
8.500000000000000000e+01 3.896926939105757048e-01 4.540789338602556624e-01 0.000000000000000000e+00 0.000000000000000000e+00 1.869759254465485632e-01 2.214487879217020561e-01
9.000000000000000000e+01 3.779986309414514745e-01 3.802171437763912643e-01 0.000000000000000000e+00 0.000000000000000000e+00 1.616687377095590850e-01 1.472611073494979328e-01
9.500000000000000000e+01 4.948394098976265920e-01 5.533307059909344794e-01 0.000000000000000000e+00 1.000000000000000000e+00 1.369237933748077285e-01 1.242747403896641567e-01
1.000000000000000000e+02 4.332696427111149551e-01 3.621543265128483458e-01 0.000000000000000000e+00 0.000000000000000000e+00 2.057432715397775058e-01 1.758836194907103245e-01
1.050000000000000000e+02 6.484678586930006094e-01 4.377751691668443357e-01 0.000000000000000000e+00 0.000000000000000000e+00 1.569852270636623026e-01 1.509636554265762487e-01
1.100000000000000000e+02 6.766863633788264831e-01 4.990745242573336182e-01 1.000000000000000000e+00 0.000000000000000000e+00 1.262251718259842503e-01 1.955855382313358148e-01
1.150000000000000000e+02 5.187365644923308539e-01 6.505248477853528000e-01 0.000000000000000000e+00 0.000000000000000000e+00 1.842921856324817032e-01 1.904735344244070372e-01
1.200000000000000000e+02 4.540426559269937767e-01 5.511262777014398484e-01 0.000000000000000000e+00 0.000000000000000000e+00 1.542878421205580997e-01 1.757709221929323051e-01
1.250000000000000000e+02 5.500470528393179848e-01 4.610605011280542453e-01 1.000000000000000000e+00 0.000000000000000000e+00 1.240341492450924982e-01 1.838649273362571168e-01
1.300000000000000000e+02 6.420097337480930033e-01 5.452847626052742536e-01 1.000000000000000000e+00 0.000000000000000000e+00 1.338883435917830600e-01 1.830917126290757535e-01
1.350000000000000000e+02 2.754302111456068403e-01 3.900862610050060963e-01 0.000000000000000000e+00 0.000000000000000000e+00 2.023728659476448088e-01 1.962355068878674225e-01
1.400000000000000000e+02 3.530613958790783657e-01 6.150187321245693672e-01 0.000000000000000000e+00 0.000000000000000000e+00 1.874824527918839134e-01 1.779674283815373959e-01
1.450000000000000000e+02 4.594254431982474074e-01 2.848714501132724175e-01 0.000000000000000000e+00 0.000000000000000000e+00 1.574227962247476964e-01 1.265366231079976256e-01
1.500000000000000000e+02 5.149769572202532730e-01 4.389620955818299697e-01 0.000000000000000000e+00 0.000000000000000000e+00 1.570535085481912785e-01 1.269707432974893913e-01
1.550000000000000000e+02 5.526979607153432728e-01 4.675361274516246501e-01 0.000000000000000000e+00 0.000000000000000000e+00 1.753642597693065852e-01 1.395410639641352368e-01
1.600000000000000000e+02 5.659645656731875363e-01 3.635266398784525732e-01 1.000000000000000000e+00 0.000000000000000000e+00 8.603489042296980083e-02 1.139499955226557087e-01
1.650000000000000000e+02 4.317635959214259356e-01 5.363323984573615810e-01 0.000000000000000000e+00 0.000000000000000000e+00 1.552760884784582240e-01 1.462848629961329416e-01
1.700000000000000000e+02 6.079992093078713244e-01 3.616735582031015972e-01 1.000000000000000000e+00 0.000000000000000000e+00 1.354196753851630020e-01 1.667794125637089564e-01
1.750000000000000000e+02 3.319944356744356506e-01 1.878903648745860466e-01 0.000000000000000000e+00 0.000000000000000000e+00 1.256207702959924177e-01 2.303695040030508401e-01
1.800000000000000000e+02 5.013373081791668850e-01 4.299924871716339636e-01 1.000000000000000000e+00 0.000000000000000000e+00 1.006695478654452969e-01 1.243143170085006660e-01
1.850000000000000000e+02 5.100487426164871385e-01 4.654912590878916845e-01 0.000000000000000000e+00 0.000000000000000000e+00 1.627033472062180686e-01 1.685952087560209922e-01
1.900000000000000000e+02 6.150755730280652589e-01 4.456573422605369927e-01 1.000000000000000000e+00 0.000000000000000000e+00 5.763020457623155984e-02 1.572706558739115079e-01
1.950000000000000000e+02 5.015044422651372402e-01 1.650141092961882328e-01 0.000000000000000000e+00 0.000000000000000000e+00 1.764370145623837260e-01 1.641649734886914402e-01
2.000000000000000000e+02 5.061489839170461025e-01 4.623801871233668703e-01 0.000000000000000000e+00 0.000000000000000000e+00 1.326203964478975261e-01 1.961804187870418714e-01
2.050000000000000000e+02 5.713755923190831920e-01 4.451192043658011022e-01 0.000000000000000000e+00 0.000000000000000000e+00 1.402003287527864850e-01 1.112403349655892992e-01
2.100000000000000000e+02 5.747672896870626991e-01 3.603268163507731825e-01 1.000000000000000000e+00 0.000000000000000000e+00 8.211479718077488443e-02 2.145665360138997446e-01
2.150000000000000000e+02 4.361956686224436330e-01 6.430034913652559192e-01 0.000000000000000000e+00 0.000000000000000000e+00 1.467393791858103980e-01 1.885464146124901375e-01
2.200000000000000000e+02 5.843984904402530489e-01 3.340281261665868917e-01 0.000000000000000000e+00 0.000000000000000000e+00 2.314789185300952790e-01 1.293792264505954082e-01
2.250000000000000000e+02 6.569162013719814786e-01 3.484634978527517690e-01 0.000000000000000000e+00 0.000000000000000000e+00 1.820612877708612798e-01 1.612744259149778703e-01
2.300000000000000000e+02 1.712603291472919176e-01 9.793182534463158728e-02 0.000000000000000000e+00 0.000000000000000000e+00 1.066133313096441909e-01 1.849381362602045831e-01
2.350000000000000000e+02 4.765631992406196282e-01 2.760521935807762062e-01 0.000000000000000000e+00 0.000000000000000000e+00 1.343669085375082395e-01 1.887538224788656571e-01
2.400000000000000000e+02 4.201001077787038795e-01 4.096621249196100711e-01 0.000000000000000000e+00 0.000000000000000000e+00 1.602967321883950191e-01 2.045601080574333819e-01
2.450000000000000000e+02 3.771992686311527732e-01 4.501224102474791766e-01 0.000000000000000000e+00 0.000000000000000000e+00 9.046718206844055199e-02 2.315631593380426678e-01
2.500000000000000000e+02 2.712008995648244047e-01 3.401796254240916917e-01 0.000000000000000000e+00 0.000000000000000000e+00 1.445071056119281161e-01 1.055637827908126186e-01
2.550000000000000000e+02 2.781442521752920394e-01 4.012073848989896052e-01 0.000000000000000000e+00 0.000000000000000000e+00 1.754861069551705566e-01 1.730820158343410742e-01
2.600000000000000000e+02 5.219562743452554887e-01 5.049298302271750805e-01 1.000000000000000000e+00 0.000000000000000000e+00 1.108831554306225070e-01 1.908943941801735933e-01
2.650000000000000000e+02 4.430910571395864084e-01 1.928872277603987939e-01 0.000000000000000000e+00 0.000000000000000000e+00 1.472737445801237943e-01 9.622423870688787129e-02
2.700000000000000000e+02 4.479962321133942882e-01 2.903710058061650945e-01 0.000000000000000000e+00 0.000000000000000000e+00 1.391586211210466828e-01 1.903315933134223370e-01
2.750000000000000000e+02 4.148733332822479025e-01 2.196832837449805287e-01 0.000000000000000000e+00 0.000000000000000000e+00 1.849017360279490985e-01 1.396944396104417840e-01
2.800000000000000000e+02 5.022592362083192485e-01 2.107972655855672173e-01 0.000000000000000000e+00 0.000000000000000000e+00 1.599355581191365949e-01 6.562186335230578427e-02
2.850000000000000000e+02 2.096561121168393493e-01 3.134638835113338073e-01 0.000000000000000000e+00 0.000000000000000000e+00 6.840658830376655786e-02 1.423315304666466774e-01
2.900000000000000000e+02 5.095471364998572783e-01 1.532641948278017363e-01 0.000000000000000000e+00 0.000000000000000000e+00 1.689035561968334487e-01 1.612322765369083866e-01
2.950000000000000000e+02 4.151782499070315602e-01 3.246265156986345435e-01 0.000000000000000000e+00 0.000000000000000000e+00 1.716857361970212659e-01 1.579359870452988757e-01
3.000000000000000000e+02 4.918097443196774998e-01 4.233584735143102185e-01 0.000000000000000000e+00 0.000000000000000000e+00 1.212840384025019452e-01 1.556136877232993931e-01
3.050000000000000000e+02 4.289443205813482374e-01 4.101760055440925035e-01 0.000000000000000000e+00 0.000000000000000000e+00 1.544461887344421025e-01 1.390508178667289596e-01
3.100000000000000000e+02 2.008604711387780295e-01 3.850839945024618904e-01 0.000000000000000000e+00 0.000000000000000000e+00 1.112480385311802045e-01 1.722706861540990730e-01
3.150000000000000000e+02 4.133532525349404851e-01 3.790398530649451980e-01 0.000000000000000000e+00 0.000000000000000000e+00 2.046720064158250307e-01 1.050876461347713120e-01
3.200000000000000000e+02 2.695206375703042001e-01 4.649984874978586591e-01 0.000000000000000000e+00 0.000000000000000000e+00 8.208154334767421567e-02 1.388334446900054142e-01
3.250000000000000000e+02 4.365014713898386911e-01 3.371337870114952118e-01 0.000000000000000000e+00 0.000000000000000000e+00 1.072606684254562293e-01 1.081375462943801741e-01
3.300000000000000000e+02 2.925251816234834545e-01 2.680795242481183727e-01 0.000000000000000000e+00 0.000000000000000000e+00 1.245739216064141869e-01 1.168644682314435440e-01
3.350000000000000000e+02 2.042212124518817951e-01 7.409091704241560494e-02 0.000000000000000000e+00 0.000000000000000000e+00 1.646341864809552080e-01 1.623860174221139485e-01
3.400000000000000000e+02 5.612167071816911434e-01 5.417207527853299398e-01 1.000000000000000000e+00 0.000000000000000000e+00 1.276696879956093766e-01 1.842400912259243018e-01
3.450000000000000000e+02 4.936305611795036574e-01 2.670295115023221255e-01 1.000000000000000000e+00 0.000000000000000000e+00 9.639042758575404324e-02 1.264707430935777810e-01
3.500000000000000000e+02 5.085330260013376513e-01 2.357581523793552125e-01 1.000000000000000000e+00 0.000000000000000000e+00 1.026026154141992386e-01 2.135840792036199365e-01
3.550000000000000000e+02 1.483267967913912133e-01 3.623867351029305128e-01 0.000000000000000000e+00 1.000000000000000000e+00 1.594243789545879697e-01 7.469018296952111002e-02
3.600000000000000000e+02 3.580771843629000917e-01 3.057334024347643786e-01 0.000000000000000000e+00 0.000000000000000000e+00 1.134995145589084015e-01 1.689319951380319484e-01
3.650000000000000000e+02 3.098538749629219380e-01 3.698174593620623396e-01 0.000000000000000000e+00 0.000000000000000000e+00 1.721085792464180086e-01 1.048053776583555835e-01
3.700000000000000000e+02 4.271948043437387987e-01 2.131172063841458297e-01 0.000000000000000000e+00 0.000000000000000000e+00 1.368166563898784716e-01 1.544275740169039068e-01
3.750000000000000000e+02 4.810449954503809300e-01 3.246126002216702666e-01 0.000000000000000000e+00 0.000000000000000000e+00 1.646156037799861305e-01 1.041083795501514392e-01
3.800000000000000000e+02 3.894469436137699692e-01 2.876431501649949207e-01 0.000000000000000000e+00 0.000000000000000000e+00 1.448746158753005941e-01 9.600798356319523164e-02
3.850000000000000000e+02 3.874459604015972336e-01 2.509197428111203942e-01 0.000000000000000000e+00 0.000000000000000000e+00 1.912517023894220736e-01 1.193639224029536539e-01
3.900000000000000000e+02 4.619792498118330260e-01 3.358011631287031173e-01 0.000000000000000000e+00 0.000000000000000000e+00 1.407807330130264045e-01 1.462046977447129248e-01
3.950000000000000000e+02 1.669517698495667779e-01 2.306602625500596138e-01 0.000000000000000000e+00 0.000000000000000000e+00 1.228275616860178554e-01 1.354212795143009407e-01
4.000000000000000000e+02 5.335190944403628288e-01 4.129899465240108869e-01 0.000000000000000000e+00 0.000000000000000000e+00 1.481245145221114501e-01 1.250731125440062153e-01
4.050000000000000000e+02 4.477215800382366995e-01 1.717494514035214359e-01 0.000000000000000000e+00 0.000000000000000000e+00 1.470240985646864840e-01 1.254028537230907347e-01
4.100000000000000000e+02 5.595304578939974682e-02 3.433373426702841513e-01 0.000000000000000000e+00 0.000000000000000000e+00 5.475326954895884390e-02 1.433172230217073240e-01
4.150000000000000000e+02 2.595601505625410588e-01 7.953116414367795983e-02 0.000000000000000000e+00 0.000000000000000000e+00 1.306819672989830150e-01 1.686083559865653447e-01
4.200000000000000000e+02 1.709770766833545730e-01 1.701292959520918635e-01 0.000000000000000000e+00 0.000000000000000000e+00 1.076599240173802402e-01 6.765234169364271744e-02
4.250000000000000000e+02 3.066313568082202901e-01 2.272158695876165813e-01 0.000000000000000000e+00 0.000000000000000000e+00 1.179474788294861270e-01 2.263177677988074121e-01
4.300000000000000000e+02 3.191913839876666104e-01 2.362389260761158793e-01 0.000000000000000000e+00 0.000000000000000000e+00 1.563884829049602132e-01 1.702168157644520508e-01
4.350000000000000000e+02 2.434341187569585563e-01 2.402703170107058361e-01 0.000000000000000000e+00 0.000000000000000000e+00 1.200317280923756391e-01 7.953159393556186174e-02
4.400000000000000000e+02 5.166202884721113886e-01 4.185464492784957136e-01 0.000000000000000000e+00 0.000000000000000000e+00 1.496800369619828985e-01 1.621682837040811231e-01
4.450000000000000000e+02 3.861472907618700434e-01 3.486192459315107239e-01 0.000000000000000000e+00 0.000000000000000000e+00 1.454940816079461352e-01 2.223201965808221936e-01
4.500000000000000000e+02 4.289450002718285804e-01 3.023525776726952441e-01 0.000000000000000000e+00 0.000000000000000000e+00 1.366814282595849306e-01 1.043384426624271305e-01
4.550000000000000000e+02 2.179691349128276001e-01 1.268729787702644052e-01 0.000000000000000000e+00 0.000000000000000000e+00 1.193538080735969537e-01 1.169458166205197824e-01
4.600000000000000000e+02 2.735425359793982047e-01 3.304259498435113684e-01 0.000000000000000000e+00 0.000000000000000000e+00 1.618922513237601168e-01 1.055926197727737048e-01
4.650000000000000000e+02 3.545562038924187642e-01 1.462562310366211649e-01 0.000000000000000000e+00 0.000000000000000000e+00 1.353649266786963179e-01 1.078245761714917705e-01
4.700000000000000000e+02 4.298403853291454801e-01 7.043458580841589767e-02 0.000000000000000000e+00 0.000000000000000000e+00 1.758208905827014501e-01 9.051974124447184633e-02
4.750000000000000000e+02 2.326973052706466372e-01 2.726756223016157943e-01 0.000000000000000000e+00 0.000000000000000000e+00 1.217339328180794406e-01 1.603435255296717654e-01
4.800000000000000000e+02 2.910787407252943826e-01 4.799268428146598597e-01 0.000000000000000000e+00 1.000000000000000000e+00 1.496418936799010779e-01 9.470212719283115088e-02
4.850000000000000000e+02 2.547645335476903528e-01 3.168161520164488598e-01 0.000000000000000000e+00 0.000000000000000000e+00 1.529864186311004071e-01 1.146511529308848615e-01
4.900000000000000000e+02 3.212277149035761559e-01 1.302159312725300055e-01 0.000000000000000000e+00 0.000000000000000000e+00 1.093953674196298242e-01 1.307380938086566691e-01
4.950000000000000000e+02 6.215726260619648669e-02 1.757271352155103106e-01 0.000000000000000000e+00 0.000000000000000000e+00 1.107705078442248747e-01 1.631574028491444561e-01
5.000000000000000000e+02 5.705671190797421966e-02 3.494276414319115731e-01 0.000000000000000000e+00 0.000000000000000000e+00 7.266936809281940302e-02 1.071395910039253524e-01
5.050000000000000000e+02 3.955008666421289121e-01 2.490183888577139071e-01 0.000000000000000000e+00 0.000000000000000000e+00 1.302288615845731412e-01 1.530085416545099442e-01
5.100000000000000000e+02 1.059340596657768752e-01 2.632136869690440140e-01 0.000000000000000000e+00 0.000000000000000000e+00 1.047922298277251113e-01 9.921390155943377032e-02
5.150000000000000000e+02 2.546416644405382623e-01 2.451978831454498520e-01 0.000000000000000000e+00 0.000000000000000000e+00 1.296907606445618089e-01 1.270240442335285047e-01
5.200000000000000000e+02 2.231547624499666260e-01 2.870344016705611567e-01 0.000000000000000000e+00 0.000000000000000000e+00 1.542214382074365009e-01 1.325640067621743357e-01
5.250000000000000000e+02 3.161478148456892123e-01 2.257890082247401842e-01 0.000000000000000000e+00 0.000000000000000000e+00 1.082457794547472263e-01 1.077669992285202050e-01
5.300000000000000000e+02 1.621199633622169289e-01 2.460515603321529743e-01 0.000000000000000000e+00 0.000000000000000000e+00 1.757784709461122641e-01 1.820864407755801717e-01
5.350000000000000000e+02 2.912895490100045892e-01 1.968169317000442731e-01 0.000000000000000000e+00 0.000000000000000000e+00 1.032680873552276890e-01 6.544176082173359943e-02
5.400000000000000000e+02 2.566787195605001459e-01 3.505444243213711175e-01 0.000000000000000000e+00 0.000000000000000000e+00 1.627239686423798959e-01 9.228936752585743808e-02
5.450000000000000000e+02 2.103050055689682785e-01 3.037674798246474683e-01 0.000000000000000000e+00 0.000000000000000000e+00 1.529570781325854112e-01 1.415360217950636934e-01
5.500000000000000000e+02 2.817376011729261220e-01 5.986814445429493314e-02 0.000000000000000000e+00 0.000000000000000000e+00 1.464112960829891952e-01 1.723703564398939292e-01
5.550000000000000000e+02 3.406206138802389538e-01 2.299562133742545922e-01 0.000000000000000000e+00 0.000000000000000000e+00 1.318474473073326658e-01 1.090736454674249012e-01
5.600000000000000000e+02 2.404491071934282131e-01 1.732985887724824425e-01 0.000000000000000000e+00 0.000000000000000000e+00 1.220666453047195010e-01 1.543168987733125885e-01
5.650000000000000000e+02 3.126486563543561248e-01 3.304889495475923922e-01 0.000000000000000000e+00 0.000000000000000000e+00 1.298566137377302476e-01 1.806588642870794459e-01
5.700000000000000000e+02 2.351318481107174119e-01 3.009803609270322866e-01 0.000000000000000000e+00 0.000000000000000000e+00 1.831275336696727429e-01 1.748822101844807742e-01
5.750000000000000000e+02 2.883002707043602064e-01 3.882151945022174755e-01 0.000000000000000000e+00 0.000000000000000000e+00 1.661183418836574832e-01 1.687613135749778670e-01
5.800000000000000000e+02 7.224004105382307583e-02 2.008511077535320849e-02 0.000000000000000000e+00 0.000000000000000000e+00 5.819025761256087226e-02 6.843777497345729377e-02
5.850000000000000000e+02 2.756153813516862838e-01 3.513270445035944212e-01 0.000000000000000000e+00 0.000000000000000000e+00 1.299694970313286235e-01 1.199124747601550134e-01
5.900000000000000000e+02 2.303583293852070335e-01 1.511816166240917414e-01 0.000000000000000000e+00 0.000000000000000000e+00 1.264812503747320127e-01 1.994223888573408432e-01
5.950000000000000000e+02 2.271384703295829532e-01 3.805351411739176237e-01 0.000000000000000000e+00 0.000000000000000000e+00 1.204307891849977080e-01 1.296791733816280989e-01
6.000000000000000000e+02 2.664874187190649502e-01 1.683867190895534383e-01 0.000000000000000000e+00 0.000000000000000000e+00 1.088426926806232570e-01 1.313698102187160766e-01
6.050000000000000000e+02 1.998811736221735857e-01 3.345224856219519149e-01 0.000000000000000000e+00 0.000000000000000000e+00 8.736684463376981347e-02 1.504081799682514820e-01
6.100000000000000000e+02 2.928438405319210847e-01 8.833030921907844557e-02 0.000000000000000000e+00 0.000000000000000000e+00 1.331647698431647486e-01 1.660671492660724391e-01
6.150000000000000000e+02 1.971841068216074466e-01 2.086153250119721358e-01 0.000000000000000000e+00 0.000000000000000000e+00 1.116045976820144447e-01 1.146343456205708017e-01
6.200000000000000000e+02 2.761911737894903740e-01 1.540101747366841578e-01 0.000000000000000000e+00 0.000000000000000000e+00 1.258409077318002889e-01 1.585880066983057779e-01
6.250000000000000000e+02 1.025508715809273497e-01 1.429765688941679880e-01 0.000000000000000000e+00 0.000000000000000000e+00 1.233815561054423804e-01 1.134205987499160295e-01
6.300000000000000000e+02 5.963275546496292490e-02 9.671584654716994592e-03 0.000000000000000000e+00 0.000000000000000000e+00 1.863311469783391072e-01 8.627914698109372116e-02
6.350000000000000000e+02 2.414044226745611643e-01 1.842869596371656538e-01 0.000000000000000000e+00 0.000000000000000000e+00 1.235657345868992479e-01 1.397277575540155636e-01
6.400000000000000000e+02 3.414257035799347917e-01 6.778291844158720880e-02 0.000000000000000000e+00 0.000000000000000000e+00 1.563622927317573907e-01 6.308489975328229749e-02
6.450000000000000000e+02 1.573978107455828446e-01 1.501437440875234564e-01 0.000000000000000000e+00 0.000000000000000000e+00 1.218456138734164973e-01 6.741935728272356598e-02
6.500000000000000000e+02 2.833746075325009328e-01 6.952441691908745535e-04 0.000000000000000000e+00 0.000000000000000000e+00 1.755549392835315803e-01 4.107820900837453985e-03
6.550000000000000000e+02 2.679253063361328735e-01 3.506023964863885789e-02 0.000000000000000000e+00 0.000000000000000000e+00 1.061636833110320977e-01 1.352597202509993046e-01
6.600000000000000000e+02 2.724271210177978686e-01 3.388490468446189174e-01 0.000000000000000000e+00 0.000000000000000000e+00 9.376351923194735372e-02 1.458282285745227114e-01
6.650000000000000000e+02 2.473262493141467622e-01 1.793043798460061677e-01 0.000000000000000000e+00 0.000000000000000000e+00 1.250843972826004846e-01 9.482422245556788865e-02
6.700000000000000000e+02 3.273734256511032781e-01 3.974340941099077651e-01 0.000000000000000000e+00 0.000000000000000000e+00 1.613747625294029986e-01 1.696616667567206194e-01
6.750000000000000000e+02 6.933504183757524530e-02 1.820392693886568602e-01 0.000000000000000000e+00 0.000000000000000000e+00 1.324509952884963537e-01 1.491874404381112185e-01
6.800000000000000000e+02 2.422494622509144269e-01 1.167800212638946677e-01 0.000000000000000000e+00 0.000000000000000000e+00 1.325838008130554302e-01 1.377325485257072102e-01
6.850000000000000000e+02 2.123437639302618862e-01 1.516671181098950758e-02 0.000000000000000000e+00 0.000000000000000000e+00 1.167368394346746802e-01 8.951117781299006149e-02
6.900000000000000000e+02 3.236424630004990366e-01 1.326961525668769182e-01 0.000000000000000000e+00 0.000000000000000000e+00 9.920564799789538535e-02 1.311204285801713387e-01
6.950000000000000000e+02 9.666672583758384452e-02 1.245789273260918539e-01 0.000000000000000000e+00 0.000000000000000000e+00 1.411626053542129056e-01 1.236135553187113489e-01
7.000000000000000000e+02 1.480162628753720899e-01 1.842953616417838253e-02 0.000000000000000000e+00 0.000000000000000000e+00 1.216639208396403521e-01 1.274687472732675686e-01
7.050000000000000000e+02 7.145014342623257075e-02 2.597408233093113639e-01 0.000000000000000000e+00 0.000000000000000000e+00 7.212969951637229760e-02 1.056359048142066492e-01
7.100000000000000000e+02 3.987645197815702924e-01 3.076745258855729248e-01 1.000000000000000000e+00 0.000000000000000000e+00 8.402947202100420621e-02 1.300209288298594945e-01
7.150000000000000000e+02 3.272768646233623624e-01 3.669592585156866704e-02 0.000000000000000000e+00 0.000000000000000000e+00 1.261323228731646984e-01 2.061912573926775460e-01
7.200000000000000000e+02 8.807212099302128006e-02 1.408063725689527312e-01 0.000000000000000000e+00 0.000000000000000000e+00 1.200900565081526317e-01 1.279096952326681524e-01
7.250000000000000000e+02 6.374842836388024125e-02 2.117799295990078767e-01 0.000000000000000000e+00 0.000000000000000000e+00 1.621073504619511829e-01 1.691659470568082080e-01
7.300000000000000000e+02 1.076687865482576188e-02 1.724526449482936541e-01 0.000000000000000000e+00 0.000000000000000000e+00 5.307852313777604303e-02 8.205639414350737737e-02
7.350000000000000000e+02 8.230208818663567460e-02 1.743126936198861887e-01 0.000000000000000000e+00 0.000000000000000000e+00 9.721620867866521964e-02 8.379870927325604180e-02
7.400000000000000000e+02 1.612539143353457494e-01 1.433574651656473464e-01 0.000000000000000000e+00 0.000000000000000000e+00 1.099718116625079956e-01 8.689080652823381878e-02
7.450000000000000000e+02 2.970042960829172851e-01 1.299426308678125197e-01 0.000000000000000000e+00 0.000000000000000000e+00 1.439106747934280894e-01 1.317720457470927253e-01
7.500000000000000000e+02 1.526243963992796882e-01 1.667479110720697100e-01 0.000000000000000000e+00 0.000000000000000000e+00 1.463700995444826569e-01 1.278038586875447358e-01
7.550000000000000000e+02 2.126894299748559314e-01 2.820352805831259912e-01 0.000000000000000000e+00 0.000000000000000000e+00 1.319142575744722823e-01 1.128158885649045706e-01
7.600000000000000000e+02 8.071401490588783756e-02 8.986654518281568527e-02 0.000000000000000000e+00 0.000000000000000000e+00 8.977055044612328172e-02 1.367160882145155298e-01
7.650000000000000000e+02 8.125537009959948875e-02 3.876503093985971260e-01 0.000000000000000000e+00 0.000000000000000000e+00 6.090377682395761022e-02 1.392106322087944548e-01
7.700000000000000000e+02 2.057384238634017704e-01 3.053605639600882049e-01 0.000000000000000000e+00 0.000000000000000000e+00 1.083039359317983369e-01 1.531314538228247812e-01
7.750000000000000000e+02 2.386868147352362579e-01 2.668648690594545014e-01 0.000000000000000000e+00 0.000000000000000000e+00 9.573420714439584422e-02 1.384740444735119425e-01
7.800000000000000000e+02 1.374465836121719908e-01 4.124212581950949530e-01 0.000000000000000000e+00 0.000000000000000000e+00 8.565127968970906447e-02 1.342462537155423297e-01
7.850000000000000000e+02 2.828925884714875716e-01 3.043333891294636717e-01 0.000000000000000000e+00 0.000000000000000000e+00 9.236653795230571895e-02 1.528971856348586011e-01
7.900000000000000000e+02 2.669570646383849777e-01 2.875928819492059030e-01 0.000000000000000000e+00 0.000000000000000000e+00 1.315395400746432186e-01 1.032557852650699270e-01
7.950000000000000000e+02 1.397860399919351460e-01 2.699772694012642638e-01 0.000000000000000000e+00 0.000000000000000000e+00 1.263964437593448065e-01 9.808748151295490492e-02
8.000000000000000000e+02 1.764241811478533817e-01 3.282156660386338354e-01 0.000000000000000000e+00 0.000000000000000000e+00 1.020826758665932671e-01 1.244216166523295225e-01
8.050000000000000000e+02 1.581501758806478919e-01 6.171399985089083551e-02 0.000000000000000000e+00 0.000000000000000000e+00 1.431064018942244109e-01 9.572594916611866511e-02
8.100000000000000000e+02 1.964762846752593772e-01 2.903207488671281644e-01 0.000000000000000000e+00 0.000000000000000000e+00 6.368395983696029106e-02 1.202450633915982114e-01
8.150000000000000000e+02 1.662523768267634705e-01 1.196024469073557472e-01 0.000000000000000000e+00 0.000000000000000000e+00 7.145181791362736901e-02 3.762053029638609547e-02
8.200000000000000000e+02 6.223960288622031045e-02 1.854886884871610742e-01 0.000000000000000000e+00 0.000000000000000000e+00 9.382877834435467135e-02 8.923847403597863492e-02
8.250000000000000000e+02 1.540835404775595385e-01 3.802152703117577248e-01 0.000000000000000000e+00 0.000000000000000000e+00 8.200174692416616062e-02 1.391692506937976803e-01
8.300000000000000000e+02 2.897451973670018832e-01 1.389627667832728786e-01 0.000000000000000000e+00 0.000000000000000000e+00 1.000300301293329946e-01 2.245436991434992258e-01
8.350000000000000000e+02 1.353642168342048813e-01 2.429372260375655679e-01 0.000000000000000000e+00 0.000000000000000000e+00 6.624454046277805652e-02 1.636795796078271414e-01
8.400000000000000000e+02 1.845062512498599483e-01 1.141627824660463447e-01 0.000000000000000000e+00 0.000000000000000000e+00 1.469473688976828119e-01 1.364960030866934071e-01
8.450000000000000000e+02 2.050170784858209444e-02 2.917761630657596528e-01 0.000000000000000000e+00 0.000000000000000000e+00 2.964429997871394565e-02 1.255205556864968930e-01
8.500000000000000000e+02 6.368442076879815561e-02 5.664647887033221613e-02 0.000000000000000000e+00 0.000000000000000000e+00 1.331394032255947546e-01 6.499931722244119137e-02
8.550000000000000000e+02 9.869781316679053507e-02 1.885562364557934745e-01 0.000000000000000000e+00 0.000000000000000000e+00 1.177609630184469347e-01 1.360596569661291499e-01
8.600000000000000000e+02 6.814286162380253794e-05 1.960785820163418181e-01 0.000000000000000000e+00 0.000000000000000000e+00 2.794009555645679717e-03 1.807458577224664020e-01
8.650000000000000000e+02 4.996983942231569657e-03 2.654976608114041903e-01 0.000000000000000000e+00 0.000000000000000000e+00 2.787300316930063290e-03 1.618844279267859232e-01
8.700000000000000000e+02 7.181200351180860864e-03 4.040473926288431356e-02 0.000000000000000000e+00 0.000000000000000000e+00 1.561436111945726790e-01 1.487672647248651503e-01
8.750000000000000000e+02 1.748005113667525368e-01 2.195420102682931751e-01 0.000000000000000000e+00 0.000000000000000000e+00 1.117167294003907629e-01 9.079110560563155574e-02
8.800000000000000000e+02 5.764268829783514292e-02 2.422483334248676512e-01 0.000000000000000000e+00 0.000000000000000000e+00 1.834384670125342731e-01 1.402192510882754317e-01
8.850000000000000000e+02 6.404757953878932597e-02 2.506092945321325982e-01 0.000000000000000000e+00 0.000000000000000000e+00 9.572199503844026902e-02 1.237294213609420185e-01
8.900000000000000000e+02 6.439704431426859776e-02 3.401867275283772529e-01 0.000000000000000000e+00 0.000000000000000000e+00 8.715180726780033527e-02 1.006057739948286039e-01
8.950000000000000000e+02 7.961166020525287101e-02 1.863433940991557070e-01 0.000000000000000000e+00 0.000000000000000000e+00 4.911512829785003031e-02 1.940002222960010014e-01
9.000000000000000000e+02 5.778195975275281920e-02 1.617319890572742058e-01 0.000000000000000000e+00 0.000000000000000000e+00 8.718459697636425643e-02 1.064838211115098909e-01
9.050000000000000000e+02 1.186296697443891580e-02 7.984234978366368252e-02 0.000000000000000000e+00 0.000000000000000000e+00 4.808089720694793540e-02 7.185177414019601472e-02
9.100000000000000000e+02 7.889977054989562658e-03 2.316276898596005829e-01 0.000000000000000000e+00 0.000000000000000000e+00 4.083144506500793053e-03 1.027850003896363246e-01
9.150000000000000000e+02 9.180058515009022896e-03 2.102383130998465022e-01 0.000000000000000000e+00 0.000000000000000000e+00 7.578176100410100036e-02 1.556639711062519915e-01
9.200000000000000000e+02 1.639360028644106654e-02 6.825071923446167366e-02 0.000000000000000000e+00 0.000000000000000000e+00 1.617700306354142789e-02 1.569286154942591827e-01
9.250000000000000000e+02 8.771799852431286237e-02 2.528944691356467822e-01 0.000000000000000000e+00 0.000000000000000000e+00 7.506631997990861893e-02 1.333283366077146481e-01
9.300000000000000000e+02 9.705127489104393296e-03 1.513244731882692762e-01 0.000000000000000000e+00 0.000000000000000000e+00 9.201428724706965656e-03 1.950534755441534485e-01
9.350000000000000000e+02 1.133017172614493584e-01 1.272963866189285864e-01 0.000000000000000000e+00 0.000000000000000000e+00 1.683376659319534285e-01 1.248775598204408394e-01
9.400000000000000000e+02 1.661925322644079439e-01 9.433242313852549521e-02 0.000000000000000000e+00 0.000000000000000000e+00 5.820042647019790794e-02 1.628667835699776634e-01
9.450000000000000000e+02 4.248776306464165792e-02 1.987908798827065504e-01 0.000000000000000000e+00 0.000000000000000000e+00 1.443177039985954202e-01 1.704406407287561709e-01
9.500000000000000000e+02 2.421210265544764817e-01 5.973821697116810103e-02 0.000000000000000000e+00 0.000000000000000000e+00 5.922064626205195831e-02 1.111763792827506203e-01
9.550000000000000000e+02 1.910878777030231290e-01 2.888289799940880753e-01 0.000000000000000000e+00 0.000000000000000000e+00 1.435773476545212923e-01 1.191932349791040846e-01
9.600000000000000000e+02 3.489338218416241505e-02 7.987810327460950766e-02 0.000000000000000000e+00 0.000000000000000000e+00 3.949703338144980314e-02 1.252769223852397418e-01
9.650000000000000000e+02 7.679380961316542575e-02 2.095793472598649065e-02 0.000000000000000000e+00 0.000000000000000000e+00 1.041956773430596922e-01 4.618346379969539423e-02
9.700000000000000000e+02 9.595989696810316993e-02 1.225847072103711521e-01 0.000000000000000000e+00 0.000000000000000000e+00 1.426092356538288808e-01 9.841681655116003846e-02
9.750000000000000000e+02 1.536353842580336429e-02 3.998295072374941084e-01 0.000000000000000000e+00 0.000000000000000000e+00 9.940064982768555268e-02 1.640875312349550641e-01
9.800000000000000000e+02 2.286152996880538024e-01 1.315906769809497834e-01 0.000000000000000000e+00 0.000000000000000000e+00 9.706589083121704153e-02 1.374476208669248856e-01
9.850000000000000000e+02 6.700334293163130554e-03 4.707108827709813315e-02 0.000000000000000000e+00 0.000000000000000000e+00 7.744016855549444925e-03 5.809223777310099784e-02
9.900000000000000000e+02 1.581341025787715293e-01 3.181211657257186909e-01 0.000000000000000000e+00 0.000000000000000000e+00 9.416491553542352677e-02 9.891920224686202856e-02
9.950000000000000000e+02 4.203517701893179359e-02 1.980686710086111170e-03 0.000000000000000000e+00 0.000000000000000000e+00 6.426952080453875171e-02 4.047231457422612901e-03
