0.000000000000000000e+00 0.000000000000000000e+00 0.000000000000000000e+00 0.000000000000000000e+00 0.000000000000000000e+00 0.000000000000000000e+00 0.000000000000000000e+00
5.000000000000000000e+00 1.259843823720232958e+00 9.232163881758032042e-01 1.000000000000000000e+00 1.000000000000000000e+00 2.438875854516230901e-01 1.709740690751246628e-01
1.000000000000000000e+01 9.141217670519221628e-01 7.422608258007883375e-01 0.000000000000000000e+00 1.000000000000000000e+00 2.529138061493981793e-01 1.426992367868450962e-01
1.500000000000000000e+01 8.892966603090523003e-01 4.850131932314411531e-01 1.000000000000000000e+00 0.000000000000000000e+00 1.956886136535039566e-01 1.300380108650044386e-01
2.000000000000000000e+01 1.089001980420856608e+00 5.727584868304875787e-01 1.000000000000000000e+00 0.000000000000000000e+00 1.934438118411132279e-01 1.798824828424183120e-01
2.500000000000000000e+01 6.265727424295819414e-01 6.846483533019812606e-01 0.000000000000000000e+00 1.000000000000000000e+00 2.548426287568220094e-01 1.184287028415089843e-01
3.000000000000000000e+01 6.973327156486258671e-01 5.363848013406762316e-01 0.000000000000000000e+00 0.000000000000000000e+00 1.659124940280993776e-01 1.542208123929407759e-01
3.500000000000000000e+01 8.444009595342591989e-01 4.057771763489193551e-01 0.000000000000000000e+00 0.000000000000000000e+00 2.097045536880592365e-01 1.491331256372235847e-01
4.000000000000000000e+01 8.984652001123855092e-01 5.183975915105759613e-01 0.000000000000000000e+00 0.000000000000000000e+00 2.110066795636341697e-01 1.489995222578970047e-01
4.500000000000000000e+01 7.298792029778360391e-01 4.839865435069882205e-01 1.000000000000000000e+00 0.000000000000000000e+00 1.591563289748042787e-01 1.450558508385680900e-01
5.000000000000000000e+01 4.945407546765805407e-01 3.982475312643153909e-01 0.000000000000000000e+00 0.000000000000000000e+00 1.482688248967181099e-01 1.299896675167538374e-01
5.500000000000000000e+01 5.266171076582345512e-01 3.215671736343815867e-01 0.000000000000000000e+00 0.000000000000000000e+00 1.847694203400366553e-01 1.432824407207533846e-01
6.000000000000000000e+01 6.711756730068800803e-01 3.427444063960997656e-01 0.000000000000000000e+00 0.000000000000000000e+00 1.886290443117316362e-01 1.219086830066147681e-01
6.500000000000000000e+01 8.295685770897927025e-01 4.293811049083955389e-01 1.000000000000000000e+00 0.000000000000000000e+00 1.436572069627579107e-01 1.005438986086852199e-01
7.000000000000000000e+01 6.514327921173206359e-01 4.069045896724614586e-01 0.000000000000000000e+00 0.000000000000000000e+00 1.833223426651299781e-01 1.439780807773010929e-01
7.500000000000000000e+01 6.295881357427811631e-01 4.456906403243515724e-01 0.000000000000000000e+00 0.000000000000000000e+00 1.930769822377051415e-01 1.755286707610223818e-01
8.000000000000000000e+01 7.619413480502373881e-01 2.727278610379794688e-01 0.000000000000000000e+00 0.000000000000000000e+00 1.871062967196902294e-01 9.680834780616520696e-02
8.500000000000000000e+01 6.257990703833848922e-01 3.965075667062571974e-01 1.000000000000000000e+00 0.000000000000000000e+00 9.447387476729102174e-02 1.768734489737793514e-01
9.000000000000000000e+01 7.436603191720045913e-01 3.079931181624352421e-01 0.000000000000000000e+00 0.000000000000000000e+00 2.018935420897005062e-01 1.556006235493500311e-01
9.500000000000000000e+01 7.122339484580152424e-01 2.382288880724616753e-01 0.000000000000000000e+00 0.000000000000000000e+00 1.728095868044304817e-01 9.773214796403137394e-02
1.000000000000000000e+02 8.166678504810882533e-01 2.017416646812370262e-01 1.000000000000000000e+00 0.000000000000000000e+00 1.577975981804276562e-01 1.070594018223373495e-01
1.050000000000000000e+02 7.961210899379510542e-01 2.425166390052622134e-01 0.000000000000000000e+00 0.000000000000000000e+00 1.880987221625695649e-01 1.439526681576556166e-01
1.100000000000000000e+02 5.724223682697928695e-01 3.504029678128217640e-01 0.000000000000000000e+00 0.000000000000000000e+00 1.785402781177481413e-01 1.465904200160804416e-01
1.150000000000000000e+02 6.706540432769114712e-01 1.620969056887064386e-01 0.000000000000000000e+00 0.000000000000000000e+00 2.015903217509794343e-01 1.433142371762111678e-01
1.200000000000000000e+02 6.995187678428566036e-01 3.814260730447499581e-01 0.000000000000000000e+00 0.000000000000000000e+00 1.804660032230468170e-01 1.387601985324705411e-01
1.250000000000000000e+02 4.396975908879866002e-01 1.538443775934323354e-01 0.000000000000000000e+00 0.000000000000000000e+00 1.279036956275445835e-01 1.190723483108594438e-01
1.300000000000000000e+02 6.792911311732913182e-01 3.521083766655011549e-01 1.000000000000000000e+00 0.000000000000000000e+00 1.503545293781160808e-01 1.207950933940997312e-01
1.350000000000000000e+02 7.167868106936509109e-01 2.019477349876031003e-01 0.000000000000000000e+00 0.000000000000000000e+00 1.677234656519777101e-01 1.091493242766968796e-01
1.400000000000000000e+02 6.163848777907190435e-01 2.382538280083806581e-01 0.000000000000000000e+00 0.000000000000000000e+00 1.630180512510985003e-01 1.659839391100792205e-01
1.450000000000000000e+02 6.187674046963657082e-01 3.488059743931181123e-01 0.000000000000000000e+00 0.000000000000000000e+00 1.953180300189851504e-01 1.239262267203717072e-01
1.500000000000000000e+02 6.361937682116374226e-01 2.987822426697125389e-01 0.000000000000000000e+00 0.000000000000000000e+00 1.764744704387804231e-01 1.680769153558253903e-01
1.550000000000000000e+02 5.744266000588545973e-01 1.442618454549994544e-01 0.000000000000000000e+00 0.000000000000000000e+00 1.988940007634884266e-01 1.422502865223531643e-01
1.600000000000000000e+02 6.473448834701927002e-01 3.484875637060054210e-01 0.000000000000000000e+00 0.000000000000000000e+00 1.763721235024611200e-01 9.811782253922553265e-02
1.650000000000000000e+02 6.620938663555004933e-01 2.876836275090396966e-01 1.000000000000000000e+00 0.000000000000000000e+00 1.399226348719215807e-01 1.634497983386092035e-01
1.700000000000000000e+02 5.694449359628446228e-01 4.007783544983142265e-01 0.000000000000000000e+00 0.000000000000000000e+00 1.412796244647844535e-01 1.632609897037345104e-01
1.750000000000000000e+02 6.237293048966779940e-01 3.607775294932892285e-01 0.000000000000000000e+00 0.000000000000000000e+00 2.031349920166856671e-01 1.764405714985030349e-01
1.800000000000000000e+02 7.450607793965799974e-01 1.499508798541001053e-01 1.000000000000000000e+00 0.000000000000000000e+00 1.634004094366598991e-01 1.109905241690126304e-01
1.850000000000000000e+02 4.862405194022721422e-01 6.941213561918392616e-02 0.000000000000000000e+00 0.000000000000000000e+00 2.037030760889461389e-01 1.420047531526607287e-01
1.900000000000000000e+02 7.965329351727113982e-01 2.850789099983248587e-01 0.000000000000000000e+00 0.000000000000000000e+00 2.194508504862598408e-01 9.275363998837019008e-02
1.950000000000000000e+02 6.555940990360291654e-01 3.845241339137858705e-01 0.000000000000000000e+00 0.000000000000000000e+00 1.758383130037994013e-01 1.210827016534995887e-01
2.000000000000000000e+02 6.650315603212262339e-01 1.103375339953141798e-01 0.000000000000000000e+00 0.000000000000000000e+00 1.585099553676565520e-01 1.103032015157882628e-01
2.050000000000000000e+02 5.264872793705623888e-01 4.368321240876477107e-01 0.000000000000000000e+00 0.000000000000000000e+00 1.397846925550084718e-01 1.228392981862730243e-01
2.100000000000000000e+02 5.206282898338059351e-01 3.473549813865678959e-01 0.000000000000000000e+00 0.000000000000000000e+00 1.678833617957677382e-01 1.338196840698849255e-01
2.150000000000000000e+02 5.465559634477353823e-01 1.371406783963584342e-01 0.000000000000000000e+00 0.000000000000000000e+00 1.476263701000041784e-01 9.153345531860843098e-02
2.200000000000000000e+02 5.404204773318364019e-01 1.686029036222756183e-01 0.000000000000000000e+00 0.000000000000000000e+00 1.798801301745116821e-01 1.186165282491396245e-01
2.250000000000000000e+02 4.247922097904899275e-01 2.264609700260241110e-01 0.000000000000000000e+00 0.000000000000000000e+00 1.746003992961296103e-01 6.030867185188606983e-02
2.300000000000000000e+02 5.976797993016402799e-01 3.210283958910362667e-01 0.000000000000000000e+00 0.000000000000000000e+00 1.767272854856115905e-01 8.912869797879800771e-02
2.350000000000000000e+02 3.592920054739718871e-01 2.362559018964801860e-01 0.000000000000000000e+00 0.000000000000000000e+00 1.532335696145732673e-01 1.056901812604332108e-01
2.400000000000000000e+02 4.745874273643690411e-01 1.383106110803341560e-01 0.000000000000000000e+00 0.000000000000000000e+00 1.374391577996877944e-01 1.519894894139012798e-01
2.450000000000000000e+02 4.093819099227641867e-01 7.801500054678497942e-02 0.000000000000000000e+00 0.000000000000000000e+00 1.615581479915725038e-01 1.472253531870641730e-01
2.500000000000000000e+02 5.370235957381299663e-01 1.876592257988362322e-01 0.000000000000000000e+00 0.000000000000000000e+00 1.510019159144208312e-01 1.218484369961418262e-01
2.550000000000000000e+02 5.174298300999081723e-01 1.260641711116806674e-01 0.000000000000000000e+00 0.000000000000000000e+00 1.639191008823441265e-01 8.038525984392518031e-02
2.600000000000000000e+02 4.507862613612553249e-01 2.058400753005986683e-01 0.000000000000000000e+00 0.000000000000000000e+00 1.405463386277902849e-01 6.382303972368548461e-02
2.650000000000000000e+02 5.344992888892022842e-01 2.854123542902119517e-02 0.000000000000000000e+00 0.000000000000000000e+00 1.796172081636204509e-01 8.493755568739932982e-02
2.700000000000000000e+02 3.138465292845024068e-01 9.749072111727741241e-02 0.000000000000000000e+00 0.000000000000000000e+00 1.694010581461854459e-01 1.628743698428048725e-01
2.750000000000000000e+02 4.266232268603548095e-01 2.450378009638706500e-01 0.000000000000000000e+00 0.000000000000000000e+00 2.366593693541596266e-01 9.066534084753016809e-02
2.800000000000000000e+02 3.616617736720623144e-01 1.135022764445043908e-01 0.000000000000000000e+00 0.000000000000000000e+00 1.364997846579906748e-01 1.117576921790843641e-01
2.850000000000000000e+02 4.525776205726320112e-01 4.589496257950587826e-02 0.000000000000000000e+00 0.000000000000000000e+00 1.833645156803013765e-01 1.606878655317096893e-01
2.900000000000000000e+02 3.390345598625050805e-01 1.514296801289385149e-03 0.000000000000000000e+00 0.000000000000000000e+00 1.879832046427825920e-01 2.032056464189811121e-03
2.950000000000000000e+02 5.397670691131053466e-01 8.041159941430456315e-02 0.000000000000000000e+00 0.000000000000000000e+00 1.436253259530624604e-01 1.016054948595888074e-01
3.000000000000000000e+02 4.143280847538343137e-01 2.033508682254459576e-01 0.000000000000000000e+00 0.000000000000000000e+00 1.411251426135022302e-01 1.407019766332097688e-01
3.050000000000000000e+02 5.381806568938867219e-01 1.628020915498553101e-01 0.000000000000000000e+00 0.000000000000000000e+00 1.694998361614210303e-01 6.635616757286352807e-02
3.100000000000000000e+02 6.253098856686245544e-01 2.292215141293656999e-01 1.000000000000000000e+00 0.000000000000000000e+00 1.098854235792371126e-01 1.201421006262679420e-01
3.150000000000000000e+02 4.485389209307037994e-01 1.789758866549065464e-01 0.000000000000000000e+00 0.000000000000000000e+00 1.141935792653607784e-01 8.995531001709095031e-02
3.200000000000000000e+02 3.365537275724063138e-01 1.642976231933586662e-01 0.000000000000000000e+00 0.000000000000000000e+00 1.119646603462646633e-01 1.166682850615121947e-01
3.250000000000000000e+02 4.773006490152376102e-01 2.174782299162537069e-01 0.000000000000000000e+00 0.000000000000000000e+00 1.348626562962103315e-01 1.548513130512970959e-01
3.300000000000000000e+02 4.172283270740031469e-01 2.680711218249449135e-01 0.000000000000000000e+00 0.000000000000000000e+00 1.679785260391620516e-01 1.079696437903048534e-01
3.350000000000000000e+02 3.727746305534752613e-01 1.126687684474936280e-01 0.000000000000000000e+00 0.000000000000000000e+00 1.279939214195010000e-01 7.532344553359703043e-02
3.400000000000000000e+02 3.635641241852377026e-01 1.807751281460357740e-01 0.000000000000000000e+00 0.000000000000000000e+00 1.348261367033636582e-01 1.594304320927414087e-01
3.450000000000000000e+02 3.534666360138510321e-01 1.933530304233401775e-01 0.000000000000000000e+00 0.000000000000000000e+00 1.369411278124015585e-01 1.341822412604015968e-01
3.500000000000000000e+02 3.501566020437222870e-01 1.391718665041506431e-01 0.000000000000000000e+00 0.000000000000000000e+00 1.655833695068321954e-01 1.202024900701172128e-01
3.550000000000000000e+02 4.502665374836667955e-01 6.157271964467118941e-02 0.000000000000000000e+00 0.000000000000000000e+00 2.070133613681550688e-01 1.025023112187177232e-01
3.600000000000000000e+02 3.952634111921156657e-01 2.945469287605090303e-02 0.000000000000000000e+00 0.000000000000000000e+00 1.306987288516710533e-01 1.272429774944523195e-01
3.650000000000000000e+02 3.825589391676358919e-01 1.479407570450325671e-01 1.000000000000000000e+00 0.000000000000000000e+00 8.463515464026893920e-02 8.423819034270162154e-02
3.700000000000000000e+02 3.651399395531901293e-01 1.305070453650809259e-01 0.000000000000000000e+00 0.000000000000000000e+00 1.639833657349462070e-01 1.591389277097307597e-01
3.750000000000000000e+02 4.678533563396621853e-01 1.165145291077637202e-01 1.000000000000000000e+00 0.000000000000000000e+00 1.072041335892664204e-01 1.393912211174662130e-01
3.800000000000000000e+02 2.584179359400127218e-01 3.803646113650530625e-01 0.000000000000000000e+00 0.000000000000000000e+00 1.897306634176786078e-01 1.423109161692104885e-01
3.850000000000000000e+02 3.123425772283906499e-01 1.723427254816895238e-01 0.000000000000000000e+00 0.000000000000000000e+00 1.482778176635239087e-01 6.845119928043764956e-02
3.900000000000000000e+02 3.479267461878189360e-01 6.902079113502272711e-02 0.000000000000000000e+00 0.000000000000000000e+00 1.595219714438890768e-01 1.349403879349490576e-01
3.950000000000000000e+02 3.196794668984593857e-01 1.432799005446227236e-01 0.000000000000000000e+00 0.000000000000000000e+00 1.347634761047737939e-01 1.213324452433846012e-01
4.000000000000000000e+02 3.169867777422405997e-01 4.964569234128247965e-02 0.000000000000000000e+00 0.000000000000000000e+00 1.480653596548434092e-01 7.422883967015023177e-02
4.050000000000000000e+02 2.423185200619056290e-01 1.559453810662500273e-01 0.000000000000000000e+00 0.000000000000000000e+00 1.359602193511056933e-01 1.591023640879035417e-01
4.100000000000000000e+02 4.818653147817207882e-01 3.427831928278634033e-01 0.000000000000000000e+00 0.000000000000000000e+00 1.757928098243681514e-01 2.013400279352062783e-01
4.150000000000000000e+02 3.675245359453541694e-01 1.145295656708460452e-01 0.000000000000000000e+00 0.000000000000000000e+00 1.205899315414359768e-01 7.147301731886344933e-02
4.200000000000000000e+02 3.089525953763446742e-01 2.380305243036414942e-01 0.000000000000000000e+00 0.000000000000000000e+00 1.784359472837404870e-01 2.276626657258831177e-01
4.250000000000000000e+02 3.128688042817533987e-01 1.415679992065380643e-01 0.000000000000000000e+00 0.000000000000000000e+00 1.641679194599653113e-01 1.087236958091073319e-01
4.300000000000000000e+02 2.226274086519014206e-01 2.251917377314802127e-01 0.000000000000000000e+00 0.000000000000000000e+00 1.373777779964658885e-01 1.253594219223523876e-01
4.350000000000000000e+02 2.637806466431068531e-01 6.567826022743257497e-02 0.000000000000000000e+00 0.000000000000000000e+00 9.205040196321333246e-02 9.774541002682834989e-02
4.400000000000000000e+02 2.862229835831380242e-01 1.183255625902788211e-01 0.000000000000000000e+00 0.000000000000000000e+00 1.153682913466698157e-01 6.628701833584577097e-02
4.450000000000000000e+02 3.158148358022759838e-01 1.956964039210333794e-01 0.000000000000000000e+00 0.000000000000000000e+00 9.668956757182715911e-02 6.373600520457503582e-02
4.500000000000000000e+02 2.679162151733809338e-01 2.651599972551524909e-01 0.000000000000000000e+00 0.000000000000000000e+00 1.647875721304249419e-01 1.423661731975992273e-01
4.550000000000000000e+02 1.617796893482847387e-01 2.363866648542747861e-02 0.000000000000000000e+00 0.000000000000000000e+00 9.541600607962962000e-02 6.541481011520232369e-02
4.600000000000000000e+02 3.185176555563064005e-01 1.546874858377782214e-01 0.000000000000000000e+00 0.000000000000000000e+00 1.620993445484059936e-01 9.384477172998929861e-02
4.650000000000000000e+02 3.389679967968788898e-01 1.178858170444026243e-01 0.000000000000000000e+00 0.000000000000000000e+00 1.182104409207837270e-01 7.805777494203658406e-02
4.700000000000000000e+02 3.465934134882398543e-01 2.476644304805862284e-01 0.000000000000000000e+00 0.000000000000000000e+00 1.403766901971192638e-01 9.625431800020486928e-02
4.750000000000000000e+02 1.849696612120766415e-01 1.334391100276453579e-01 0.000000000000000000e+00 0.000000000000000000e+00 1.259186730550233002e-01 1.213619122165137121e-01
4.800000000000000000e+02 1.642218266272828520e-01 8.635259846610135459e-02 0.000000000000000000e+00 0.000000000000000000e+00 1.053195377803711891e-01 1.049718420443613992e-01
4.850000000000000000e+02 1.646367879626679520e-01 2.022723478302017042e-01 0.000000000000000000e+00 0.000000000000000000e+00 1.247469447164571421e-01 1.317973091745972825e-01
4.900000000000000000e+02 3.036390431764869891e-01 1.003898090042443236e-01 0.000000000000000000e+00 0.000000000000000000e+00 1.393440055839579028e-01 5.821530048234552918e-02
4.950000000000000000e+02 2.165615184781385927e-01 2.267539377688439495e-01 0.000000000000000000e+00 0.000000000000000000e+00 1.185767088405839387e-01 1.572475563210716520e-01
5.000000000000000000e+02 1.497819675981198473e-01 3.064619873559476515e-01 0.000000000000000000e+00 0.000000000000000000e+00 1.316127005734768485e-01 1.443374887627465741e-01
5.050000000000000000e+02 1.585753924109685464e-01 3.697699836113664817e-01 0.000000000000000000e+00 0.000000000000000000e+00 1.120029104542341059e-01 1.135006709459350366e-01
5.100000000000000000e+02 3.349219843503652427e-01 2.673735829818669751e-01 0.000000000000000000e+00 0.000000000000000000e+00 1.370430263719785990e-01 1.587542866400123709e-01
5.150000000000000000e+02 1.846213236444934347e-01 2.849128142592648461e-01 0.000000000000000000e+00 0.000000000000000000e+00 1.120191764688998476e-01 1.266103997074189969e-01
5.200000000000000000e+02 2.788127670066390396e-01 3.039236208434443753e-01 0.000000000000000000e+00 0.000000000000000000e+00 1.061021235724376316e-01 8.481328557347418695e-02
5.250000000000000000e+02 2.065789640374190161e-01 1.376878514942148635e-01 0.000000000000000000e+00 0.000000000000000000e+00 1.357639857725215227e-01 1.649203764946778061e-01
5.300000000000000000e+02 3.054889783860050834e-01 3.251336176783946041e-01 0.000000000000000000e+00 0.000000000000000000e+00 1.162141416165357877e-01 1.186254328496033489e-01
5.350000000000000000e+02 1.640834666457018365e-01 1.571426718742264250e-01 0.000000000000000000e+00 0.000000000000000000e+00 1.122843775534574373e-01 9.693772417602192215e-02
5.400000000000000000e+02 2.628096751527374542e-01 2.661201233041212699e-01 0.000000000000000000e+00 0.000000000000000000e+00 1.319333169360324409e-01 1.021241954892213866e-01
5.450000000000000000e+02 2.183869075754640288e-01 1.115485559776506659e-03 0.000000000000000000e+00 0.000000000000000000e+00 1.147851086233021012e-01 2.864214431277082532e-03
5.500000000000000000e+02 1.457564663344425027e-01 2.455409212217490311e-01 0.000000000000000000e+00 0.000000000000000000e+00 1.056679201398287304e-01 1.545766811215376069e-01
5.550000000000000000e+02 1.855303178921365870e-01 2.083794278295312274e-01 0.000000000000000000e+00 0.000000000000000000e+00 1.534024020506144503e-01 8.036364598400948245e-02
5.600000000000000000e+02 1.573092615589693488e-01 1.803565444862079425e-01 0.000000000000000000e+00 0.000000000000000000e+00 1.084489974529485035e-01 1.844019871582579240e-01
5.650000000000000000e+02 1.887290272747950137e-01 1.100270779179715885e-01 0.000000000000000000e+00 0.000000000000000000e+00 1.261887849670099981e-01 9.153083484722508711e-02
5.700000000000000000e+02 2.797379066357439936e-01 1.854566109647722005e-01 0.000000000000000000e+00 0.000000000000000000e+00 1.172270893871777964e-01 1.556512756220142790e-01
5.750000000000000000e+02 2.963936997831885245e-01 1.320598256460697451e-01 0.000000000000000000e+00 0.000000000000000000e+00 1.115066726048884183e-01 1.479569679487728884e-01
5.800000000000000000e+02 1.330231326256223201e-01 1.888597312068003853e-01 0.000000000000000000e+00 0.000000000000000000e+00 1.178914775650562879e-01 1.232135689862820377e-01
5.850000000000000000e+02 1.637946852370898709e-01 1.159100800533340719e-01 0.000000000000000000e+00 0.000000000000000000e+00 1.253343612463717893e-01 1.364580794853696710e-01
5.900000000000000000e+02 1.210263556826220999e-01 2.785654979360452921e-01 0.000000000000000000e+00 0.000000000000000000e+00 1.154983836634926597e-01 1.710794791701968076e-01
5.950000000000000000e+02 2.101205890494467210e-01 2.603118631049433640e-01 0.000000000000000000e+00 0.000000000000000000e+00 1.334152032042011660e-01 1.466672980010813032e-01
6.000000000000000000e+02 1.312569084048877954e-01 4.862047747195971659e-02 0.000000000000000000e+00 0.000000000000000000e+00 1.182320779987164061e-01 9.182337323143108243e-02
6.050000000000000000e+02 8.037201884875837254e-02 9.938093661027731091e-03 0.000000000000000000e+00 0.000000000000000000e+00 1.021572755142109712e-01 4.791653361848786929e-03
6.100000000000000000e+02 1.422509514799786545e-01 8.659027382243163207e-02 0.000000000000000000e+00 0.000000000000000000e+00 1.530873460802718855e-01 8.213786702312170229e-02
6.150000000000000000e+02 1.430885839211313293e-01 1.816513682804513086e-01 0.000000000000000000e+00 0.000000000000000000e+00 1.131245968068119723e-01 1.266437953726443633e-01
6.200000000000000000e+02 1.098635658330500142e-01 3.413335597435478153e-02 0.000000000000000000e+00 0.000000000000000000e+00 1.037302842663183761e-01 1.445738002737521344e-01
6.250000000000000000e+02 1.874621496700218659e-01 3.621887333232796102e-01 0.000000000000000000e+00 0.000000000000000000e+00 1.455613514407451403e-01 1.165863660967239313e-01
6.300000000000000000e+02 1.698526479546438317e-01 1.494682463271694850e-01 0.000000000000000000e+00 0.000000000000000000e+00 1.049344733623111259e-01 9.861142428344144006e-02
6.350000000000000000e+02 2.735796120683230415e-01 2.078556201897302225e-01 0.000000000000000000e+00 0.000000000000000000e+00 1.572656975208486796e-01 1.496966047537919287e-01
6.400000000000000000e+02 2.138596499592844702e-01 3.258243857010508227e-01 0.000000000000000000e+00 1.000000000000000000e+00 5.696515122388950275e-02 4.615318482879802314e-02
6.450000000000000000e+02 1.824466578453686760e-01 2.052399636995211052e-01 0.000000000000000000e+00 0.000000000000000000e+00 1.283201914601731497e-01 1.331553117832622590e-01
6.500000000000000000e+02 1.562211777139038971e-01 2.575217015868355719e-01 0.000000000000000000e+00 0.000000000000000000e+00 1.076839663858168566e-01 1.111229428389299972e-01
6.550000000000000000e+02 1.054260266122527961e-01 1.532610777620237452e-01 0.000000000000000000e+00 0.000000000000000000e+00 8.864053589994469462e-02 1.206733698612933725e-01
6.600000000000000000e+02 2.112218738372973748e-01 0.000000000000000000e+00 0.000000000000000000e+00 0.000000000000000000e+00 1.339292491887515701e-01 0.000000000000000000e+00
6.650000000000000000e+02 2.164004379648015453e-01 3.782991263648755598e-01 0.000000000000000000e+00 0.000000000000000000e+00 1.327584659533600775e-01 1.173184217209682911e-01
6.700000000000000000e+02 9.061114050910246132e-02 1.648596192382035253e-01 0.000000000000000000e+00 0.000000000000000000e+00 8.894890549620722286e-02 1.251317691351410133e-01
6.750000000000000000e+02 1.976374332035107373e-01 1.934020634656416493e-02 0.000000000000000000e+00 0.000000000000000000e+00 1.814111883136549364e-01 1.442095555256837081e-01
6.800000000000000000e+02 2.133476037556768234e-01 2.640550489522857092e-01 0.000000000000000000e+00 0.000000000000000000e+00 8.984652720479767429e-02 8.157304858160398242e-02
6.850000000000000000e+02 1.610690803627355672e-01 2.159471165964127748e-01 0.000000000000000000e+00 0.000000000000000000e+00 1.067537976463349830e-01 1.388694462261207685e-01
6.900000000000000000e+02 1.322547910698609885e-01 3.193025207520876207e-02 0.000000000000000000e+00 0.000000000000000000e+00 9.307512971197230700e-02 9.450380874934696807e-02
6.950000000000000000e+02 1.942841540447250437e-01 3.593205438582087324e-02 0.000000000000000000e+00 0.000000000000000000e+00 9.574593972385911367e-02 5.122643308897346925e-02
7.000000000000000000e+02 1.880340845510918846e-01 1.196355581634179072e-01 0.000000000000000000e+00 0.000000000000000000e+00 1.496231646955371863e-01 1.632463179320502722e-01
7.050000000000000000e+02 7.083974359935596432e-02 5.912407761055622768e-02 0.000000000000000000e+00 0.000000000000000000e+00 8.849847375412991934e-02 1.274325718901604398e-01
7.100000000000000000e+02 1.897470031386656597e-01 3.146310244358433567e-02 0.000000000000000000e+00 0.000000000000000000e+00 1.212457653239644856e-01 1.176197347027398837e-01
7.150000000000000000e+02 1.183326985305837714e-01 2.982360078679987536e-01 0.000000000000000000e+00 0.000000000000000000e+00 1.045826746189714856e-01 1.944474896540279996e-01
7.200000000000000000e+02 1.161397189206311575e-01 8.253914824168266662e-02 0.000000000000000000e+00 0.000000000000000000e+00 9.874056868749236937e-02 7.322988580036153550e-02
7.250000000000000000e+02 2.737313179269678098e-01 3.079499227561751096e-01 0.000000000000000000e+00 0.000000000000000000e+00 1.168033830190411543e-01 1.059698623385957328e-01
7.300000000000000000e+02 3.098692011372420341e-01 1.756517015903773515e-01 0.000000000000000000e+00 0.000000000000000000e+00 1.284923909386884999e-01 9.532381464978208208e-02
7.350000000000000000e+02 7.047950532008752378e-02 8.302503210298289860e-02 0.000000000000000000e+00 0.000000000000000000e+00 6.986574878781967590e-02 1.167658962645373166e-01
7.400000000000000000e+02 1.182999598713917189e-01 1.181118633474245172e-01 0.000000000000000000e+00 0.000000000000000000e+00 1.129582032238892197e-01 7.838005254408507427e-02
7.450000000000000000e+02 1.557165784086046167e-01 3.148895962143648253e-02 0.000000000000000000e+00 0.000000000000000000e+00 1.631500650884220305e-01 1.335208903232603106e-01
7.500000000000000000e+02 1.876411337235120436e-01 4.064795405390796146e-02 0.000000000000000000e+00 0.000000000000000000e+00 1.807154361410627519e-01 1.495150505277616504e-01
7.550000000000000000e+02 1.310327639045208714e-01 6.945189488069133943e-02 0.000000000000000000e+00 0.000000000000000000e+00 1.215432458780512509e-01 1.062334299123555426e-01
7.600000000000000000e+02 3.001268206757861656e-01 7.584639136838366991e-02 0.000000000000000000e+00 0.000000000000000000e+00 1.503292156285272185e-01 9.669073243798602391e-02
7.650000000000000000e+02 8.466217017341390316e-02 5.447960964225485869e-02 0.000000000000000000e+00 0.000000000000000000e+00 8.805659065164281318e-02 8.949742152286403740e-02
7.700000000000000000e+02 3.336982976363604414e-01 2.063996923780626047e-01 0.000000000000000000e+00 0.000000000000000000e+00 1.106778481145581777e-01 1.266605880132846140e-01
7.750000000000000000e+02 1.632118455451432304e-01 1.186616993107387774e-01 0.000000000000000000e+00 0.000000000000000000e+00 1.363695483533134689e-01 1.415027013669759304e-01
7.800000000000000000e+02 3.242477239034010639e-01 1.668836917828817601e-01 0.000000000000000000e+00 0.000000000000000000e+00 1.569132337999773474e-01 1.086232562876078556e-01
7.850000000000000000e+02 4.362528427809254650e-01 1.240458585480803261e-01 0.000000000000000000e+00 0.000000000000000000e+00 1.405749133086817704e-01 8.646821561581656546e-02
7.900000000000000000e+02 3.040177893534738440e-01 1.781329599490276416e-01 0.000000000000000000e+00 0.000000000000000000e+00 8.385024612139137246e-02 1.118396651722203261e-01
7.950000000000000000e+02 1.313630951932632795e-01 1.727428887072260666e-01 0.000000000000000000e+00 0.000000000000000000e+00 1.108083730082469048e-01 2.366846329249661929e-01
8.000000000000000000e+02 9.118336970934906582e-02 3.188618187874283083e-01 0.000000000000000000e+00 0.000000000000000000e+00 9.578333426616184032e-02 1.437470574501971132e-01
8.050000000000000000e+02 2.894276192446614271e-01 2.453035186776110765e-01 0.000000000000000000e+00 0.000000000000000000e+00 1.178633157722167313e-01 1.385291105274163159e-01
8.100000000000000000e+02 2.788324060350150235e-01 2.728010355733874737e-01 0.000000000000000000e+00 0.000000000000000000e+00 1.321895768481040345e-01 1.168601255949393847e-01
8.150000000000000000e+02 5.174958768180342172e-01 1.138504964041510553e-01 1.000000000000000000e+00 0.000000000000000000e+00 7.774500583915591734e-02 7.382842972403855231e-02
8.200000000000000000e+02 1.514748953708380252e-01 7.965145851271930588e-02 0.000000000000000000e+00 0.000000000000000000e+00 1.034061889290458919e-01 9.988379214337129997e-02
8.250000000000000000e+02 2.427863373787539358e-01 2.174898704161572494e-01 0.000000000000000000e+00 0.000000000000000000e+00 9.762819408961113943e-02 1.038292794193727553e-01
8.300000000000000000e+02 5.165127298831232588e-02 3.539666716173734545e-02 0.000000000000000000e+00 0.000000000000000000e+00 6.711947808360189949e-02 4.516698949530120050e-02
8.350000000000000000e+02 1.341196092017322983e-01 3.087790836428708774e-01 0.000000000000000000e+00 0.000000000000000000e+00 1.548335585635276512e-01 9.293304876087557509e-02
8.400000000000000000e+02 2.876553588245465698e-01 2.996895101643882835e-03 0.000000000000000000e+00 0.000000000000000000e+00 1.982883323634328232e-01 3.163791085923183932e-03
8.450000000000000000e+02 1.504603170425581893e-01 2.545323103905852008e-02 0.000000000000000000e+00 0.000000000000000000e+00 1.143653027858082399e-01 1.007007581558116566e-01
8.500000000000000000e+02 4.319884132117083331e-01 5.238728697875373597e-02 0.000000000000000000e+00 0.000000000000000000e+00 1.179229707725215071e-01 1.079980295413165287e-01
8.550000000000000000e+02 3.427562002094149407e-01 0.000000000000000000e+00 0.000000000000000000e+00 0.000000000000000000e+00 1.501563919731748742e-01 0.000000000000000000e+00
8.600000000000000000e+02 2.565760958817444037e-01 3.020376504873942963e-02 0.000000000000000000e+00 0.000000000000000000e+00 1.511189680074327690e-01 1.531527736715871946e-01
8.650000000000000000e+02 1.079549752222092041e-01 1.715359619033491323e-01 0.000000000000000000e+00 0.000000000000000000e+00 6.582501631936965580e-02 2.021323063492128647e-01
8.700000000000000000e+02 2.526529559768496691e-01 6.353631354630380826e-03 0.000000000000000000e+00 0.000000000000000000e+00 1.564795981829755767e-01 3.628647722691502597e-03
8.750000000000000000e+02 3.297455927596197323e-01 6.158689686601772489e-02 0.000000000000000000e+00 0.000000000000000000e+00 1.011090352915718776e-01 1.663069144122677478e-01
8.800000000000000000e+02 3.015717808745619899e-01 7.961884141855109231e-02 0.000000000000000000e+00 0.000000000000000000e+00 1.783618901668890810e-01 1.197607537458174054e-01
8.850000000000000000e+02 9.465192042682524232e-02 2.933678033556733067e-01 0.000000000000000000e+00 0.000000000000000000e+00 1.070823197224409912e-01 2.266607528409948502e-01
8.900000000000000000e+02 6.220503652058505251e-02 1.987573611949298297e-02 0.000000000000000000e+00 0.000000000000000000e+00 1.883283609176042983e-01 1.356768642296376712e-02
8.950000000000000000e+02 1.291992200247801537e-01 1.281267418711705963e-01 0.000000000000000000e+00 0.000000000000000000e+00 1.275920858096684096e-01 9.473098271283723892e-02
9.000000000000000000e+02 3.199484361244438468e-01 0.000000000000000000e+00 0.000000000000000000e+00 0.000000000000000000e+00 1.248304555171861063e-01 0.000000000000000000e+00
9.050000000000000000e+02 1.207963634927266411e-01 2.720985472461887045e-02 0.000000000000000000e+00 0.000000000000000000e+00 1.532299486009907896e-01 8.629406696895468298e-02
9.100000000000000000e+02 2.018763820402466602e-01 7.241355693061460319e-02 0.000000000000000000e+00 0.000000000000000000e+00 1.325409777625500551e-01 1.056166407496083454e-01
9.150000000000000000e+02 4.626877885498961729e-01 6.159681662330007690e-02 1.000000000000000000e+00 0.000000000000000000e+00 1.040373858789153394e-01 1.967402459068452736e-01
9.200000000000000000e+02 3.752525862228984765e-01 1.014348572509531782e-01 0.000000000000000000e+00 0.000000000000000000e+00 1.751018665521119622e-01 8.360544582900425459e-02
9.250000000000000000e+02 2.333024245586907686e-01 5.012686391849489886e-02 0.000000000000000000e+00 0.000000000000000000e+00 1.477625950491822382e-01 1.103907485158692192e-01
9.300000000000000000e+02 2.420097431842154756e-01 3.080857959171880850e-02 0.000000000000000000e+00 0.000000000000000000e+00 1.353570791922831251e-01 6.370024211010212600e-02
9.350000000000000000e+02 4.831317776162561972e-01 1.656253153309981407e-01 1.000000000000000000e+00 0.000000000000000000e+00 1.082639774219401607e-01 9.710080643434880476e-02
9.400000000000000000e+02 3.945994463015435327e-01 8.462647356995993408e-02 0.000000000000000000e+00 0.000000000000000000e+00 1.814885860788376937e-01 1.051566528083427154e-01
9.450000000000000000e+02 3.467821872649589632e-01 2.810463026124979807e-02 0.000000000000000000e+00 0.000000000000000000e+00 1.617685886779819948e-01 8.785153744152421340e-02
9.500000000000000000e+02 3.616829402585000630e-01 7.116851424313702656e-02 0.000000000000000000e+00 0.000000000000000000e+00 1.353777463404872983e-01 8.561914417220786722e-02
9.550000000000000000e+02 4.375948586402291229e-01 1.663145312932420850e-01 0.000000000000000000e+00 0.000000000000000000e+00 1.778819796464198855e-01 1.021182213424234875e-01
9.600000000000000000e+02 2.534325939612770417e-01 3.033311664664333218e-01 0.000000000000000000e+00 0.000000000000000000e+00 1.458512035148019359e-01 1.235501857569103051e-01
9.650000000000000000e+02 3.141454643286479276e-01 1.608336442152223378e-01 0.000000000000000000e+00 0.000000000000000000e+00 1.359619254597777827e-01 1.396883493301424306e-01
9.700000000000000000e+02 1.475232879041566136e-01 9.241592007246732243e-02 0.000000000000000000e+00 0.000000000000000000e+00 1.580152267206656747e-01 1.297831149095698411e-01
9.750000000000000000e+02 1.314928824435393495e-01 8.552580910267641723e-02 0.000000000000000000e+00 0.000000000000000000e+00 1.562324889173315468e-01 1.335270788136062037e-01
9.800000000000000000e+02 3.551163827305206522e-01 3.445008416770981713e-02 0.000000000000000000e+00 0.000000000000000000e+00 1.774142735710418362e-01 1.023675994957809199e-01
9.850000000000000000e+02 3.859974750202397886e-01 0.000000000000000000e+00 1.000000000000000000e+00 0.000000000000000000e+00 5.809758793639013819e-02 0.000000000000000000e+00
9.900000000000000000e+02 2.705497085818321379e-01 8.710255328649753326e-02 0.000000000000000000e+00 0.000000000000000000e+00 1.946573533243921017e-01 1.020358324721951093e-01
9.950000000000000000e+02 3.742600630358178249e-01 1.872319505429053399e-01 0.000000000000000000e+00 0.000000000000000000e+00 1.406681727681520500e-01 1.176543193007962146e-01
