0.000000000000000000e+00 0.000000000000000000e+00 0.000000000000000000e+00 0.000000000000000000e+00 0.000000000000000000e+00 0.000000000000000000e+00 0.000000000000000000e+00
5.000000000000000000e+00 6.866051356026108277e-01 8.533781011518613013e-01 1.000000000000000000e+00 1.000000000000000000e+00 1.561142163857269782e-01 1.763402961740869190e-01
1.000000000000000000e+01 5.035012988399754086e-01 8.055062799232786119e-01 0.000000000000000000e+00 1.000000000000000000e+00 1.781961867822547951e-01 1.864445993355993980e-01
1.500000000000000000e+01 4.927411245755194957e-01 6.573735234832697172e-01 0.000000000000000000e+00 1.000000000000000000e+00 1.499293559800129461e-01 1.060865865140807607e-01
2.000000000000000000e+01 6.673732020924640906e-01 5.607622757488908150e-01 0.000000000000000000e+00 0.000000000000000000e+00 1.734909730192699118e-01 1.548326038031830332e-01
2.500000000000000000e+01 5.659727458350209961e-01 8.575031345816649386e-01 0.000000000000000000e+00 0.000000000000000000e+00 1.645969582699098321e-01 2.478981079686491396e-01
3.000000000000000000e+01 5.153513600216200752e-01 8.080757962941245154e-01 0.000000000000000000e+00 0.000000000000000000e+00 1.619297813153808829e-01 1.999610563530897500e-01
3.500000000000000000e+01 5.144415415910013056e-01 7.603556168563925244e-01 0.000000000000000000e+00 0.000000000000000000e+00 1.562706894186257078e-01 1.969455416661339275e-01
4.000000000000000000e+01 7.284732266250136812e-01 6.271311387196109033e-01 1.000000000000000000e+00 0.000000000000000000e+00 1.322599352623843039e-01 1.988308921912061711e-01
4.500000000000000000e+01 5.265273788030465640e-01 6.237671533831447013e-01 0.000000000000000000e+00 0.000000000000000000e+00 1.528044978518017516e-01 1.615588087181988042e-01
5.000000000000000000e+01 8.703878111828299291e-01 7.513000637065913034e-01 1.000000000000000000e+00 0.000000000000000000e+00 1.662286640669258519e-01 2.064881398639392962e-01
5.500000000000000000e+01 5.314320773588752100e-01 7.245541639076440443e-01 0.000000000000000000e+00 0.000000000000000000e+00 1.933004572633322815e-01 2.426867194927830595e-01
6.000000000000000000e+01 6.856360359712214692e-01 5.688153324709608327e-01 0.000000000000000000e+00 0.000000000000000000e+00 1.824057044958799501e-01 1.844159478782200767e-01
6.500000000000000000e+01 5.343779420056056217e-01 6.217506828374130823e-01 0.000000000000000000e+00 0.000000000000000000e+00 1.774545381462788174e-01 2.157176944709105204e-01
7.000000000000000000e+01 5.402118455791328211e-01 6.475635160506885146e-01 0.000000000000000000e+00 0.000000000000000000e+00 1.993949262500902819e-01 2.227094373999209675e-01
7.500000000000000000e+01 6.883465370034913544e-01 5.515238557138112396e-01 0.000000000000000000e+00 0.000000000000000000e+00 2.307707075074224012e-01 1.857305308318506487e-01
8.000000000000000000e+01 4.664649265408444267e-01 7.935971452364760648e-01 0.000000000000000000e+00 1.000000000000000000e+00 1.606481479639355336e-01 1.756339948847470689e-01
8.500000000000000000e+01 6.483087277841130813e-01 5.391966365257441218e-01 0.000000000000000000e+00 0.000000000000000000e+00 2.415377221336081903e-01 1.775832716202235539e-01
9.000000000000000000e+01 6.202069717954801220e-01 5.507266678000840576e-01 0.000000000000000000e+00 0.000000000000000000e+00 1.658309020048010785e-01 2.163517827876949573e-01
9.500000000000000000e+01 6.419940366714665947e-01 8.596341665802255116e-01 0.000000000000000000e+00 0.000000000000000000e+00 1.905623463314959909e-01 2.487724802354113751e-01
1.000000000000000000e+02 6.550789449955012334e-01 6.618307655245401211e-01 0.000000000000000000e+00 0.000000000000000000e+00 1.853614291110340095e-01 1.550321251032464320e-01
1.050000000000000000e+02 5.093905396885352044e-01 5.975509904509467285e-01 0.000000000000000000e+00 0.000000000000000000e+00 1.890573395640454402e-01 1.990331208287561271e-01
1.100000000000000000e+02 5.995630640926723487e-01 6.764671253065355216e-01 0.000000000000000000e+00 0.000000000000000000e+00 2.104516107663093050e-01 1.996572851743260435e-01
1.150000000000000000e+02 4.640868586548552166e-01 8.167402226078230854e-01 0.000000000000000000e+00 0.000000000000000000e+00 1.383067913084945200e-01 2.055654595977227106e-01
1.200000000000000000e+02 6.924028679968310396e-01 5.524824221285016268e-01 0.000000000000000000e+00 0.000000000000000000e+00 1.785416198294565993e-01 1.911397785973371899e-01
1.250000000000000000e+02 6.669167846907779751e-01 4.729636468360120527e-01 0.000000000000000000e+00 1.000000000000000000e+00 2.282983620734881092e-01 1.095332042382562987e-01
1.300000000000000000e+02 5.525833921502462109e-01 6.810923523770464616e-01 0.000000000000000000e+00 0.000000000000000000e+00 1.742664629643786156e-01 2.022943238985543124e-01
1.350000000000000000e+02 3.187832357074796841e-01 5.166883854780368601e-01 0.000000000000000000e+00 0.000000000000000000e+00 1.265762708416686977e-01 1.469157616423237833e-01
1.400000000000000000e+02 7.970215636888327015e-01 5.681488195271252595e-01 0.000000000000000000e+00 0.000000000000000000e+00 1.904721667542939312e-01 2.269796981403851277e-01
1.450000000000000000e+02 8.570853348499472002e-01 5.292136668534662691e-01 0.000000000000000000e+00 0.000000000000000000e+00 2.114960768886377795e-01 1.373549661178850856e-01
1.500000000000000000e+02 5.134168430799530558e-01 5.823631075688397996e-01 0.000000000000000000e+00 0.000000000000000000e+00 2.501697121052087192e-01 2.515280127687943845e-01
1.550000000000000000e+02 5.172547814987129566e-01 7.360051011595003523e-01 0.000000000000000000e+00 0.000000000000000000e+00 1.973673493579802263e-01 1.787790023437486608e-01
1.600000000000000000e+02 4.487037537816506716e-01 7.124011455127080561e-01 0.000000000000000000e+00 0.000000000000000000e+00 1.779422418947129714e-01 1.821242708262743593e-01
1.650000000000000000e+02 4.834577951131525109e-01 4.509752600301636383e-01 0.000000000000000000e+00 0.000000000000000000e+00 2.217680153366646534e-01 1.736800744575087707e-01
1.700000000000000000e+02 3.524079956152835202e-01 5.986687971476312153e-01 0.000000000000000000e+00 0.000000000000000000e+00 1.651139804431914770e-01 1.741755742997589118e-01
1.750000000000000000e+02 4.648717595403617509e-01 3.267851840255358020e-01 0.000000000000000000e+00 0.000000000000000000e+00 1.768959610317302755e-01 1.655797150094541759e-01
1.800000000000000000e+02 3.797229412532318604e-01 4.854607031425915986e-01 0.000000000000000000e+00 0.000000000000000000e+00 1.290537731641920871e-01 1.583733909285475749e-01
1.850000000000000000e+02 5.243632205916772815e-01 6.285654671043210406e-01 0.000000000000000000e+00 0.000000000000000000e+00 2.596613053200018117e-01 1.840325541963148404e-01
1.900000000000000000e+02 7.438418325889190053e-01 4.414780226268796293e-01 0.000000000000000000e+00 0.000000000000000000e+00 2.170929747806535637e-01 1.538401786293703555e-01
1.950000000000000000e+02 3.776133132584338914e-01 2.299032538434988004e-01 0.000000000000000000e+00 0.000000000000000000e+00 1.815449549770277449e-01 1.563155732131584208e-01
2.000000000000000000e+02 5.831601172971985214e-01 5.156208371237952504e-01 0.000000000000000000e+00 0.000000000000000000e+00 1.942511571296447470e-01 1.716983243455053598e-01
2.050000000000000000e+02 3.978391844408977751e-01 3.866262149572183282e-01 0.000000000000000000e+00 0.000000000000000000e+00 1.190193719393177751e-01 1.654224718051990339e-01
2.100000000000000000e+02 4.004662369145869927e-01 5.104304279993264748e-01 0.000000000000000000e+00 0.000000000000000000e+00 1.354840900149419658e-01 2.334247241834993547e-01
2.150000000000000000e+02 7.080149639918250637e-01 6.098233173135467755e-01 0.000000000000000000e+00 0.000000000000000000e+00 1.876424411929768499e-01 1.562795158151871477e-01
2.200000000000000000e+02 4.100741598615375016e-01 4.273820861151289563e-01 0.000000000000000000e+00 0.000000000000000000e+00 1.285699589896112105e-01 1.175385104230939615e-01
2.250000000000000000e+02 5.299654067438682725e-01 4.443854980155186318e-01 0.000000000000000000e+00 0.000000000000000000e+00 1.635422868829919107e-01 2.009962064232128920e-01
2.300000000000000000e+02 3.794566352848828816e-01 3.696424437511088290e-01 0.000000000000000000e+00 0.000000000000000000e+00 1.624531374381247006e-01 2.077661253888450910e-01
2.350000000000000000e+02 5.404325567604427727e-01 2.784976482174564283e-01 1.000000000000000000e+00 0.000000000000000000e+00 1.085803498792552862e-01 2.057400455522055693e-01
2.400000000000000000e+02 2.001861809391737856e-01 3.392133158112325408e-01 0.000000000000000000e+00 0.000000000000000000e+00 1.299601860600647918e-01 1.892467691482178360e-01
2.450000000000000000e+02 3.715002641211865297e-01 5.160682440537807114e-01 0.000000000000000000e+00 0.000000000000000000e+00 2.096294368779651751e-01 1.759988556846388830e-01
2.500000000000000000e+02 5.047737968939770559e-01 6.648660483486472650e-01 0.000000000000000000e+00 1.000000000000000000e+00 1.353722609745539873e-01 1.480835670413810923e-01
2.550000000000000000e+02 4.668179207898891514e-01 5.078621277097494779e-01 0.000000000000000000e+00 0.000000000000000000e+00 1.583861745000964272e-01 2.117413491811680204e-01
2.600000000000000000e+02 3.503664982321632038e-01 4.320462857187778449e-01 0.000000000000000000e+00 0.000000000000000000e+00 2.289659892822968612e-01 2.249510813474349946e-01
2.650000000000000000e+02 5.406490071409945086e-01 4.117614662451888341e-01 0.000000000000000000e+00 0.000000000000000000e+00 1.992539187252485577e-01 1.645817379374527878e-01
2.700000000000000000e+02 2.961392598475586779e-01 3.385770670480474087e-01 0.000000000000000000e+00 0.000000000000000000e+00 1.414599594869315469e-01 1.848391029912126449e-01
2.750000000000000000e+02 3.768094340596959135e-01 3.483023071994012509e-01 0.000000000000000000e+00 0.000000000000000000e+00 1.584727246205125950e-01 1.453077106013779818e-01
2.800000000000000000e+02 5.201946723409603957e-01 3.136859078273342982e-01 0.000000000000000000e+00 0.000000000000000000e+00 2.691953151024231716e-01 1.501337159159249757e-01
2.850000000000000000e+02 4.145196325121136560e-01 3.850448097826662530e-01 0.000000000000000000e+00 0.000000000000000000e+00 1.874585166263417479e-01 1.174105420712699410e-01
2.900000000000000000e+02 5.670702721807269198e-01 3.684294130247806054e-01 1.000000000000000000e+00 0.000000000000000000e+00 1.243728940803146277e-01 1.553921104529546460e-01
2.950000000000000000e+02 3.495585291509049064e-01 4.588256300921420561e-01 0.000000000000000000e+00 0.000000000000000000e+00 1.226884650599136123e-01 1.864116279964773693e-01
3.000000000000000000e+02 3.727685588451292165e-01 3.780312660555706916e-01 0.000000000000000000e+00 0.000000000000000000e+00 1.234556076701541077e-01 1.552123006454081133e-01
3.050000000000000000e+02 3.029232311495153041e-01 3.168351808509887735e-01 0.000000000000000000e+00 0.000000000000000000e+00 1.365263622399063848e-01 1.823896696647645810e-01
3.100000000000000000e+02 4.367744054369445128e-01 3.379430262315565314e-01 0.000000000000000000e+00 0.000000000000000000e+00 1.626059686044945829e-01 1.491244886740730469e-01
3.150000000000000000e+02 1.293578337991114768e-01 5.112214190951148707e-01 0.000000000000000000e+00 0.000000000000000000e+00 9.368919352640939224e-02 1.284184545168143288e-01
3.200000000000000000e+02 5.270849970359512415e-01 4.499593891132344092e-01 1.000000000000000000e+00 0.000000000000000000e+00 1.189285238135950606e-01 1.359360379654429851e-01
3.250000000000000000e+02 4.230825602713683686e-01 4.259071431688637999e-01 0.000000000000000000e+00 0.000000000000000000e+00 1.408358423629484379e-01 1.588074535258132136e-01
3.300000000000000000e+02 3.213183631499823556e-01 3.860977647934137336e-01 0.000000000000000000e+00 0.000000000000000000e+00 1.153634641214364015e-01 1.344905964335188775e-01
3.350000000000000000e+02 3.775363705915874002e-01 6.216455137576435558e-02 0.000000000000000000e+00 0.000000000000000000e+00 1.145167737779856643e-01 1.291714492981844986e-01
3.400000000000000000e+02 3.245755599007300041e-01 3.902902050203153617e-01 0.000000000000000000e+00 0.000000000000000000e+00 1.448482970180274276e-01 1.727371866489165741e-01
3.450000000000000000e+02 2.286000243838298140e-01 2.887896195695006663e-01 0.000000000000000000e+00 0.000000000000000000e+00 1.593962546227487564e-01 1.444111381046749298e-01
3.500000000000000000e+02 4.076176536703137177e-01 2.423784569160825630e-01 0.000000000000000000e+00 0.000000000000000000e+00 1.562323323692050570e-01 1.412086923387277926e-01
3.550000000000000000e+02 3.479627305089352252e-01 3.781419689345723034e-01 0.000000000000000000e+00 0.000000000000000000e+00 1.471711774623307711e-01 1.458759418760018356e-01
3.600000000000000000e+02 3.141267383130316726e-01 4.701218795379920046e-01 0.000000000000000000e+00 0.000000000000000000e+00 1.478587018871689585e-01 1.426396206075097317e-01
3.650000000000000000e+02 2.075683147941708440e-01 5.019324486689917819e-01 0.000000000000000000e+00 0.000000000000000000e+00 1.501781082003022516e-01 1.562006860692436438e-01
3.700000000000000000e+02 4.352009930340422494e-01 2.452214475246230485e-01 0.000000000000000000e+00 0.000000000000000000e+00 1.430875625582925803e-01 1.284854123740796217e-01
3.750000000000000000e+02 2.121145149564596932e-01 4.240836215603662751e-01 0.000000000000000000e+00 0.000000000000000000e+00 1.083118273229810580e-01 1.730441468734847110e-01
3.800000000000000000e+02 1.718014466277507091e-01 3.084105766710157903e-01 0.000000000000000000e+00 0.000000000000000000e+00 1.521631770862611199e-01 1.055443571026756094e-01
3.850000000000000000e+02 2.290978356045608455e-01 4.793188610880953493e-01 0.000000000000000000e+00 0.000000000000000000e+00 1.766683421403390797e-01 1.649410873951979994e-01
3.900000000000000000e+02 2.156912689009859441e-01 3.324813681099902940e-01 0.000000000000000000e+00 0.000000000000000000e+00 1.839666356254485158e-01 1.421661649524166571e-01
3.950000000000000000e+02 3.029508925942986930e-01 4.442992144278624100e-01 0.000000000000000000e+00 0.000000000000000000e+00 1.871861688275693325e-01 1.216782501869209665e-01
4.000000000000000000e+02 3.806853341295219906e-01 3.033342039923798694e-01 0.000000000000000000e+00 0.000000000000000000e+00 1.327407160996726121e-01 1.381027490050976692e-01
4.050000000000000000e+02 5.045179119747149610e-01 3.919065608596983830e-01 0.000000000000000000e+00 0.000000000000000000e+00 1.697840287698350881e-01 1.229877278008563030e-01
4.100000000000000000e+02 3.414991644548057703e-01 2.786703056717481086e-01 0.000000000000000000e+00 0.000000000000000000e+00 1.388405216569592593e-01 1.675522856901190960e-01
4.150000000000000000e+02 2.902682508404622608e-01 1.777352111674372348e-01 0.000000000000000000e+00 0.000000000000000000e+00 1.953940874743962941e-01 1.136707811576712912e-01
4.200000000000000000e+02 3.180126525857016051e-01 2.543568447286624346e-01 0.000000000000000000e+00 0.000000000000000000e+00 1.555089749746221550e-01 1.901374642212007859e-01
4.250000000000000000e+02 1.681453776100237663e-01 2.961806429108172489e-01 0.000000000000000000e+00 0.000000000000000000e+00 7.786822613794032455e-02 2.184397950503608743e-01
4.300000000000000000e+02 4.445604396160816596e-01 1.606691797113276587e-01 0.000000000000000000e+00 0.000000000000000000e+00 2.257557518358009885e-01 1.337860349935547921e-01
4.350000000000000000e+02 2.605288547800541088e-01 4.608137791527541216e-01 0.000000000000000000e+00 1.000000000000000000e+00 1.269551217538530119e-01 1.032175740347414244e-01
4.400000000000000000e+02 2.264911712678631395e-01 4.187797835837240301e-01 0.000000000000000000e+00 0.000000000000000000e+00 9.417274241039075289e-02 1.658370617121571744e-01
4.450000000000000000e+02 3.825454918423868422e-01 3.432345885285019160e-01 0.000000000000000000e+00 0.000000000000000000e+00 1.426192542125168938e-01 1.616701230882888751e-01
4.500000000000000000e+02 4.918489004158244637e-01 3.349609358605147857e-01 0.000000000000000000e+00 0.000000000000000000e+00 2.415853212860318011e-01 1.298140636309851603e-01
4.550000000000000000e+02 2.252245286118051693e-01 1.249789938627166863e-01 0.000000000000000000e+00 0.000000000000000000e+00 9.086277646096303784e-02 5.451434161643524401e-02
4.600000000000000000e+02 3.250086701764020036e-01 2.918171694530417026e-01 0.000000000000000000e+00 0.000000000000000000e+00 1.476720798886701214e-01 1.482516610030330251e-01
4.650000000000000000e+02 1.301634024405625978e-01 2.494585287407133090e-01 0.000000000000000000e+00 0.000000000000000000e+00 1.002774542571640004e-01 1.435521132708205971e-01
4.700000000000000000e+02 3.416201286858858710e-01 3.153234050889212603e-01 0.000000000000000000e+00 0.000000000000000000e+00 1.290640730214333287e-01 1.548148791254723156e-01
4.750000000000000000e+02 2.246004428838002942e-01 3.636607319927731008e-01 0.000000000000000000e+00 0.000000000000000000e+00 1.513393891852370943e-01 1.116620926104792411e-01
4.800000000000000000e+02 3.198742905988737339e-01 5.706067677757189482e-01 0.000000000000000000e+00 0.000000000000000000e+00 1.569815789565764397e-01 1.510162982090545725e-01
4.850000000000000000e+02 3.282460628922476698e-01 3.931286346995459535e-01 0.000000000000000000e+00 0.000000000000000000e+00 1.548651891932841251e-01 1.291480168082030366e-01
4.900000000000000000e+02 2.647352894816476510e-01 2.145817185082978806e-01 0.000000000000000000e+00 0.000000000000000000e+00 9.774117402574825086e-02 1.256692442237426488e-01
4.950000000000000000e+02 1.008183992660804523e-01 1.920681169785450337e-01 0.000000000000000000e+00 0.000000000000000000e+00 9.602462482588255965e-02 1.464561545302357770e-01
5.000000000000000000e+02 2.642041635032214564e-01 2.616505275043209400e-01 0.000000000000000000e+00 0.000000000000000000e+00 1.161687970242184509e-01 1.341252119993691649e-01
5.050000000000000000e+02 1.295182499958272837e-01 4.460427254201325686e-01 0.000000000000000000e+00 0.000000000000000000e+00 1.137939543731954356e-01 1.532657465968305655e-01
5.100000000000000000e+02 4.361762499785668545e-01 4.346524290865466655e-01 0.000000000000000000e+00 0.000000000000000000e+00 1.313961094836346988e-01 1.253547846611603178e-01
5.150000000000000000e+02 4.598009946951598370e-01 3.473603749453165745e-01 1.000000000000000000e+00 1.000000000000000000e+00 9.818590196822943317e-02 7.401872627683298012e-02
5.200000000000000000e+02 2.006328424624417850e-01 3.043585166119808783e-01 0.000000000000000000e+00 0.000000000000000000e+00 6.721096957550867779e-02 1.522999765189368138e-01
5.250000000000000000e+02 1.676973366254015663e-01 1.835909286967702114e-01 0.000000000000000000e+00 0.000000000000000000e+00 1.168663766453884034e-01 1.476259099111611461e-01
5.300000000000000000e+02 3.607299156941044527e-01 3.002767206095331987e-01 0.000000000000000000e+00 0.000000000000000000e+00 1.658917367864840287e-01 9.236743797757734908e-02
5.350000000000000000e+02 1.247793386352532286e-01 2.505415409550567629e-01 0.000000000000000000e+00 0.000000000000000000e+00 6.473684687358337297e-02 1.294036358736848080e-01
5.400000000000000000e+02 3.235837166345557625e-01 3.005394143177045341e-01 0.000000000000000000e+00 0.000000000000000000e+00 1.717234598834330717e-01 1.694304867102408019e-01
5.450000000000000000e+02 1.659328451286753714e-01 1.313320812724604048e-01 0.000000000000000000e+00 0.000000000000000000e+00 1.444635330814325602e-01 1.757037319625866512e-01
5.500000000000000000e+02 3.787817602339557110e-01 3.065783399524657504e-01 0.000000000000000000e+00 0.000000000000000000e+00 1.447584601449062314e-01 8.732000604099734997e-02
5.550000000000000000e+02 2.119485853980003776e-01 2.626747857098533645e-01 0.000000000000000000e+00 0.000000000000000000e+00 1.023190432802669469e-01 1.370271610091385872e-01
5.600000000000000000e+02 2.882587895554213908e-01 3.440311298076615953e-01 0.000000000000000000e+00 0.000000000000000000e+00 1.175478365345022091e-01 9.414261326481583592e-02
5.650000000000000000e+02 1.887507813609788920e-01 2.044407035039463028e-01 0.000000000000000000e+00 0.000000000000000000e+00 1.396347143591149809e-01 1.452760082497753791e-01
5.700000000000000000e+02 5.622208351363584544e-01 3.792131621296073729e-01 0.000000000000000000e+00 0.000000000000000000e+00 1.445878643675641007e-01 2.044178334154757859e-01
5.750000000000000000e+02 2.328485115655184179e-01 2.905206689150830468e-01 0.000000000000000000e+00 0.000000000000000000e+00 1.248555159850888718e-01 1.331418641511749323e-01
5.800000000000000000e+02 8.494373212899727910e-02 5.857066840361487003e-02 0.000000000000000000e+00 0.000000000000000000e+00 1.657163972675929908e-01 1.079004071445698321e-01
5.850000000000000000e+02 1.381889303845794947e-01 2.373193661499632123e-01 0.000000000000000000e+00 0.000000000000000000e+00 1.008218869160577985e-01 1.347441657776156654e-01
5.900000000000000000e+02 2.743217227525462931e-01 1.817284705343841233e-01 0.000000000000000000e+00 0.000000000000000000e+00 2.091646518181753678e-01 2.090077303796530062e-01
5.950000000000000000e+02 3.252717845233307759e-01 2.644884197489424382e-01 0.000000000000000000e+00 0.000000000000000000e+00 2.235606877675360149e-01 1.282296106693086024e-01
6.000000000000000000e+02 2.024417617978039041e-01 5.820294702349750049e-02 0.000000000000000000e+00 0.000000000000000000e+00 1.032219216694468117e-01 1.511575135855094676e-01
6.050000000000000000e+02 3.836567876606501448e-01 3.239694108511405046e-01 0.000000000000000000e+00 0.000000000000000000e+00 1.549654044210658499e-01 1.611770447308502885e-01
6.100000000000000000e+02 1.239571711462925246e-01 6.093309033578794137e-02 0.000000000000000000e+00 0.000000000000000000e+00 1.547448688626272550e-01 4.162007604527835636e-02
6.150000000000000000e+02 7.433064018334871459e-02 2.029866890766177379e-01 0.000000000000000000e+00 0.000000000000000000e+00 1.079364343706723794e-01 6.675883368841881160e-02
6.200000000000000000e+02 3.172968089450631801e-01 2.230575695425051352e-01 0.000000000000000000e+00 0.000000000000000000e+00 1.226835444408764103e-01 1.459784994860420237e-01
6.250000000000000000e+02 1.240996143297823373e-01 2.846350071107710544e-01 0.000000000000000000e+00 0.000000000000000000e+00 1.960046152958139776e-01 1.550390357178120238e-01
6.300000000000000000e+02 1.426540426319893376e-02 1.353649396214713085e-01 0.000000000000000000e+00 0.000000000000000000e+00 1.719455938367938502e-02 1.385233230756509615e-01
6.350000000000000000e+02 1.862382268985328104e-01 2.124535839482548025e-02 0.000000000000000000e+00 0.000000000000000000e+00 1.668591533896394696e-01 4.880134430046483701e-02
6.400000000000000000e+02 3.159388417865291454e-01 6.949402840579214924e-02 0.000000000000000000e+00 0.000000000000000000e+00 1.269854491405972563e-01 4.654284431678462619e-02
6.450000000000000000e+02 2.862396216989651632e-01 1.700259962424584964e-02 0.000000000000000000e+00 0.000000000000000000e+00 1.612115799909156766e-01 4.686857414348004347e-02
6.500000000000000000e+02 1.246916421861342938e-01 1.820635235198298646e-02 0.000000000000000000e+00 0.000000000000000000e+00 8.019349844631243340e-02 1.271478078020699815e-02
6.550000000000000000e+02 9.594950647026682933e-02 4.511116806232916276e-02 0.000000000000000000e+00 0.000000000000000000e+00 9.900814783872664837e-02 4.365934699787500650e-02
6.600000000000000000e+02 1.388038062924168980e-01 4.031583045075060601e-01 0.000000000000000000e+00 0.000000000000000000e+00 1.500349110985979562e-01 9.758409181222568729e-02
6.650000000000000000e+02 1.395940676160518090e-01 2.675577235832892198e-01 0.000000000000000000e+00 0.000000000000000000e+00 1.455764800111968571e-01 1.776288472630964954e-01
6.700000000000000000e+02 1.929820267687000490e-01 2.983477545201074776e-01 0.000000000000000000e+00 0.000000000000000000e+00 8.323937158186746343e-02 1.212482446742526726e-01
6.750000000000000000e+02 1.882281978458222593e-01 2.132541112879457190e-01 0.000000000000000000e+00 0.000000000000000000e+00 1.559557364913440325e-01 1.823975258682917211e-01
6.800000000000000000e+02 3.004651323115841155e-01 1.160269830486699849e-01 0.000000000000000000e+00 0.000000000000000000e+00 1.241051445523322916e-01 1.236357799229736432e-01
6.850000000000000000e+02 6.881512701722161673e-02 4.460536056438058408e-03 0.000000000000000000e+00 0.000000000000000000e+00 9.960088274203866832e-02 9.465083991273555430e-03
6.900000000000000000e+02 1.667163815409256900e-01 1.929380455321398347e-01 0.000000000000000000e+00 0.000000000000000000e+00 1.342011146903795971e-01 1.069832090017567294e-01
6.950000000000000000e+02 3.142891396296098594e-01 3.013140482835753309e-01 0.000000000000000000e+00 0.000000000000000000e+00 1.029071576833477802e-01 9.674410018840336190e-02
7.000000000000000000e+02 1.885850983082526522e-01 4.414894333815053834e-02 0.000000000000000000e+00 0.000000000000000000e+00 9.489993029759175025e-02 1.110625761885860041e-01
7.050000000000000000e+02 3.074206629614219533e-01 2.886295220444672419e-02 0.000000000000000000e+00 0.000000000000000000e+00 1.708173688080567576e-01 1.958135801481251104e-01
7.100000000000000000e+02 2.405795886114551752e-01 1.749580286611973068e-01 0.000000000000000000e+00 0.000000000000000000e+00 1.004902821202237895e-01 1.416965120516903154e-01
7.150000000000000000e+02 2.295103120255974072e-01 3.441790455481534561e-02 0.000000000000000000e+00 0.000000000000000000e+00 1.642040784325315417e-01 6.397112889096030763e-02
7.200000000000000000e+02 2.207272672840061567e-01 1.136773380451143317e-01 0.000000000000000000e+00 0.000000000000000000e+00 1.505425996817163214e-01 1.627215491852709306e-01
7.250000000000000000e+02 2.922413924439825061e-01 2.546278966975047409e-01 0.000000000000000000e+00 0.000000000000000000e+00 1.334285781438622753e-01 1.602404319871929550e-01
7.300000000000000000e+02 1.635715185314039477e-01 2.263256331338627247e-01 0.000000000000000000e+00 0.000000000000000000e+00 7.703096777331260026e-02 1.276168694130304371e-01
7.350000000000000000e+02 3.009149469401298238e-02 1.734343455547806556e-01 0.000000000000000000e+00 0.000000000000000000e+00 1.586786193999014383e-01 1.175371130266278374e-01
7.400000000000000000e+02 1.169269979202825355e-01 1.319949301881323256e-01 0.000000000000000000e+00 0.000000000000000000e+00 1.756481364391546951e-01 1.782274227014205015e-01
7.450000000000000000e+02 3.094373746651379320e-01 1.676781220774943293e-01 0.000000000000000000e+00 0.000000000000000000e+00 1.093166662627075847e-01 1.211101094116730365e-01
7.500000000000000000e+02 1.196084007356045670e-01 5.821492700931376468e-02 0.000000000000000000e+00 0.000000000000000000e+00 4.721225835447169505e-02 1.224994265304519547e-01
7.550000000000000000e+02 1.349759886201713499e-01 4.508644231364800636e-01 0.000000000000000000e+00 0.000000000000000000e+00 1.825665691148486980e-01 1.513282996506193911e-01
7.600000000000000000e+02 6.414395467185751709e-03 1.383168641964848677e-01 0.000000000000000000e+00 0.000000000000000000e+00 6.719235298643244300e-03 1.147188912033333813e-01
7.650000000000000000e+02 2.066160680626939403e-02 3.250784665341897028e-01 0.000000000000000000e+00 1.000000000000000000e+00 3.304604030951977661e-02 6.630164581767239440e-02
7.700000000000000000e+02 2.392674421843608845e-01 3.071849275344522012e-01 0.000000000000000000e+00 0.000000000000000000e+00 9.178694346055130127e-02 1.333563978831339425e-01
7.750000000000000000e+02 2.137413029086851213e-01 2.685669878587977275e-02 0.000000000000000000e+00 0.000000000000000000e+00 1.382747487334255454e-01 1.390942508568076066e-02
7.800000000000000000e+02 1.408648649056128410e-01 4.077750094460627084e-01 0.000000000000000000e+00 0.000000000000000000e+00 8.791909051166107991e-02 1.009803879271639615e-01
7.850000000000000000e+02 1.318115238641139331e-01 2.518959451906653824e-01 0.000000000000000000e+00 0.000000000000000000e+00 1.180857069140451437e-01 1.750779108439460552e-01
7.900000000000000000e+02 1.235852030654905481e-01 1.155281231186243707e-01 0.000000000000000000e+00 0.000000000000000000e+00 8.316896974568338541e-02 1.360404368501157424e-01
7.950000000000000000e+02 8.427451853381859315e-02 2.169192425745767872e-01 0.000000000000000000e+00 0.000000000000000000e+00 8.962743640716031024e-02 1.503612296924329017e-01
8.000000000000000000e+02 1.866638137825717414e-01 1.851422863258992135e-01 0.000000000000000000e+00 0.000000000000000000e+00 9.214413346871280774e-02 1.669521599549521063e-01
8.050000000000000000e+02 3.285907693615609110e-02 2.479387975356668328e-01 0.000000000000000000e+00 0.000000000000000000e+00 5.898500872314847016e-02 1.267988292082662394e-01
8.100000000000000000e+02 1.150852791810037523e-01 1.809904663405016989e-01 0.000000000000000000e+00 0.000000000000000000e+00 7.558690410052514019e-02 1.353187527037163773e-01
8.150000000000000000e+02 1.383511516126302576e-01 4.732620596888035408e-02 0.000000000000000000e+00 0.000000000000000000e+00 1.103874235262419234e-01 1.332763812100801193e-01
8.200000000000000000e+02 1.080814594944547180e-01 3.472064321461574288e-01 0.000000000000000000e+00 0.000000000000000000e+00 1.378862507398575243e-01 1.252982710591589999e-01
8.250000000000000000e+02 1.852567412350384357e-01 1.001744001943381812e-01 0.000000000000000000e+00 0.000000000000000000e+00 9.791927814471225455e-02 1.343294101328885159e-01
8.300000000000000000e+02 1.152727967199532050e-01 1.435160596635035313e-01 0.000000000000000000e+00 0.000000000000000000e+00 8.368591147218669424e-02 6.692555743769147691e-02
8.350000000000000000e+02 1.510031226902464052e-01 2.300928157704962840e-01 0.000000000000000000e+00 0.000000000000000000e+00 1.247900606316375283e-01 1.147129040078226636e-01
8.400000000000000000e+02 2.158166230542390984e-01 1.002884171639839977e-01 0.000000000000000000e+00 0.000000000000000000e+00 1.301813477924711471e-01 1.608231027414747660e-01
8.450000000000000000e+02 7.328499007354458139e-02 3.479088216644962150e-01 0.000000000000000000e+00 0.000000000000000000e+00 9.358109849775186895e-02 1.644734835358420133e-01
8.500000000000000000e+02 2.339259960648226444e-01 6.530269637776124625e-02 0.000000000000000000e+00 0.000000000000000000e+00 1.118330580433520294e-01 4.719046505112538953e-02
8.550000000000000000e+02 9.788013268082342011e-02 2.833671972575900755e-01 0.000000000000000000e+00 0.000000000000000000e+00 6.127680034217700827e-02 8.085466005215639906e-02
8.600000000000000000e+02 0.000000000000000000e+00 2.061578860538539337e-01 0.000000000000000000e+00 0.000000000000000000e+00 0.000000000000000000e+00 4.922714277032948921e-02
8.650000000000000000e+02 2.625909354740435520e-01 3.244180390593162655e-01 0.000000000000000000e+00 0.000000000000000000e+00 1.188692434841235740e-01 1.293951126618818614e-01
8.700000000000000000e+02 3.486827374674341534e-02 8.175322822067836170e-02 0.000000000000000000e+00 0.000000000000000000e+00 1.385845292626478875e-01 9.177684885699136097e-02
8.750000000000000000e+02 7.826096536641910517e-02 1.270295101294175721e-01 0.000000000000000000e+00 0.000000000000000000e+00 1.031932299884787685e-01 1.241977292031588992e-01
8.800000000000000000e+02 1.495105010420824387e-01 1.214254614101224483e-01 0.000000000000000000e+00 0.000000000000000000e+00 9.106152514508633611e-02 1.150074562178740045e-01
8.850000000000000000e+02 1.464309222234748964e-01 1.965517436692879594e-01 0.000000000000000000e+00 0.000000000000000000e+00 8.425602583870574203e-02 1.334614826153458500e-01
8.900000000000000000e+02 9.162977500452332280e-02 5.366432644713141631e-01 0.000000000000000000e+00 1.000000000000000000e+00 1.038424763138923457e-01 1.138597739739165421e-01
8.950000000000000000e+02 1.594363904196962056e-01 2.014310865610825091e-02 0.000000000000000000e+00 0.000000000000000000e+00 7.474004178001601717e-02 9.349228216779129075e-02
9.000000000000000000e+02 1.572678963707025701e-01 1.496158208643016407e-01 0.000000000000000000e+00 0.000000000000000000e+00 8.429437990974893158e-02 1.048246349745049488e-01
9.050000000000000000e+02 1.065822227312778619e-01 4.819719938485826465e-03 0.000000000000000000e+00 0.000000000000000000e+00 9.141619718481447388e-02 3.592643379200015103e-03
9.100000000000000000e+02 2.316961276434049422e-01 2.664267438070351823e-01 0.000000000000000000e+00 0.000000000000000000e+00 1.463330736359254591e-01 1.193787519014816029e-01
9.150000000000000000e+02 2.984507089665184854e-01 1.864517312820877515e-01 0.000000000000000000e+00 0.000000000000000000e+00 1.096568960047208247e-01 1.642894383652301615e-01
9.200000000000000000e+02 1.748865942360640635e-01 9.607188869458474501e-02 0.000000000000000000e+00 0.000000000000000000e+00 8.763435686912394995e-02 6.705147442254945356e-02
9.250000000000000000e+02 1.442015764666674804e-01 3.867330768914092332e-01 0.000000000000000000e+00 1.000000000000000000e+00 1.774765528471924925e-01 7.740280648248240580e-02
9.300000000000000000e+02 2.412228830974459670e-01 1.814825299796707925e-01 0.000000000000000000e+00 0.000000000000000000e+00 1.117864648342632300e-01 1.668775741125161916e-01
9.350000000000000000e+02 2.136771475343235416e-01 1.780725771840821481e-01 0.000000000000000000e+00 0.000000000000000000e+00 9.346020854144938828e-02 1.208199420936385549e-01
9.400000000000000000e+02 4.034330827669928565e-01 2.081167916441162835e-01 1.000000000000000000e+00 0.000000000000000000e+00 7.958569939774969015e-02 1.652174602591946484e-01
9.450000000000000000e+02 9.536122975397061385e-02 0.000000000000000000e+00 0.000000000000000000e+00 0.000000000000000000e+00 1.321443657917515391e-01 0.000000000000000000e+00
9.500000000000000000e+02 1.559870466070587269e-01 2.388767573477704187e-01 0.000000000000000000e+00 0.000000000000000000e+00 1.728757320932471364e-01 2.038634771848501226e-01
9.550000000000000000e+02 2.838744234920934639e-01 1.757837125058934191e-01 0.000000000000000000e+00 0.000000000000000000e+00 1.357227727831807618e-01 1.756211685855778026e-01
9.600000000000000000e+02 1.080636984622957569e-01 0.000000000000000000e+00 0.000000000000000000e+00 0.000000000000000000e+00 9.180953528707370970e-02 0.000000000000000000e+00
9.650000000000000000e+02 1.693282584632152254e-01 9.802321055771348601e-02 0.000000000000000000e+00 0.000000000000000000e+00 1.416326907721272843e-01 1.445682123847122635e-01
9.700000000000000000e+02 2.244143481505326831e-01 1.599171801689554806e-01 0.000000000000000000e+00 0.000000000000000000e+00 1.409376837246882896e-01 9.434668017579769805e-02
9.750000000000000000e+02 1.562003106780311401e-01 2.616945288089779775e-01 0.000000000000000000e+00 0.000000000000000000e+00 1.151866031378472321e-01 1.889298646679810068e-01
9.800000000000000000e+02 1.769737986572631205e-01 2.521670872042429123e-01 0.000000000000000000e+00 0.000000000000000000e+00 9.565674956136412110e-02 7.606689046262295195e-02
9.850000000000000000e+02 1.978222646238708970e-01 7.098541734204315279e-02 0.000000000000000000e+00 0.000000000000000000e+00 8.197671191499990295e-02 1.463612560224407388e-01
9.900000000000000000e+02 3.406435403066793710e-01 4.574816242793000032e-01 0.000000000000000000e+00 1.000000000000000000e+00 1.519701928141216629e-01 9.885885881911937734e-02
9.950000000000000000e+02 1.191802687336200456e-01 1.618272570875038119e-01 0.000000000000000000e+00 0.000000000000000000e+00 1.012897346656117942e-01 1.521931788302018917e-01
