0.000000000000000000e+00 0.000000000000000000e+00 0.000000000000000000e+00 0.000000000000000000e+00 0.000000000000000000e+00 0.000000000000000000e+00 0.000000000000000000e+00
5.000000000000000000e+00 6.734470052625618486e-01 9.466397263296209008e-01 1.000000000000000000e+00 1.000000000000000000e+00 1.495040514652837549e-01 1.274354097258652563e-01
1.000000000000000000e+01 5.712889850958104976e-01 7.775088492420410002e-01 0.000000000000000000e+00 1.000000000000000000e+00 2.131389260702311328e-01 1.776639016982659025e-01
1.500000000000000000e+01 6.506547886504608913e-01 8.424440063195612893e-01 0.000000000000000000e+00 1.000000000000000000e+00 1.856849400349011858e-01 1.362638717466409799e-01
2.000000000000000000e+01 7.610607962190952813e-01 5.695770266539754711e-01 0.000000000000000000e+00 1.000000000000000000e+00 1.890756644647577644e-01 1.152613708474452964e-01
2.500000000000000000e+01 5.076171134509946947e-01 8.062353250453571096e-01 0.000000000000000000e+00 0.000000000000000000e+00 2.131271571886655669e-01 2.281173175521336027e-01
3.000000000000000000e+01 5.501912865402126540e-01 8.066158280387597523e-01 0.000000000000000000e+00 0.000000000000000000e+00 1.859625820462428025e-01 1.886181785525867238e-01
3.500000000000000000e+01 5.012220161548193165e-01 8.683547639692370534e-01 0.000000000000000000e+00 0.000000000000000000e+00 2.345659418378533978e-01 2.141219293367911669e-01
4.000000000000000000e+01 5.808036916954150142e-01 5.748390447405377079e-01 0.000000000000000000e+00 0.000000000000000000e+00 2.287332414713408868e-01 1.553869248375222001e-01
4.500000000000000000e+01 5.251808955543513235e-01 6.484933194495939857e-01 0.000000000000000000e+00 0.000000000000000000e+00 1.301378833351813369e-01 1.546994144168856999e-01
5.000000000000000000e+01 5.084799822029418825e-01 7.078656211343687943e-01 0.000000000000000000e+00 0.000000000000000000e+00 1.580100562886903037e-01 2.374802088291497471e-01
5.500000000000000000e+01 7.680899838171357796e-01 6.524775005728233879e-01 0.000000000000000000e+00 0.000000000000000000e+00 2.317098141564335745e-01 2.134518873988150156e-01
6.000000000000000000e+01 5.597688774408738910e-01 4.559107548491626583e-01 0.000000000000000000e+00 0.000000000000000000e+00 1.721537375013083293e-01 1.590328369049184287e-01
6.500000000000000000e+01 5.526189077551786344e-01 5.719012921759379919e-01 0.000000000000000000e+00 0.000000000000000000e+00 1.481529766215121668e-01 1.955154811884336485e-01
7.000000000000000000e+01 6.877298100667461611e-01 7.904230400804206358e-01 0.000000000000000000e+00 0.000000000000000000e+00 2.420795138331217899e-01 2.099477371231717182e-01
7.500000000000000000e+01 7.105389457116154661e-01 6.366856556354727470e-01 0.000000000000000000e+00 0.000000000000000000e+00 2.519494015820049060e-01 1.931612801471426222e-01
8.000000000000000000e+01 6.210803360420117381e-01 6.623372209898582552e-01 0.000000000000000000e+00 1.000000000000000000e+00 2.497187793721184768e-01 1.484154057551147765e-01
8.500000000000000000e+01 6.515566481843457769e-01 5.891241746259077150e-01 0.000000000000000000e+00 0.000000000000000000e+00 2.153355147619599175e-01 2.041508149585838372e-01
9.000000000000000000e+01 6.841082854756121989e-01 6.965220883551491715e-01 0.000000000000000000e+00 0.000000000000000000e+00 3.009232366408985393e-01 1.870151964586962146e-01
9.500000000000000000e+01 4.958701307426503502e-01 7.824897299090641800e-01 0.000000000000000000e+00 0.000000000000000000e+00 2.362212521413926680e-01 2.540439350144798603e-01
1.000000000000000000e+02 9.154011666947073911e-01 4.702605062115179924e-01 1.000000000000000000e+00 0.000000000000000000e+00 1.771644380977528688e-01 1.527598066422514167e-01
1.050000000000000000e+02 8.064693617820821725e-01 7.059072168314354245e-01 0.000000000000000000e+00 0.000000000000000000e+00 2.201836271034374459e-01 2.060877280904195863e-01
1.100000000000000000e+02 5.827998524847682882e-01 6.746460936307990819e-01 0.000000000000000000e+00 0.000000000000000000e+00 2.096319814840284512e-01 2.480660588947432854e-01
1.150000000000000000e+02 7.945560608394963698e-01 7.638579111058783067e-01 1.000000000000000000e+00 0.000000000000000000e+00 1.700367716345871361e-01 2.286672259236313953e-01
1.200000000000000000e+02 5.965710353952120570e-01 5.925032084793597775e-01 0.000000000000000000e+00 0.000000000000000000e+00 1.687660006532741008e-01 2.656632652556998875e-01
1.250000000000000000e+02 5.351272933232964490e-01 6.262081662741081356e-01 0.000000000000000000e+00 0.000000000000000000e+00 1.893529926001837893e-01 2.082513270309382103e-01
1.300000000000000000e+02 5.083661101874115129e-01 7.500343535853489785e-01 0.000000000000000000e+00 1.000000000000000000e+00 2.339774338837415368e-01 1.474899361246874707e-01
1.350000000000000000e+02 5.666033180740127628e-01 5.104833080861171934e-01 0.000000000000000000e+00 0.000000000000000000e+00 2.330355667308331991e-01 1.625636956720771797e-01
1.400000000000000000e+02 4.120175257238229416e-01 7.231252900896812941e-01 0.000000000000000000e+00 0.000000000000000000e+00 1.738548633530769549e-01 2.112039751878297955e-01
1.450000000000000000e+02 7.076491456739202324e-01 6.855297837514293668e-01 0.000000000000000000e+00 0.000000000000000000e+00 2.302183029346901999e-01 1.833682128400203060e-01
1.500000000000000000e+02 6.493821897075853222e-01 5.296960549565813414e-01 0.000000000000000000e+00 0.000000000000000000e+00 1.677558571581110047e-01 2.548834248525121970e-01
1.550000000000000000e+02 7.578099660558967887e-01 6.541899559740340653e-01 0.000000000000000000e+00 0.000000000000000000e+00 2.066167299316885309e-01 1.989757104344355432e-01
1.600000000000000000e+02 5.743506284707711185e-01 7.527853190277455919e-01 0.000000000000000000e+00 1.000000000000000000e+00 2.001433191030536907e-01 1.635359059015916716e-01
1.650000000000000000e+02 4.645837576830125215e-01 6.087380365283714401e-01 0.000000000000000000e+00 0.000000000000000000e+00 2.554707990710637366e-01 1.958777224440178266e-01
1.700000000000000000e+02 4.836724641838944794e-01 6.541466522715914111e-01 0.000000000000000000e+00 0.000000000000000000e+00 2.309277603178700733e-01 2.226287201677369376e-01
1.750000000000000000e+02 8.116576858167731112e-01 6.666270957464365265e-01 0.000000000000000000e+00 0.000000000000000000e+00 2.263489911902746565e-01 2.109784181666296277e-01
1.800000000000000000e+02 8.417593619744421218e-01 5.924030200427414794e-01 0.000000000000000000e+00 0.000000000000000000e+00 2.078983796115520810e-01 1.804250777999938105e-01
1.850000000000000000e+02 8.159715458496321627e-01 6.703490415089008447e-01 0.000000000000000000e+00 0.000000000000000000e+00 2.248574792167330749e-01 2.433901502387701976e-01
1.900000000000000000e+02 7.734691578879847595e-01 7.118363577445362411e-01 0.000000000000000000e+00 0.000000000000000000e+00 1.832917178871229513e-01 1.716069409073491536e-01
1.950000000000000000e+02 5.700370056207385572e-01 6.810884185242679356e-01 0.000000000000000000e+00 0.000000000000000000e+00 2.299214896426100552e-01 2.577181260033298282e-01
2.000000000000000000e+02 5.002061412292041487e-01 7.197516965456161042e-01 0.000000000000000000e+00 0.000000000000000000e+00 2.277879209294724205e-01 2.200695839785310193e-01
2.050000000000000000e+02 7.081454415678241077e-01 6.459179140592575807e-01 0.000000000000000000e+00 0.000000000000000000e+00 1.838417480972643903e-01 1.815293500788644487e-01
2.100000000000000000e+02 7.597577775426296309e-01 6.491507519315533603e-01 0.000000000000000000e+00 0.000000000000000000e+00 2.752825771638880981e-01 2.358210141752462574e-01
2.150000000000000000e+02 7.929609332535905164e-01 7.000318107828980008e-01 0.000000000000000000e+00 0.000000000000000000e+00 3.085221836599129630e-01 2.575535343360804141e-01
2.200000000000000000e+02 6.643883717087489815e-01 5.913898399977784992e-01 0.000000000000000000e+00 0.000000000000000000e+00 1.697682097994286377e-01 2.397129312893123976e-01
2.250000000000000000e+02 6.002861921516657873e-01 6.419446600899574307e-01 0.000000000000000000e+00 0.000000000000000000e+00 2.247727248145256207e-01 2.436523137711984199e-01
2.300000000000000000e+02 4.480248511313263404e-01 5.028389084219382354e-01 0.000000000000000000e+00 0.000000000000000000e+00 2.802278298670485279e-01 2.176204853270672646e-01
2.350000000000000000e+02 4.594015443302866264e-01 4.488024674426080440e-01 0.000000000000000000e+00 0.000000000000000000e+00 2.596722778748106752e-01 1.774133167177556203e-01
2.400000000000000000e+02 6.186559642659015257e-01 6.826401167695093086e-01 0.000000000000000000e+00 0.000000000000000000e+00 2.329689564285820080e-01 1.935978684634918068e-01
2.450000000000000000e+02 6.010833425147734665e-01 5.337988170294021284e-01 0.000000000000000000e+00 0.000000000000000000e+00 2.925162633744322060e-01 1.918252898943922924e-01
2.500000000000000000e+02 6.966201283465902616e-01 5.868850591090697399e-01 0.000000000000000000e+00 0.000000000000000000e+00 1.682947868036715755e-01 1.653540597772232834e-01
2.550000000000000000e+02 6.159031922223098254e-01 6.203167261943198785e-01 0.000000000000000000e+00 0.000000000000000000e+00 2.702366306952185271e-01 1.924234256421968881e-01
2.600000000000000000e+02 6.529994907526072145e-01 8.418475680755941326e-01 0.000000000000000000e+00 0.000000000000000000e+00 2.147247091884982029e-01 2.378465054899351616e-01
2.650000000000000000e+02 6.488448364552169556e-01 6.342015351375724919e-01 0.000000000000000000e+00 0.000000000000000000e+00 3.360867905751245832e-01 1.956698659079033897e-01
2.700000000000000000e+02 4.506590343976600854e-01 4.913198212672721388e-01 0.000000000000000000e+00 0.000000000000000000e+00 2.772691360781572301e-01 2.380045229190371758e-01
2.750000000000000000e+02 4.617381130150134405e-01 4.129140344948424302e-01 0.000000000000000000e+00 0.000000000000000000e+00 2.758374500705685906e-01 1.865882655074414254e-01
2.800000000000000000e+02 3.768298413362246579e-01 5.515018819954135010e-01 0.000000000000000000e+00 0.000000000000000000e+00 1.430731808155419060e-01 2.226138075089325041e-01
2.850000000000000000e+02 5.065769986060868479e-01 5.124747105872885511e-01 0.000000000000000000e+00 0.000000000000000000e+00 2.138219903735390781e-01 2.812796968591346758e-01
2.900000000000000000e+02 7.886974712626801942e-01 4.848089466874160314e-01 0.000000000000000000e+00 0.000000000000000000e+00 2.432805285375518878e-01 2.406758207458392917e-01
2.950000000000000000e+02 6.216175805177839297e-01 5.064901649548522178e-01 0.000000000000000000e+00 0.000000000000000000e+00 1.985539410629221790e-01 1.715004382914657732e-01
3.000000000000000000e+02 4.710217110203278601e-01 6.798426408531210718e-01 0.000000000000000000e+00 0.000000000000000000e+00 2.775555173842095824e-01 1.614717375789484488e-01
3.050000000000000000e+02 5.372560406919028031e-01 5.054811392335861742e-01 0.000000000000000000e+00 0.000000000000000000e+00 2.019056398568281341e-01 1.929333190432209189e-01
3.100000000000000000e+02 6.312173677580830145e-01 4.177598754664118563e-01 0.000000000000000000e+00 0.000000000000000000e+00 1.998918359606193795e-01 1.542148938426944893e-01
3.150000000000000000e+02 3.176754531984089525e-01 4.591553900502695074e-01 0.000000000000000000e+00 0.000000000000000000e+00 1.763540368269669589e-01 1.397354690374320862e-01
3.200000000000000000e+02 4.656540364062830006e-01 5.030130766259551800e-01 0.000000000000000000e+00 0.000000000000000000e+00 1.826174381485965725e-01 2.092694958111032677e-01
3.250000000000000000e+02 6.871906444591890928e-01 4.951324636449568883e-01 1.000000000000000000e+00 0.000000000000000000e+00 1.520674497229014543e-01 2.135294032112784457e-01
3.300000000000000000e+02 4.413940710273333012e-01 4.129993216004702594e-01 0.000000000000000000e+00 0.000000000000000000e+00 1.951934656760966891e-01 1.782884444194031137e-01
3.350000000000000000e+02 4.510546561045030711e-01 3.121371513277490517e-01 0.000000000000000000e+00 0.000000000000000000e+00 1.755523267608436466e-01 1.435417728299538953e-01
3.400000000000000000e+02 4.713720798641471421e-01 4.966062604086781684e-01 0.000000000000000000e+00 0.000000000000000000e+00 1.996316408645644191e-01 1.970022590514504957e-01
3.450000000000000000e+02 5.156267327924647370e-01 5.032509948185618365e-01 0.000000000000000000e+00 0.000000000000000000e+00 2.072749553113452381e-01 1.777717435881111807e-01
3.500000000000000000e+02 3.263892542741414493e-01 4.660084166054134225e-01 0.000000000000000000e+00 0.000000000000000000e+00 2.251755869224180417e-01 2.628537829146848637e-01
3.550000000000000000e+02 5.058805350755155583e-01 3.615013854916008240e-01 0.000000000000000000e+00 0.000000000000000000e+00 1.884562491854038513e-01 2.284045101409372946e-01
3.600000000000000000e+02 4.257424085202313746e-01 4.831684993729476463e-01 0.000000000000000000e+00 0.000000000000000000e+00 2.018008578232831363e-01 2.386564635305801763e-01
3.650000000000000000e+02 5.461952896137730606e-01 4.858567306553756571e-01 0.000000000000000000e+00 0.000000000000000000e+00 1.945742411761881008e-01 1.947613406920124246e-01
3.700000000000000000e+02 3.730732655962895050e-01 2.113919364144784541e-01 0.000000000000000000e+00 0.000000000000000000e+00 1.779301811022294677e-01 1.566909328075726249e-01
3.750000000000000000e+02 6.281842566612445555e-01 5.077098686381229520e-01 0.000000000000000000e+00 0.000000000000000000e+00 2.160979864910149428e-01 1.724250439975899274e-01
3.800000000000000000e+02 2.972232596005416339e-01 5.709264600247994093e-01 0.000000000000000000e+00 0.000000000000000000e+00 2.093517603498554480e-01 2.171545240766394325e-01
3.850000000000000000e+02 4.430412384120714364e-01 4.579778628949286445e-01 0.000000000000000000e+00 0.000000000000000000e+00 2.138976241532561939e-01 2.549915478955104287e-01
3.900000000000000000e+02 6.472309072057266244e-01 3.543807972490443103e-01 0.000000000000000000e+00 0.000000000000000000e+00 1.689204812051405546e-01 1.294230227964025814e-01
3.950000000000000000e+02 5.069064482240754899e-01 5.049604179825224470e-01 0.000000000000000000e+00 0.000000000000000000e+00 2.151853396379826977e-01 1.634743803713007981e-01
4.000000000000000000e+02 4.226121517493134361e-01 3.347293146229942673e-01 0.000000000000000000e+00 0.000000000000000000e+00 1.765063216065113072e-01 1.862808716805026410e-01
4.050000000000000000e+02 4.269622325025040910e-01 4.703431935108323136e-01 0.000000000000000000e+00 0.000000000000000000e+00 1.649241349972971060e-01 2.442537172658395539e-01
4.100000000000000000e+02 4.812475895152225069e-01 3.246229233789989510e-01 0.000000000000000000e+00 0.000000000000000000e+00 1.837798360135437237e-01 1.859263012875614629e-01
4.150000000000000000e+02 5.366545315359667612e-01 2.036093824674937436e-01 0.000000000000000000e+00 0.000000000000000000e+00 1.883207749442892265e-01 1.101982685491811192e-01
4.200000000000000000e+02 3.487095736425441794e-01 2.872467832436907398e-01 0.000000000000000000e+00 0.000000000000000000e+00 1.967364428580900271e-01 1.308975866709904123e-01
4.250000000000000000e+02 4.283603878575031887e-01 3.931183141778502033e-01 0.000000000000000000e+00 0.000000000000000000e+00 1.504240478177427398e-01 1.172141912628928001e-01
4.300000000000000000e+02 4.417234294799480265e-01 4.378784505601355237e-01 0.000000000000000000e+00 0.000000000000000000e+00 1.992857371516865983e-01 2.155570508768029636e-01
4.350000000000000000e+02 4.605934708647684839e-01 5.549409085528964614e-01 0.000000000000000000e+00 0.000000000000000000e+00 1.642657861466699509e-01 1.433982569363154713e-01
4.400000000000000000e+02 5.222906079759604969e-01 6.149857859688678818e-01 0.000000000000000000e+00 0.000000000000000000e+00 2.060480868577480862e-01 1.477594030238215950e-01
4.450000000000000000e+02 3.857481086080579158e-01 5.505993690724340084e-01 0.000000000000000000e+00 0.000000000000000000e+00 1.266336580786219523e-01 1.362593899420570243e-01
4.500000000000000000e+02 4.127680854422358658e-01 2.765109621672943718e-01 0.000000000000000000e+00 0.000000000000000000e+00 2.590863891146271691e-01 1.732907635200019447e-01
4.550000000000000000e+02 4.807696051349042432e-01 2.492504959936278630e-01 0.000000000000000000e+00 0.000000000000000000e+00 2.080400474119012966e-01 1.393006391477252248e-01
4.600000000000000000e+02 4.378964773852281889e-01 3.125668156124601915e-01 0.000000000000000000e+00 0.000000000000000000e+00 2.746744383269514866e-01 1.070357544889923296e-01
4.650000000000000000e+02 3.760306618714372440e-01 2.859501893641082093e-01 0.000000000000000000e+00 0.000000000000000000e+00 2.003511626633275311e-01 1.559804372609970846e-01
4.700000000000000000e+02 2.671350430023204936e-01 2.884960720486257069e-01 0.000000000000000000e+00 0.000000000000000000e+00 2.183768642262814974e-01 1.573099340531287915e-01
4.750000000000000000e+02 3.452609250433168464e-01 4.263926637220930571e-01 0.000000000000000000e+00 0.000000000000000000e+00 2.345249712714698176e-01 1.080834232825739344e-01
4.800000000000000000e+02 5.630078084319121157e-01 5.835730917482436775e-01 0.000000000000000000e+00 1.000000000000000000e+00 1.435899953708669186e-01 1.274693828638742144e-01
4.850000000000000000e+02 2.883083607056356468e-01 6.034660486734855223e-01 0.000000000000000000e+00 0.000000000000000000e+00 1.964916660231112167e-01 2.158552139986273932e-01
4.900000000000000000e+02 3.342360931333158147e-01 3.837707207499888584e-01 0.000000000000000000e+00 0.000000000000000000e+00 2.036871297176920670e-01 1.521493166893939097e-01
4.950000000000000000e+02 1.283062639853887466e-01 2.291414050406422320e-01 0.000000000000000000e+00 0.000000000000000000e+00 1.186502907342742302e-01 1.191506886593690917e-01
5.000000000000000000e+02 1.132332413145900746e-01 2.764514063115280917e-01 0.000000000000000000e+00 0.000000000000000000e+00 2.519315245962414629e-01 2.006952233512559192e-01
5.050000000000000000e+02 3.136984068015291061e-01 3.815004305290353170e-01 0.000000000000000000e+00 0.000000000000000000e+00 1.782574797019159940e-01 1.409698392868814487e-01
5.100000000000000000e+02 2.336248179732452745e-01 2.783310017251400814e-01 0.000000000000000000e+00 0.000000000000000000e+00 1.839300809148634863e-01 1.142296155880703629e-01
5.150000000000000000e+02 3.849329992818644741e-01 2.243506115992412175e-01 0.000000000000000000e+00 0.000000000000000000e+00 1.192237100038161107e-01 1.484001613738493153e-01
5.200000000000000000e+02 2.643024719841878811e-01 2.240165898475219852e-01 0.000000000000000000e+00 0.000000000000000000e+00 1.648949995280869218e-01 1.402172150749705914e-01
5.250000000000000000e+02 3.635945995423557897e-01 3.374928372169662127e-01 0.000000000000000000e+00 0.000000000000000000e+00 1.615823734571649739e-01 1.390597053582180997e-01
5.300000000000000000e+02 3.269940736488642918e-01 3.614075479302455429e-01 0.000000000000000000e+00 0.000000000000000000e+00 1.474741275066304702e-01 1.419944599496827109e-01
5.350000000000000000e+02 2.948231917341788133e-01 2.343699797221286685e-01 0.000000000000000000e+00 0.000000000000000000e+00 1.700090902326058528e-01 1.567469216745028537e-01
5.400000000000000000e+02 2.677987186950077647e-01 3.122046393009624832e-01 0.000000000000000000e+00 0.000000000000000000e+00 1.716923919154738354e-01 1.511196656156374996e-01
5.450000000000000000e+02 2.307437166917430393e-01 4.483014065089372946e-01 0.000000000000000000e+00 0.000000000000000000e+00 1.386229888360309970e-01 1.658130298607162767e-01
5.500000000000000000e+02 1.987866005923504820e-01 3.540041790899279839e-01 0.000000000000000000e+00 0.000000000000000000e+00 2.209930935835874855e-01 1.450743997693116627e-01
5.550000000000000000e+02 1.607230457373740595e-01 4.595012957573385570e-01 0.000000000000000000e+00 0.000000000000000000e+00 2.062786161511374061e-01 1.096167228487429923e-01
5.600000000000000000e+02 2.059331502731305275e-01 2.632748249853807399e-01 0.000000000000000000e+00 0.000000000000000000e+00 2.128946133909331018e-01 1.175934342122117171e-01
5.650000000000000000e+02 5.518379518602442024e-01 3.465564038755415410e-01 0.000000000000000000e+00 0.000000000000000000e+00 1.557892526728628102e-01 1.214541799059023208e-01
5.700000000000000000e+02 4.325804333854087469e-01 4.495043703174396166e-01 0.000000000000000000e+00 0.000000000000000000e+00 1.917544028899944575e-01 2.080245313387826533e-01
5.750000000000000000e+02 4.401888152745994098e-01 3.159336777262763962e-01 0.000000000000000000e+00 0.000000000000000000e+00 1.676126533494902426e-01 1.774836515919260282e-01
5.800000000000000000e+02 2.954361110958084735e-01 2.058181321332903102e-01 0.000000000000000000e+00 0.000000000000000000e+00 8.032338411058306815e-02 1.107459599252900023e-01
5.850000000000000000e+02 2.957719621250427533e-01 3.492336376816176369e-01 0.000000000000000000e+00 0.000000000000000000e+00 2.123022544513693821e-01 1.291786874294679477e-01
5.900000000000000000e+02 2.142233789692992718e-01 1.828700230770575197e-01 0.000000000000000000e+00 0.000000000000000000e+00 2.490904741244271137e-01 2.156616941181178082e-01
5.950000000000000000e+02 3.588358729557311610e-01 4.318258418090373252e-01 0.000000000000000000e+00 0.000000000000000000e+00 1.552219903301573223e-01 1.554573571479983818e-01
6.000000000000000000e+02 2.732043441511764481e-01 2.628361155042524544e-01 0.000000000000000000e+00 0.000000000000000000e+00 1.983677387458246677e-01 7.776787933205393799e-02
6.050000000000000000e+02 4.002336139158679806e-01 3.189729698386289392e-01 0.000000000000000000e+00 0.000000000000000000e+00 2.560332724395913973e-01 1.751905674804979940e-01
6.100000000000000000e+02 2.745566352221507356e-01 1.612387749569798301e-01 0.000000000000000000e+00 0.000000000000000000e+00 1.954074998391109319e-01 2.267561089781503780e-01
6.150000000000000000e+02 1.778309789523045970e-01 2.124956690128801395e-01 0.000000000000000000e+00 0.000000000000000000e+00 1.289705740024818525e-01 1.076681540495504491e-01
6.200000000000000000e+02 1.922509912795321296e-01 1.724792126200866971e-01 0.000000000000000000e+00 0.000000000000000000e+00 2.133655510865869742e-01 1.700936255034943279e-01
6.250000000000000000e+02 3.418253501050226295e-01 2.701885110103883769e-01 0.000000000000000000e+00 0.000000000000000000e+00 1.581617539331031386e-01 1.029387511792427407e-01
6.300000000000000000e+02 2.212159509167115345e-01 3.230178758463093658e-01 0.000000000000000000e+00 0.000000000000000000e+00 2.073349027421877433e-01 1.208123732321173815e-01
6.350000000000000000e+02 4.703424894570229498e-01 1.101064036556832770e-01 0.000000000000000000e+00 0.000000000000000000e+00 1.474315547503141643e-01 1.885052152693028893e-01
6.400000000000000000e+02 2.780623526976253035e-01 2.283713310696122156e-01 0.000000000000000000e+00 0.000000000000000000e+00 1.642896174847523205e-01 1.541452708751220313e-01
6.450000000000000000e+02 4.448375736641111411e-01 2.367426246526656841e-01 0.000000000000000000e+00 0.000000000000000000e+00 2.044954803216230688e-01 1.052323410608372173e-01
6.500000000000000000e+02 3.418498652054405840e-01 1.748191055240043146e-01 0.000000000000000000e+00 0.000000000000000000e+00 2.325232638484073799e-01 1.172389847306656852e-01
6.550000000000000000e+02 3.327749212523326006e-01 1.319405544561032539e-01 0.000000000000000000e+00 0.000000000000000000e+00 1.508144497882078217e-01 1.425842860852937211e-01
6.600000000000000000e+02 4.432124733520178550e-01 2.951469238319693877e-01 0.000000000000000000e+00 0.000000000000000000e+00 1.816224260791251544e-01 1.440764656446028580e-01
6.650000000000000000e+02 3.137883468700198852e-01 2.795219229941698913e-01 0.000000000000000000e+00 0.000000000000000000e+00 2.073553802318729711e-01 1.090923345533320737e-01
6.700000000000000000e+02 2.517661900772975025e-01 2.344684012575616594e-01 0.000000000000000000e+00 0.000000000000000000e+00 2.270768104271982946e-01 1.250772303269337138e-01
6.750000000000000000e+02 3.954318434574809471e-01 7.709345234906118949e-02 0.000000000000000000e+00 0.000000000000000000e+00 1.268843062680423683e-01 6.877475356384273042e-02
6.800000000000000000e+02 8.363596303144049671e-02 1.487921547301706282e-01 0.000000000000000000e+00 0.000000000000000000e+00 9.745049124960981912e-02 1.289772963632344061e-01
6.850000000000000000e+02 2.120462398028267192e-01 4.769218570834053705e-02 0.000000000000000000e+00 0.000000000000000000e+00 1.339697091825902964e-01 1.091049615626280000e-01
6.900000000000000000e+02 2.147628730201976699e-01 3.992313538902286796e-01 0.000000000000000000e+00 1.000000000000000000e+00 2.244202031399016029e-01 9.182974417624427399e-02
6.950000000000000000e+02 2.988046082003204540e-01 3.791022159955684812e-01 0.000000000000000000e+00 1.000000000000000000e+00 1.128568570309999713e-01 8.016639165320207927e-02
7.000000000000000000e+02 3.163167018799421526e-01 0.000000000000000000e+00 0.000000000000000000e+00 0.000000000000000000e+00 1.342959498159533305e-01 0.000000000000000000e+00
7.050000000000000000e+02 7.564713671925626937e-02 1.589626682158748194e-01 0.000000000000000000e+00 0.000000000000000000e+00 1.306347091758891521e-01 1.565807008120227994e-01
7.100000000000000000e+02 8.110790267238129903e-02 4.785045854321061110e-01 0.000000000000000000e+00 0.000000000000000000e+00 7.473583842264575061e-02 1.369993504939416573e-01
7.150000000000000000e+02 1.711930215103823483e-01 2.696467514620198846e-01 0.000000000000000000e+00 0.000000000000000000e+00 1.186942144071248539e-01 2.231988640553122238e-01
7.200000000000000000e+02 1.838160596640106836e-01 6.251150664169785598e-02 0.000000000000000000e+00 0.000000000000000000e+00 1.547854310520135612e-01 1.242803684198534597e-01
7.250000000000000000e+02 1.881308168279546833e-01 2.827585721420358689e-01 0.000000000000000000e+00 0.000000000000000000e+00 1.195684524401171289e-01 1.624140136439750914e-01
7.300000000000000000e+02 4.052877861516215319e-01 2.807944783410871725e-01 0.000000000000000000e+00 0.000000000000000000e+00 1.211023238828400489e-01 1.048280324297773403e-01
7.350000000000000000e+02 1.188913691259573663e-01 3.067952454058045508e-01 0.000000000000000000e+00 0.000000000000000000e+00 1.360870034042016286e-01 1.112995795571780633e-01
7.400000000000000000e+02 7.537103928177721346e-02 1.883752735160308389e-01 0.000000000000000000e+00 0.000000000000000000e+00 1.240134573683346897e-01 4.712050120976168932e-02
7.450000000000000000e+02 1.673736658421242640e-01 2.190174571989160768e-01 0.000000000000000000e+00 0.000000000000000000e+00 1.731275193536388757e-01 1.325825292821976864e-01
7.500000000000000000e+02 1.712048626663377759e-01 1.930166896383526676e-01 0.000000000000000000e+00 0.000000000000000000e+00 1.621889287151235537e-01 1.373005349445582113e-01
7.550000000000000000e+02 2.299742349848896694e-01 3.724974504051296043e-01 0.000000000000000000e+00 0.000000000000000000e+00 9.027141756747369961e-02 1.886435518090077978e-01
7.600000000000000000e+02 3.524670803318369350e-01 1.433211657251481641e-01 0.000000000000000000e+00 0.000000000000000000e+00 1.182764555503483805e-01 1.601819887016543154e-01
7.650000000000000000e+02 1.383248621101671183e-01 4.078308174092623584e-01 0.000000000000000000e+00 0.000000000000000000e+00 1.203677131324238786e-01 1.360123262863246751e-01
7.700000000000000000e+02 1.578328734711859083e-01 3.609897096426905039e-01 0.000000000000000000e+00 0.000000000000000000e+00 1.421869875415616158e-01 1.672835183962846917e-01
7.750000000000000000e+02 1.795829792677270942e-01 2.252888809675261395e-01 0.000000000000000000e+00 0.000000000000000000e+00 1.303633463351734079e-01 1.928350161352573588e-01
7.800000000000000000e+02 4.270417353223854851e-01 2.690991096347554179e-01 0.000000000000000000e+00 0.000000000000000000e+00 1.265995787916384396e-01 1.262117617769240863e-01
7.850000000000000000e+02 2.558396016899331382e-01 3.123760007669751926e-01 0.000000000000000000e+00 0.000000000000000000e+00 1.416847872644400319e-01 2.097135941063976994e-01
7.900000000000000000e+02 1.977398929143819317e-01 1.205887787989673721e-01 0.000000000000000000e+00 0.000000000000000000e+00 1.163277552365149098e-01 1.544456381096418474e-01
7.950000000000000000e+02 1.647780677958354256e-01 2.141239830032196367e-01 0.000000000000000000e+00 0.000000000000000000e+00 7.623293184814904089e-02 9.882228176982288392e-02
8.000000000000000000e+02 1.636104468570709347e-01 1.413551387441701335e-01 0.000000000000000000e+00 0.000000000000000000e+00 1.603585789344208201e-01 1.234596180383971814e-01
8.050000000000000000e+02 1.771832214979884579e-01 1.716852613686754014e-01 0.000000000000000000e+00 0.000000000000000000e+00 1.111273408956039987e-01 1.053273146568072666e-01
8.100000000000000000e+02 2.480380852747029186e-01 2.691658093464499024e-01 0.000000000000000000e+00 0.000000000000000000e+00 8.239030599044287750e-02 8.411590702632235073e-02
8.150000000000000000e+02 2.934154908930731165e-01 1.187353009516234625e-01 0.000000000000000000e+00 0.000000000000000000e+00 1.691156999965137409e-01 6.996191228926572359e-02
8.200000000000000000e+02 9.107356748976148941e-02 4.214123966213542127e-01 0.000000000000000000e+00 0.000000000000000000e+00 1.141031283549340941e-01 1.528419613681252509e-01
8.250000000000000000e+02 1.287960213007922627e-01 1.394966805650831032e-01 0.000000000000000000e+00 0.000000000000000000e+00 1.226921069610134585e-01 9.423619028099167183e-02
8.300000000000000000e+02 5.976790134994761777e-02 2.398179544962401322e-01 0.000000000000000000e+00 0.000000000000000000e+00 1.804605444004265535e-01 1.019093104500855967e-01
8.350000000000000000e+02 1.262148016369302739e-01 3.839075895838549024e-01 0.000000000000000000e+00 0.000000000000000000e+00 9.432392649774308524e-02 1.140998128590172550e-01
8.400000000000000000e+02 4.244905945381672874e-01 8.944651177393114772e-02 0.000000000000000000e+00 0.000000000000000000e+00 1.627509771645617442e-01 1.335221783055756117e-01
8.450000000000000000e+02 2.457844191609191431e-01 2.634441852253901484e-01 0.000000000000000000e+00 0.000000000000000000e+00 7.995885052929052605e-02 9.300683656410267675e-02
8.500000000000000000e+02 2.831732533835759069e-01 5.299730725278432864e-02 0.000000000000000000e+00 0.000000000000000000e+00 1.270956532396846084e-01 7.373095031218067363e-02
8.550000000000000000e+02 1.651581406711730982e-01 2.364398786992987465e-03 0.000000000000000000e+00 0.000000000000000000e+00 1.170586485258841014e-01 2.924065823553581231e-03
8.600000000000000000e+02 3.079577373320863121e-01 2.875043914479132878e-01 0.000000000000000000e+00 0.000000000000000000e+00 1.223234322066328039e-01 6.818453958161953266e-02
8.650000000000000000e+02 1.449146058888641994e-02 3.979613894391188511e-01 0.000000000000000000e+00 0.000000000000000000e+00 2.008505773990873142e-02 1.249734913027208405e-01
8.700000000000000000e+02 1.745372815656873189e-01 3.719126145449695720e-02 0.000000000000000000e+00 0.000000000000000000e+00 1.304682660766771085e-01 1.276193028006664953e-01
8.750000000000000000e+02 2.418029893721616586e-01 3.499124608354685639e-01 0.000000000000000000e+00 0.000000000000000000e+00 1.328826939743849578e-01 1.171434516069996129e-01
8.800000000000000000e+02 2.925663234819909642e-01 1.868868921020604978e-01 0.000000000000000000e+00 0.000000000000000000e+00 1.446491090006386537e-01 9.846695456206795705e-02
8.850000000000000000e+02 4.265466146449060914e-02 2.719266629433293447e-01 0.000000000000000000e+00 0.000000000000000000e+00 5.569768823943220537e-02 1.076214242295480544e-01
8.900000000000000000e+02 1.411860613336783921e-01 4.131291781301891786e-01 0.000000000000000000e+00 0.000000000000000000e+00 1.572336070849482681e-01 1.002300142154334273e-01
8.950000000000000000e+02 2.287992668731737567e-01 2.326118137450288725e-01 0.000000000000000000e+00 0.000000000000000000e+00 1.729458631716992156e-01 1.286142550878691115e-01
9.000000000000000000e+02 2.317283898256497776e-01 2.992161200517710617e-01 0.000000000000000000e+00 0.000000000000000000e+00 1.864333645259781402e-01 1.939422374839547825e-01
9.050000000000000000e+02 4.594993753957351407e-02 1.417632540139193154e-01 0.000000000000000000e+00 0.000000000000000000e+00 1.353440086811892595e-01 1.290358893482858038e-01
9.100000000000000000e+02 7.335217753834777366e-02 9.541369901245111418e-02 0.000000000000000000e+00 0.000000000000000000e+00 9.675016356523691297e-02 1.087475653333716541e-01
9.150000000000000000e+02 3.953446705732149846e-01 8.580915095509847323e-02 0.000000000000000000e+00 0.000000000000000000e+00 1.800603307153625099e-01 1.367765559716160317e-01
9.200000000000000000e+02 2.382264288468975977e-01 5.350643056716075652e-02 0.000000000000000000e+00 0.000000000000000000e+00 1.822478638462203537e-01 8.553948450936847692e-02
9.250000000000000000e+02 1.380053142898189089e-01 9.566612634207075083e-02 0.000000000000000000e+00 0.000000000000000000e+00 1.163593206544137892e-01 1.042922838986960754e-01
9.300000000000000000e+02 1.099634097497560886e-01 2.407506207990871006e-01 0.000000000000000000e+00 0.000000000000000000e+00 8.713082848225162103e-02 1.522936912629424266e-01
9.350000000000000000e+02 3.385846688552294759e-01 1.139986033931054549e-01 0.000000000000000000e+00 0.000000000000000000e+00 1.364628462644536799e-01 1.706752806265448008e-01
9.400000000000000000e+02 2.319551519782973581e-01 1.365088772747899415e-01 0.000000000000000000e+00 0.000000000000000000e+00 1.201583546411408854e-01 1.400571639396238077e-01
9.450000000000000000e+02 2.951743002804690930e-01 7.028473991817828226e-02 0.000000000000000000e+00 0.000000000000000000e+00 1.098980962874268053e-01 7.702689922143024503e-02
9.500000000000000000e+02 2.354484332526576296e-01 1.321441615771629663e-01 0.000000000000000000e+00 0.000000000000000000e+00 1.223827949273175175e-01 8.589947809859647954e-02
9.550000000000000000e+02 2.280958594715759014e-01 1.230152982467410394e-01 0.000000000000000000e+00 0.000000000000000000e+00 9.361354404622003467e-02 1.693248037474258949e-01
9.600000000000000000e+02 1.234966247318972365e-01 2.036609821085944017e-02 0.000000000000000000e+00 0.000000000000000000e+00 1.064353093891227259e-01 1.815543253623676800e-01
9.650000000000000000e+02 1.454755327716587276e-01 5.594827260211829995e-02 0.000000000000000000e+00 0.000000000000000000e+00 8.339241141469476426e-02 1.797841597199564823e-01
9.700000000000000000e+02 5.953294582573463029e-02 1.328776806876088845e-01 0.000000000000000000e+00 0.000000000000000000e+00 1.448835331693910933e-01 1.274571689690319476e-01
9.750000000000000000e+02 8.301494230701754462e-02 3.483589342938688271e-01 0.000000000000000000e+00 0.000000000000000000e+00 7.977680294172866116e-02 1.239439249663861209e-01
9.800000000000000000e+02 1.984673732431984083e-01 3.503624558413956369e-01 0.000000000000000000e+00 0.000000000000000000e+00 1.547673297925286628e-01 1.558501253706667533e-01
9.850000000000000000e+02 1.867295846981332219e-01 7.226696507205324083e-02 0.000000000000000000e+00 0.000000000000000000e+00 7.602944323447087538e-02 1.244475010954878696e-01
9.900000000000000000e+02 1.958641605641656125e-01 3.660541847953303618e-01 0.000000000000000000e+00 0.000000000000000000e+00 1.201784843018609966e-01 9.484693685654081718e-02
9.950000000000000000e+02 3.048627002256964480e-01 9.678325097246366637e-02 0.000000000000000000e+00 0.000000000000000000e+00 1.466822811406752192e-01 1.076794876312707483e-01
