0.000000000000000000e+00 0.000000000000000000e+00 0.000000000000000000e+00 0.000000000000000000e+00 0.000000000000000000e+00 0.000000000000000000e+00 0.000000000000000000e+00
5.000000000000000000e+00 1.045514899730140668e+00 8.468562730066027111e-01 0.000000000000000000e+00 1.000000000000000000e+00 3.072578500363572496e-01 1.425224147032469746e-01
1.000000000000000000e+01 1.076515372212662580e+00 6.955696870207178639e-01 1.000000000000000000e+00 0.000000000000000000e+00 2.027985177631629332e-01 2.112671327336823890e-01
1.500000000000000000e+01 8.920360408172678390e-01 7.997004814895374292e-01 0.000000000000000000e+00 0.000000000000000000e+00 2.752710133114357749e-01 1.950907507149377829e-01
2.000000000000000000e+01 8.830914605774008441e-01 7.515392785139198839e-01 0.000000000000000000e+00 1.000000000000000000e+00 2.666268723095955862e-01 1.650227016927423851e-01
2.500000000000000000e+01 1.088481713807239348e+00 5.764744502748869737e-01 0.000000000000000000e+00 0.000000000000000000e+00 2.663084382079737300e-01 1.629148334835979484e-01
3.000000000000000000e+01 8.974601504840565847e-01 5.077931464592030375e-01 1.000000000000000000e+00 0.000000000000000000e+00 2.077408109246453582e-01 1.439027688788231396e-01
3.500000000000000000e+01 8.935777624321096235e-01 3.728881984548731987e-01 0.000000000000000000e+00 0.000000000000000000e+00 2.463865509851378699e-01 1.828428530128402008e-01
4.000000000000000000e+01 7.803537911377720349e-01 5.906738797226547266e-01 0.000000000000000000e+00 0.000000000000000000e+00 2.818517275915749520e-01 1.527939693607085203e-01
4.500000000000000000e+01 5.802747460015760250e-01 3.791616035898740522e-01 0.000000000000000000e+00 0.000000000000000000e+00 1.506885243500869498e-01 1.688090751367787856e-01
5.000000000000000000e+01 7.504967224407324000e-01 5.752126018845910016e-01 0.000000000000000000e+00 0.000000000000000000e+00 1.857268795356626367e-01 1.578176787134409897e-01
5.500000000000000000e+01 7.336715611048920671e-01 5.141159607124878850e-01 1.000000000000000000e+00 0.000000000000000000e+00 1.506013709887982499e-01 2.290650776797498178e-01
6.000000000000000000e+01 8.178081815115494368e-01 4.338384105030289040e-01 0.000000000000000000e+00 0.000000000000000000e+00 2.239762008146746752e-01 1.262045689776565283e-01
6.500000000000000000e+01 8.817602412938523315e-01 5.137032589464801680e-01 0.000000000000000000e+00 0.000000000000000000e+00 2.383859979248011962e-01 1.763846364991539517e-01
7.000000000000000000e+01 7.324962319751703310e-01 5.255448644680238424e-01 0.000000000000000000e+00 0.000000000000000000e+00 2.291961608881925294e-01 2.567437981071448161e-01
7.500000000000000000e+01 9.268118757308290157e-01 2.976979663168016765e-01 0.000000000000000000e+00 0.000000000000000000e+00 2.524232647728691936e-01 2.473615532309809406e-01
8.000000000000000000e+01 6.293824500434044289e-01 5.634309231199372547e-01 0.000000000000000000e+00 0.000000000000000000e+00 2.054710426192101758e-01 1.378598937903912913e-01
8.500000000000000000e+01 6.038852156059474341e-01 4.023059092738663911e-01 0.000000000000000000e+00 0.000000000000000000e+00 2.252292736612987734e-01 1.413537987006737162e-01
9.000000000000000000e+01 5.224944991147111306e-01 5.606138558811126771e-01 0.000000000000000000e+00 0.000000000000000000e+00 1.295959224009827770e-01 2.270041188091604378e-01
9.500000000000000000e+01 8.340310474915056949e-01 6.112514489214198043e-01 0.000000000000000000e+00 0.000000000000000000e+00 2.177698465637707137e-01 2.550710124276689417e-01
1.000000000000000000e+02 4.829578337031785185e-01 7.242247295618573499e-01 0.000000000000000000e+00 1.000000000000000000e+00 2.297341763043177221e-01 1.484917319832561311e-01
1.050000000000000000e+02 7.987433217263567586e-01 4.732446126602704028e-01 0.000000000000000000e+00 0.000000000000000000e+00 1.908304432617492774e-01 2.405099972598115365e-01
1.100000000000000000e+02 6.257848646484254207e-01 3.666724383429030287e-01 1.000000000000000000e+00 0.000000000000000000e+00 1.237950208999990809e-01 1.857356021829538462e-01
1.150000000000000000e+02 6.443975390613359000e-01 6.216118911235837263e-01 0.000000000000000000e+00 0.000000000000000000e+00 2.083374566822026319e-01 1.561558773982064940e-01
1.200000000000000000e+02 5.850322190522605492e-01 5.377575881751969211e-01 1.000000000000000000e+00 0.000000000000000000e+00 1.240051008837199653e-01 1.618273758475755331e-01
1.250000000000000000e+02 6.653923117299768153e-01 7.409205471309872060e-01 0.000000000000000000e+00 0.000000000000000000e+00 2.011385382291664414e-01 1.768267558693596420e-01
1.300000000000000000e+02 6.099334818863104690e-01 4.000361272058621798e-01 1.000000000000000000e+00 0.000000000000000000e+00 8.999548981291732863e-02 2.024679559323835087e-01
1.350000000000000000e+02 5.635271541316433375e-01 5.646095070080526801e-01 0.000000000000000000e+00 0.000000000000000000e+00 2.330246710709232005e-01 2.024665983837736216e-01
1.400000000000000000e+02 6.575372810538944179e-01 4.534696092310229187e-01 0.000000000000000000e+00 0.000000000000000000e+00 2.628365572254550697e-01 1.774217514810680074e-01
1.450000000000000000e+02 5.975549314780294052e-01 2.857818148635449251e-01 0.000000000000000000e+00 0.000000000000000000e+00 1.864277648221061012e-01 1.745152550606584585e-01
1.500000000000000000e+02 6.592544716583055298e-01 4.669571667932815306e-01 0.000000000000000000e+00 0.000000000000000000e+00 1.864191144832028357e-01 1.847924389080228547e-01
1.550000000000000000e+02 6.105796223336094064e-01 4.968161500154512633e-01 0.000000000000000000e+00 0.000000000000000000e+00 1.517257894198937029e-01 1.944092668116908784e-01
1.600000000000000000e+02 7.971924245505886963e-01 4.484421951496654901e-01 1.000000000000000000e+00 0.000000000000000000e+00 1.240329933160624065e-01 1.386130473559914478e-01
1.650000000000000000e+02 5.135316353678880397e-01 4.769115116681127975e-01 0.000000000000000000e+00 0.000000000000000000e+00 1.987468643024273840e-01 2.191710259690315132e-01
1.700000000000000000e+02 8.585238910517579702e-01 3.748067928579228991e-01 1.000000000000000000e+00 0.000000000000000000e+00 9.219939446324751375e-02 1.479727842954968176e-01
1.750000000000000000e+02 5.026821584854838099e-01 6.783182981548347978e-01 0.000000000000000000e+00 0.000000000000000000e+00 2.363586770968858775e-01 2.371540804029918237e-01
1.800000000000000000e+02 5.671520360613314660e-01 4.070372040526065716e-01 0.000000000000000000e+00 0.000000000000000000e+00 1.779278112934874201e-01 1.046475584819517718e-01
1.850000000000000000e+02 5.945578545747020049e-01 4.068153018935827814e-01 0.000000000000000000e+00 0.000000000000000000e+00 1.802434862861568288e-01 1.918271523184166272e-01
1.900000000000000000e+02 5.841388186841280916e-01 4.609550593786170269e-01 1.000000000000000000e+00 0.000000000000000000e+00 1.295921853566792403e-01 1.774291527263671120e-01
1.950000000000000000e+02 6.083995950357687921e-01 4.854655061587031528e-01 0.000000000000000000e+00 0.000000000000000000e+00 2.053979573348500287e-01 2.024168477524966314e-01
2.000000000000000000e+02 4.188358203866948126e-01 3.928420052514227101e-01 0.000000000000000000e+00 0.000000000000000000e+00 1.471604063437565724e-01 1.683758986903209354e-01
2.050000000000000000e+02 8.059291625065274633e-01 3.360193979999642200e-01 1.000000000000000000e+00 0.000000000000000000e+00 1.348932788899303015e-01 1.103714868404397503e-01
2.100000000000000000e+02 7.516618090648845563e-01 5.023335742460108833e-01 1.000000000000000000e+00 0.000000000000000000e+00 1.525117522212945109e-01 1.458233915825285221e-01
2.150000000000000000e+02 7.032793778902135529e-01 6.334509270400123793e-01 0.000000000000000000e+00 0.000000000000000000e+00 2.330228810528360839e-01 2.577753582727749793e-01
2.200000000000000000e+02 5.436460569445583646e-01 4.188580920784964468e-01 0.000000000000000000e+00 0.000000000000000000e+00 2.146183994729617683e-01 1.718671263177424247e-01
2.250000000000000000e+02 4.721730575942741370e-01 3.208271042574913912e-01 0.000000000000000000e+00 0.000000000000000000e+00 1.913592485178746971e-01 1.545907183815468378e-01
2.300000000000000000e+02 4.966548021663909074e-01 3.405112589703332970e-01 0.000000000000000000e+00 0.000000000000000000e+00 1.926750894397906699e-01 2.472501619924354077e-01
2.350000000000000000e+02 5.035664124269068065e-01 4.071804996701563484e-01 0.000000000000000000e+00 0.000000000000000000e+00 2.185667777323123395e-01 2.338805776455761265e-01
2.400000000000000000e+02 6.353164014651084823e-01 3.747321363159409335e-01 0.000000000000000000e+00 0.000000000000000000e+00 2.273626991032311473e-01 2.060600674002330546e-01
2.450000000000000000e+02 3.720661678729426658e-01 5.981152830903071482e-01 0.000000000000000000e+00 0.000000000000000000e+00 1.700781665142738486e-01 2.328361638567849889e-01
2.500000000000000000e+02 6.138001806521302672e-01 5.434974400506498160e-01 0.000000000000000000e+00 1.000000000000000000e+00 1.512558925773130336e-01 9.731552290521565396e-02
2.550000000000000000e+02 5.350600303067094554e-01 4.307533943446887892e-01 0.000000000000000000e+00 0.000000000000000000e+00 1.732052078764674818e-01 2.052634700423703606e-01
2.600000000000000000e+02 3.770399164906506617e-01 6.831601309269887956e-01 0.000000000000000000e+00 1.000000000000000000e+00 2.072257550273111926e-01 1.193563692455123781e-01
2.650000000000000000e+02 4.972803370223458641e-01 4.496217533395278076e-01 0.000000000000000000e+00 0.000000000000000000e+00 1.227104413490742868e-01 2.674377648436028210e-01
2.700000000000000000e+02 5.418585092323565666e-01 3.618668504886910497e-01 0.000000000000000000e+00 0.000000000000000000e+00 1.922928748052431525e-01 2.392633991614180333e-01
2.750000000000000000e+02 4.564012763717995580e-01 4.839540327375972950e-01 0.000000000000000000e+00 0.000000000000000000e+00 2.097587100432559137e-01 2.952960597228971307e-01
2.800000000000000000e+02 3.993170363998981287e-01 2.276943099179420393e-01 0.000000000000000000e+00 0.000000000000000000e+00 2.265707017907792886e-01 1.778152471625754627e-01
2.850000000000000000e+02 2.973050958020856949e-01 3.883090583857630174e-01 0.000000000000000000e+00 0.000000000000000000e+00 2.004427273831011491e-01 1.798388475420912846e-01
2.900000000000000000e+02 3.921396826736976426e-01 5.575750466503635039e-01 0.000000000000000000e+00 0.000000000000000000e+00 1.674482721449238043e-01 2.211182292445494912e-01
2.950000000000000000e+02 4.622580930649313191e-01 5.459130818364229532e-01 0.000000000000000000e+00 0.000000000000000000e+00 1.967961034197685810e-01 1.715582881022292283e-01
3.000000000000000000e+02 4.275358439652906517e-01 4.652872714482890193e-01 0.000000000000000000e+00 0.000000000000000000e+00 1.746269333901167842e-01 2.307129105146428494e-01
3.050000000000000000e+02 4.391981204393450855e-01 6.504006525696899299e-01 0.000000000000000000e+00 0.000000000000000000e+00 1.795748478728541042e-01 1.902828306075128595e-01
3.100000000000000000e+02 3.712617177973297489e-01 6.253302885686744528e-01 0.000000000000000000e+00 1.000000000000000000e+00 2.000835245893870795e-01 1.440074743171473326e-01
3.150000000000000000e+02 4.467290045982837410e-01 3.558742932507483192e-01 0.000000000000000000e+00 0.000000000000000000e+00 1.325837314480903251e-01 1.847494810140306865e-01
3.200000000000000000e+02 5.456655444668915278e-01 3.950522399577806598e-01 1.000000000000000000e+00 0.000000000000000000e+00 9.604637137944975478e-02 1.588975231250118469e-01
3.250000000000000000e+02 3.251439045064383748e-01 4.841816450277571238e-01 0.000000000000000000e+00 0.000000000000000000e+00 2.081431186551357115e-01 1.377546335985538606e-01
3.300000000000000000e+02 3.413069869273936408e-01 3.509731329893133744e-01 0.000000000000000000e+00 0.000000000000000000e+00 2.336626640962117252e-01 2.029504806940256034e-01
3.350000000000000000e+02 3.306855687466382920e-01 4.363213952813715935e-01 0.000000000000000000e+00 0.000000000000000000e+00 1.703864781284519514e-01 2.014889200358223886e-01
3.400000000000000000e+02 6.150156151122321280e-01 3.368020749900949573e-01 0.000000000000000000e+00 0.000000000000000000e+00 1.541143741833063685e-01 1.776573222318642842e-01
3.450000000000000000e+02 3.082916551216448586e-01 5.476114337868648319e-01 0.000000000000000000e+00 0.000000000000000000e+00 1.892823044812017019e-01 1.384567081522056209e-01
3.500000000000000000e+02 4.910920543326718901e-01 2.787427737778741532e-01 0.000000000000000000e+00 0.000000000000000000e+00 1.326204227314212170e-01 1.736976624111055967e-01
3.550000000000000000e+02 2.538873028485301164e-01 5.257502715018242956e-01 0.000000000000000000e+00 0.000000000000000000e+00 2.213085750078549185e-01 2.688836810227391849e-01
3.600000000000000000e+02 3.923339716100647800e-01 2.444988505895446806e-01 0.000000000000000000e+00 0.000000000000000000e+00 1.601261156131876529e-01 2.169085785504682451e-01
3.650000000000000000e+02 2.909627447164585545e-01 3.488262559482980252e-01 0.000000000000000000e+00 1.000000000000000000e+00 1.972765375801332211e-01 7.061514015845700432e-02
3.700000000000000000e+02 4.608917517812295972e-01 4.502370891540267150e-01 0.000000000000000000e+00 0.000000000000000000e+00 1.572216149437566657e-01 1.446189114380130036e-01
3.750000000000000000e+02 2.368467100044573392e-01 3.434492294448057703e-01 0.000000000000000000e+00 0.000000000000000000e+00 1.685337180351595132e-01 2.110368137372554687e-01
3.800000000000000000e+02 3.092325157843524019e-01 3.769344990026436415e-01 0.000000000000000000e+00 0.000000000000000000e+00 1.263179716837948829e-01 1.392597545232716616e-01
3.850000000000000000e+02 3.694128566452951068e-01 5.026806430942942772e-01 0.000000000000000000e+00 1.000000000000000000e+00 1.089279222776095846e-01 1.014860580495438869e-01
3.900000000000000000e+02 3.172116338568520821e-01 7.898594203231623645e-01 0.000000000000000000e+00 0.000000000000000000e+00 1.853253183451007702e-01 2.108435626088479564e-01
3.950000000000000000e+02 5.259664623572745112e-01 4.073893357507875623e-01 0.000000000000000000e+00 0.000000000000000000e+00 2.091643059290565487e-01 2.990523679594915274e-01
4.000000000000000000e+02 3.222726691710913194e-01 3.076130598832948482e-01 0.000000000000000000e+00 0.000000000000000000e+00 1.362163122999275611e-01 1.304938378537236210e-01
4.050000000000000000e+02 3.815689004874203705e-01 5.479200131961650122e-01 0.000000000000000000e+00 1.000000000000000000e+00 1.652772223322226397e-01 1.271948394948166361e-01
4.100000000000000000e+02 3.081825603809646985e-01 3.796578767408370636e-01 0.000000000000000000e+00 0.000000000000000000e+00 1.668437696093020839e-01 2.133234511438208969e-01
4.150000000000000000e+02 1.969050646523191062e-01 5.439823907809837600e-01 0.000000000000000000e+00 0.000000000000000000e+00 1.558839483645889368e-01 2.207816041286828901e-01
4.200000000000000000e+02 3.685177938864743763e-01 4.217164788710245915e-01 0.000000000000000000e+00 0.000000000000000000e+00 1.644738056712038710e-01 1.877830174090422133e-01
4.250000000000000000e+02 3.838314536909522290e-01 4.595117293514666135e-01 0.000000000000000000e+00 0.000000000000000000e+00 1.597080005517112211e-01 1.716433727375243634e-01
4.300000000000000000e+02 5.004979487036536057e-01 5.430891854681656472e-01 0.000000000000000000e+00 0.000000000000000000e+00 1.249127212677523802e-01 2.322351226261273882e-01
4.350000000000000000e+02 1.683983795255229177e-01 3.563809305250392745e-01 0.000000000000000000e+00 0.000000000000000000e+00 1.416453042906652415e-01 1.791530629638680427e-01
4.400000000000000000e+02 4.348119243554229851e-01 4.695516605758262019e-01 0.000000000000000000e+00 0.000000000000000000e+00 1.251752200179509500e-01 1.787444613882613886e-01
4.450000000000000000e+02 5.905345718137425814e-01 3.994053864529455433e-01 0.000000000000000000e+00 0.000000000000000000e+00 1.510633019653086495e-01 1.852231082063975354e-01
4.500000000000000000e+02 3.647825268824577138e-01 4.185052573992991687e-01 0.000000000000000000e+00 0.000000000000000000e+00 1.604799447637332011e-01 1.729924222863025440e-01
4.550000000000000000e+02 1.527361489406244277e-01 5.192738690977793947e-01 0.000000000000000000e+00 0.000000000000000000e+00 1.510094859164241576e-01 2.380207606304862167e-01
4.600000000000000000e+02 2.156462937458381857e-01 5.781248829981068260e-01 0.000000000000000000e+00 0.000000000000000000e+00 1.647412496942211035e-01 2.691074532758104265e-01
4.650000000000000000e+02 3.623812931174570373e-01 3.353013859948013597e-01 0.000000000000000000e+00 0.000000000000000000e+00 2.219773662467808273e-01 1.608079197072257160e-01
4.700000000000000000e+02 4.453373455200642650e-01 3.201221725493555992e-01 0.000000000000000000e+00 0.000000000000000000e+00 1.705202454646197741e-01 1.610504005788051807e-01
4.750000000000000000e+02 2.716758136905086385e-01 2.864113347403459686e-01 0.000000000000000000e+00 0.000000000000000000e+00 2.712597904407403893e-01 1.811281346162491313e-01
4.800000000000000000e+02 2.730617804778296964e-01 3.288527114653880812e-01 0.000000000000000000e+00 0.000000000000000000e+00 1.856454835377948920e-01 1.364811586323058934e-01
4.850000000000000000e+02 3.823396417513086343e-01 3.900886277327216822e-01 0.000000000000000000e+00 0.000000000000000000e+00 2.270908365151180219e-01 1.991244720305567484e-01
4.900000000000000000e+02 2.980076799297196599e-01 2.339529955688310348e-01 0.000000000000000000e+00 0.000000000000000000e+00 1.671181716698307285e-01 1.702284429920274400e-01
4.950000000000000000e+02 2.326324186427671248e-01 2.792251128190365028e-01 0.000000000000000000e+00 0.000000000000000000e+00 2.124583791279388845e-01 1.737873766321923474e-01
5.000000000000000000e+02 3.193632481131677414e-01 1.619235333361942197e-01 0.000000000000000000e+00 0.000000000000000000e+00 1.936645494629722630e-01 2.230696966857186325e-01
5.050000000000000000e+02 3.345955030110833173e-01 4.693316485632638146e-01 0.000000000000000000e+00 0.000000000000000000e+00 1.138840445850011623e-01 2.318139670783193051e-01
5.100000000000000000e+02 1.884234544003955958e-01 2.495755900973080921e-01 0.000000000000000000e+00 0.000000000000000000e+00 1.301181210841960145e-01 2.199077622580716262e-01
5.150000000000000000e+02 1.601449968491066023e-01 2.686732344479222379e-01 0.000000000000000000e+00 0.000000000000000000e+00 1.586037621859063829e-01 1.638582048275792902e-01
5.200000000000000000e+02 3.598880995901589941e-01 2.219387837503760397e-01 0.000000000000000000e+00 0.000000000000000000e+00 1.739428692313226832e-01 1.640269427650298262e-01
5.250000000000000000e+02 2.778467380681302057e-01 5.164009111408762731e-01 0.000000000000000000e+00 0.000000000000000000e+00 1.336827480624566966e-01 2.284865428466266446e-01
5.300000000000000000e+02 2.675708336466179338e-01 2.896986402097774804e-01 0.000000000000000000e+00 0.000000000000000000e+00 1.431280476121381817e-01 1.665479490773647264e-01
5.350000000000000000e+02 3.757706467540481432e-01 3.037122747264267009e-01 0.000000000000000000e+00 0.000000000000000000e+00 1.445043303103494270e-01 1.362472666214935846e-01
5.400000000000000000e+02 2.545077043089479796e-01 1.541122075214055587e-01 0.000000000000000000e+00 0.000000000000000000e+00 2.275072764822246851e-01 1.617378233785786157e-01
5.450000000000000000e+02 5.850793053895697593e-02 2.213465445755398164e-01 0.000000000000000000e+00 0.000000000000000000e+00 1.217326665877427883e-01 2.451913173117859501e-01
5.500000000000000000e+02 1.884634325115918108e-01 3.697823779792489551e-01 0.000000000000000000e+00 0.000000000000000000e+00 1.781042827452384292e-01 2.090751687092194389e-01
5.550000000000000000e+02 2.890456179871814246e-01 1.121705098516908583e-01 0.000000000000000000e+00 0.000000000000000000e+00 1.961977583888244170e-01 1.877821880719638403e-01
5.600000000000000000e+02 4.223856403119096159e-01 2.444526717660253645e-01 0.000000000000000000e+00 0.000000000000000000e+00 2.133256612700794863e-01 1.813947177760368568e-01
5.650000000000000000e+02 3.078129746799621036e-01 4.688361230903622112e-01 0.000000000000000000e+00 0.000000000000000000e+00 9.431906203104373221e-02 1.452038730555096080e-01
5.700000000000000000e+02 2.650598856572847772e-01 3.434403659732874203e-01 0.000000000000000000e+00 0.000000000000000000e+00 2.734616504612343846e-01 1.616503710173805286e-01
5.750000000000000000e+02 3.982907050717580666e-01 3.166173846334762731e-01 0.000000000000000000e+00 0.000000000000000000e+00 1.660820353905966829e-01 1.226149176512942029e-01
5.800000000000000000e+02 3.097973182726412866e-01 2.638228657356363471e-01 0.000000000000000000e+00 0.000000000000000000e+00 1.744416913276495562e-01 1.217026188080392174e-01
5.850000000000000000e+02 2.022114998877412584e-01 2.318346820633246375e-01 0.000000000000000000e+00 0.000000000000000000e+00 2.302290541521241907e-01 1.580213360109212206e-01
5.900000000000000000e+02 2.605032122399691952e-01 2.832117679494092211e-01 0.000000000000000000e+00 0.000000000000000000e+00 1.475395100252507308e-01 2.043991595332957101e-01
5.950000000000000000e+02 2.323472058275193874e-01 1.116329369032137836e-01 0.000000000000000000e+00 0.000000000000000000e+00 1.835720225771321767e-01 1.122034933046780203e-01
6.000000000000000000e+02 2.598855248965458165e-01 1.930187628529817512e-01 0.000000000000000000e+00 0.000000000000000000e+00 1.328999926633540329e-01 2.158621513956811289e-01
6.050000000000000000e+02 2.420206174587563319e-01 3.261322962566695627e-01 0.000000000000000000e+00 0.000000000000000000e+00 1.832578739271016888e-01 1.408048889266818038e-01
6.100000000000000000e+02 3.305311215116872314e-01 3.494013438294324425e-01 0.000000000000000000e+00 0.000000000000000000e+00 1.798558787049832353e-01 2.350119310542718443e-01
6.150000000000000000e+02 2.328682719221386588e-01 1.889121359873761896e-01 0.000000000000000000e+00 0.000000000000000000e+00 1.830808700929147936e-01 1.567043188324820924e-01
6.200000000000000000e+02 2.580698835026867810e-01 1.158476547230054415e-01 0.000000000000000000e+00 0.000000000000000000e+00 1.622241901174144851e-01 1.861328319327298086e-01
6.250000000000000000e+02 2.316114306049819049e-01 1.974285512499554807e-01 0.000000000000000000e+00 0.000000000000000000e+00 1.844775924217867957e-01 1.707546053074792680e-01
6.300000000000000000e+02 2.958474696154050898e-01 3.314641011902109691e-01 0.000000000000000000e+00 0.000000000000000000e+00 1.804221064285460585e-01 2.543617347720701916e-01
6.350000000000000000e+02 3.316422882884603185e-01 3.708882110871817295e-01 0.000000000000000000e+00 0.000000000000000000e+00 1.924970331589264394e-01 1.533303683103635906e-01
6.400000000000000000e+02 2.762134990161195791e-01 1.879812364986576667e-01 0.000000000000000000e+00 0.000000000000000000e+00 8.477442294643276754e-02 1.636498288663609524e-01
6.450000000000000000e+02 1.490224747013574880e-01 3.199255282572355252e-01 0.000000000000000000e+00 0.000000000000000000e+00 1.271119802404284682e-01 1.963603404771368521e-01
6.500000000000000000e+02 4.310202804180246483e-01 2.838755074880933149e-01 0.000000000000000000e+00 0.000000000000000000e+00 1.659651414202704678e-01 3.327346492347029727e-01
6.550000000000000000e+02 3.683093869541268495e-01 2.583812440585875336e-01 0.000000000000000000e+00 0.000000000000000000e+00 1.277421413884271273e-01 1.364300917782290956e-01
6.600000000000000000e+02 3.076762042008777120e-01 2.157097025151872849e-01 0.000000000000000000e+00 0.000000000000000000e+00 8.967831275794971302e-02 2.218403715991532632e-01
6.650000000000000000e+02 3.263026783637287265e-01 2.690021172073234768e-01 0.000000000000000000e+00 0.000000000000000000e+00 1.126416564343355187e-01 1.432378602601424855e-01
6.700000000000000000e+02 3.852473689415342184e-01 2.671693514970277517e-01 0.000000000000000000e+00 0.000000000000000000e+00 1.760817273507612746e-01 2.051436014206055314e-01
6.750000000000000000e+02 1.914084172191667377e-01 2.745329364525851412e-01 0.000000000000000000e+00 0.000000000000000000e+00 1.645147616226819154e-01 1.672892247707042646e-01
6.800000000000000000e+02 3.245364423648936514e-01 1.870294575810930726e-01 0.000000000000000000e+00 0.000000000000000000e+00 1.207677543202307219e-01 1.882419047353210972e-01
6.850000000000000000e+02 2.450102778740454457e-01 2.465994488713922905e-01 0.000000000000000000e+00 0.000000000000000000e+00 1.217345310598178659e-01 1.298035491088178894e-01
6.900000000000000000e+02 3.150579343050746162e-01 2.017373708372217911e-01 0.000000000000000000e+00 0.000000000000000000e+00 1.607401787873128651e-01 1.983781798439320510e-01
6.950000000000000000e+02 1.654429117622610579e-01 2.216948130595359223e-01 0.000000000000000000e+00 0.000000000000000000e+00 1.833043054082930112e-01 1.595799924928397173e-01
7.000000000000000000e+02 3.248475004770284835e-02 3.144486113820443851e-01 0.000000000000000000e+00 0.000000000000000000e+00 1.021982291510847157e-01 1.434180893013040914e-01
7.050000000000000000e+02 1.034399055888159460e-02 3.185357786342513098e-01 0.000000000000000000e+00 0.000000000000000000e+00 1.030721705567511082e-01 1.947292172594597692e-01
7.100000000000000000e+02 2.596860926666706981e-01 1.954836777933212921e-01 0.000000000000000000e+00 0.000000000000000000e+00 7.523618867895978668e-02 1.238352145530757786e-01
7.150000000000000000e+02 2.015212671968510116e-01 2.236496267361090806e-01 0.000000000000000000e+00 0.000000000000000000e+00 1.199452373845349279e-01 1.022634108506298573e-01
7.200000000000000000e+02 9.809426739009053167e-03 1.495357401063298342e-01 0.000000000000000000e+00 0.000000000000000000e+00 1.368493162475492575e-01 1.383731111804143155e-01
7.250000000000000000e+02 2.052865945338119003e-01 3.173692808619555383e-01 0.000000000000000000e+00 0.000000000000000000e+00 1.249751052523543071e-01 1.809500294635014717e-01
7.300000000000000000e+02 1.732446188254548325e-01 4.371927583410950002e-01 0.000000000000000000e+00 0.000000000000000000e+00 1.117367826259524632e-01 1.810385907838517050e-01
7.350000000000000000e+02 8.510592452469598057e-02 1.147334691165724924e-01 0.000000000000000000e+00 0.000000000000000000e+00 1.149304367808132166e-01 1.016845215281467485e-01
7.400000000000000000e+02 4.427066121729560100e-02 1.612606411824848707e-01 0.000000000000000000e+00 0.000000000000000000e+00 1.376131431686483386e-01 1.809791726145926205e-01
7.450000000000000000e+02 1.486588039756561730e-01 4.578272821437935347e-01 0.000000000000000000e+00 0.000000000000000000e+00 1.843338091846370708e-01 2.115493327066130802e-01
7.500000000000000000e+02 2.518062625302372459e-01 2.112970352786769923e-01 0.000000000000000000e+00 0.000000000000000000e+00 1.407722914616442167e-01 2.216835771498711360e-01
7.550000000000000000e+02 3.250578162239040614e-01 3.265632681778602997e-01 0.000000000000000000e+00 0.000000000000000000e+00 1.986713872143035520e-01 1.802482881646621793e-01
7.600000000000000000e+02 1.418535906250154542e-02 3.833310379824542147e-01 0.000000000000000000e+00 0.000000000000000000e+00 2.134196124381474227e-02 1.668370132664768191e-01
7.650000000000000000e+02 2.350215399325414067e-01 1.793430198910070106e-01 0.000000000000000000e+00 0.000000000000000000e+00 9.948236357595763302e-02 1.882879127941146646e-01
7.700000000000000000e+02 1.260998964645488329e-01 2.640112664650159369e-01 0.000000000000000000e+00 0.000000000000000000e+00 1.341323163777953242e-01 1.763564212715121593e-01
7.750000000000000000e+02 1.820965680119583374e-01 2.253951401839004443e-01 0.000000000000000000e+00 0.000000000000000000e+00 1.584708392213483030e-01 1.269301572399181011e-01
7.800000000000000000e+02 1.155894064235460095e-01 2.522789158130630538e-01 0.000000000000000000e+00 0.000000000000000000e+00 1.272398393401006356e-01 1.567507439211027198e-01
7.850000000000000000e+02 1.774973008882181902e-01 2.442865094980308793e-01 0.000000000000000000e+00 0.000000000000000000e+00 7.828400050789260933e-02 1.262557356399964803e-01
7.900000000000000000e+02 1.802436535250836191e-01 1.769398795312176476e-01 0.000000000000000000e+00 0.000000000000000000e+00 1.237052605929536558e-01 1.408812581327435753e-01
7.950000000000000000e+02 9.903321367880632553e-02 1.929184510832835098e-01 0.000000000000000000e+00 0.000000000000000000e+00 7.111657574995537689e-02 6.738562403803589895e-02
8.000000000000000000e+02 9.563257189880983167e-02 2.026826668563135869e-01 0.000000000000000000e+00 0.000000000000000000e+00 1.484080015434477984e-01 1.427638552729816046e-01
8.050000000000000000e+02 2.129763963230762447e-01 2.090904775002749294e-01 0.000000000000000000e+00 0.000000000000000000e+00 1.298811149066498027e-01 1.424286874466478281e-01
8.100000000000000000e+02 1.426998897639175923e-01 1.775234505262565654e-01 0.000000000000000000e+00 0.000000000000000000e+00 7.670968068186659328e-02 1.253947737573168908e-01
8.150000000000000000e+02 1.553715279899947621e-01 4.284363349917943431e-01 0.000000000000000000e+00 0.000000000000000000e+00 1.276620744866699408e-01 1.600026177825492057e-01
8.200000000000000000e+02 6.172941973366981999e-02 1.515592097553170869e-01 0.000000000000000000e+00 0.000000000000000000e+00 1.184448178168440585e-01 2.341891567552833453e-01
8.250000000000000000e+02 6.485143270535673188e-02 1.753489769483924099e-01 0.000000000000000000e+00 0.000000000000000000e+00 9.864635473785030029e-02 1.334612486462392056e-01
8.300000000000000000e+02 1.269129154003967863e-01 2.604736960613053820e-01 0.000000000000000000e+00 0.000000000000000000e+00 5.693243496026007683e-02 1.596944489457471361e-01
8.350000000000000000e+02 1.597783663415738298e-01 3.723016107750162784e-01 0.000000000000000000e+00 0.000000000000000000e+00 1.134771328257256073e-01 1.718479300967410972e-01
8.400000000000000000e+02 1.235063044365699997e-01 3.589446290744019441e-01 0.000000000000000000e+00 0.000000000000000000e+00 1.636081905737039599e-01 1.632744368430625592e-01
8.450000000000000000e+02 3.535556769561259971e-02 9.605253061775531620e-02 0.000000000000000000e+00 0.000000000000000000e+00 1.037353185646323617e-01 6.663990433321624607e-02
8.500000000000000000e+02 2.286576264879348896e-01 1.082691764030650344e-01 0.000000000000000000e+00 0.000000000000000000e+00 1.108831521035740370e-01 1.518364492298316659e-01
8.550000000000000000e+02 4.646852202964810163e-02 1.565736733392910363e-01 0.000000000000000000e+00 0.000000000000000000e+00 1.730187303091633433e-01 1.762801410254375978e-01
8.600000000000000000e+02 1.450161162818555888e-03 2.528345973048964912e-01 0.000000000000000000e+00 0.000000000000000000e+00 3.083180728991102328e-03 9.341052547813560869e-02
8.650000000000000000e+02 0.000000000000000000e+00 1.212710144139540064e-01 0.000000000000000000e+00 0.000000000000000000e+00 0.000000000000000000e+00 1.679330080200049646e-01
8.700000000000000000e+02 1.439075884357116433e-02 1.967218461472382551e-01 0.000000000000000000e+00 0.000000000000000000e+00 1.731376687713596374e-01 1.716084047285257874e-01
8.750000000000000000e+02 3.631419152793979310e-01 1.979129585675183933e-01 0.000000000000000000e+00 0.000000000000000000e+00 1.417514157452991197e-01 9.321329566497620067e-02
8.800000000000000000e+02 2.373940133393279694e-01 6.289966849893058320e-02 0.000000000000000000e+00 0.000000000000000000e+00 1.433246728073858389e-01 5.586452765599975862e-02
8.850000000000000000e+02 9.870341632620051320e-02 5.973758855359598968e-02 0.000000000000000000e+00 0.000000000000000000e+00 6.819802547486301936e-02 4.510416228939364419e-02
8.900000000000000000e+02 1.366615281456842190e-01 1.573547070311314688e-01 0.000000000000000000e+00 0.000000000000000000e+00 1.277578860487642853e-01 1.030627280657691741e-01
8.950000000000000000e+02 2.697164714263785429e-02 9.732529775445133979e-02 0.000000000000000000e+00 0.000000000000000000e+00 1.004826005350044488e-01 1.532502324743811040e-01
9.000000000000000000e+02 4.938638733277711523e-02 2.048482070433621516e-01 0.000000000000000000e+00 0.000000000000000000e+00 1.347213247964275940e-01 9.138101438611842542e-02
9.050000000000000000e+02 2.784143420470459526e-02 1.074660280354359232e-01 0.000000000000000000e+00 0.000000000000000000e+00 8.325628329510907644e-02 8.504001652652970478e-02
9.100000000000000000e+02 5.020880918863925707e-02 5.478916380400507963e-02 0.000000000000000000e+00 0.000000000000000000e+00 7.463124368555348886e-02 5.869896078332478145e-02
9.150000000000000000e+02 2.143049324721998106e-01 1.831105874302898784e-01 0.000000000000000000e+00 0.000000000000000000e+00 8.237791113503138696e-02 1.135389220559659268e-01
9.200000000000000000e+02 5.466628752677175213e-02 3.400958265447154849e-01 0.000000000000000000e+00 0.000000000000000000e+00 8.921060552224018003e-02 1.025679899873993134e-01
9.250000000000000000e+02 2.418927192542727200e-01 2.484588845437843418e-01 0.000000000000000000e+00 0.000000000000000000e+00 1.627794789019355315e-01 1.616879914858248835e-01
9.300000000000000000e+02 2.154248707934601492e-01 0.000000000000000000e+00 0.000000000000000000e+00 0.000000000000000000e+00 1.298259833754483450e-01 0.000000000000000000e+00
9.350000000000000000e+02 1.659844203743417873e-02 1.619593947726609973e-01 0.000000000000000000e+00 0.000000000000000000e+00 1.639552875154134948e-01 1.131927340073597826e-01
9.400000000000000000e+02 9.863048629812372348e-02 1.253199962089970865e-01 0.000000000000000000e+00 0.000000000000000000e+00 1.104747662390262453e-01 1.204873162328139874e-01
9.450000000000000000e+02 1.938923604473751783e-01 1.783924469658189627e-01 0.000000000000000000e+00 0.000000000000000000e+00 1.496622015421289476e-01 1.724217388580328303e-01
9.500000000000000000e+02 7.698683850536028328e-02 3.088283472911998451e-01 0.000000000000000000e+00 0.000000000000000000e+00 7.504489580082891742e-02 1.257389149003620976e-01
9.550000000000000000e+02 2.291360598421154360e-01 2.907747417448364735e-01 0.000000000000000000e+00 0.000000000000000000e+00 1.488592413136418102e-01 1.813000626446280572e-01
9.600000000000000000e+02 1.745777211834902837e-02 1.983910413761797165e-01 0.000000000000000000e+00 0.000000000000000000e+00 1.662760232573255170e-01 1.245480070227426295e-01
9.650000000000000000e+02 0.000000000000000000e+00 1.371194910758491980e-01 0.000000000000000000e+00 0.000000000000000000e+00 0.000000000000000000e+00 1.649432713427439468e-01
9.700000000000000000e+02 5.697680195792596131e-02 5.456292913312158627e-02 0.000000000000000000e+00 0.000000000000000000e+00 6.094688213512791664e-02 5.299886492266302901e-02
9.750000000000000000e+02 1.268054881099978798e-03 1.457061623162900221e-01 0.000000000000000000e+00 0.000000000000000000e+00 3.130930894898859961e-03 8.108498367961243514e-02
9.800000000000000000e+02 2.265894990958376987e-01 2.593866161949046623e-01 0.000000000000000000e+00 0.000000000000000000e+00 1.012765321385790951e-01 7.849691722802888683e-02
9.850000000000000000e+02 7.521620827976556456e-02 3.154687802472606051e-01 0.000000000000000000e+00 0.000000000000000000e+00 1.378931542599214632e-01 1.201800413721820227e-01
9.900000000000000000e+02 2.335155237962942623e-02 1.205056303877954232e-01 0.000000000000000000e+00 0.000000000000000000e+00 1.654376175237340096e-01 1.133993267177939440e-01
9.950000000000000000e+02 8.184455857501662934e-02 2.864096462759445072e-01 0.000000000000000000e+00 0.000000000000000000e+00 1.059761932220872060e-01 1.338896330534157797e-01
