0.000000000000000000e+00 0.000000000000000000e+00 0.000000000000000000e+00 0.000000000000000000e+00 0.000000000000000000e+00 0.000000000000000000e+00 0.000000000000000000e+00
5.000000000000000000e+00 1.012986221801668307e+00 6.730338736273782096e-01 0.000000000000000000e+00 0.000000000000000000e+00 2.686781061201740095e-01 1.841707704235847898e-01
1.000000000000000000e+01 9.273827263570858515e-01 4.602517409041592122e-01 0.000000000000000000e+00 0.000000000000000000e+00 2.246128834446703137e-01 1.816669814332193822e-01
1.500000000000000000e+01 8.707545804938421341e-01 5.053503103931309415e-01 1.000000000000000000e+00 0.000000000000000000e+00 1.610902820229470622e-01 1.795070858947519221e-01
2.000000000000000000e+01 9.972060048549498124e-01 7.782827448161218076e-01 1.000000000000000000e+00 1.000000000000000000e+00 2.186271271959253082e-01 1.593347000856129014e-01
2.500000000000000000e+01 6.199618133309674484e-01 6.070925721074782455e-01 0.000000000000000000e+00 0.000000000000000000e+00 2.346398602889786245e-01 1.785574741174103530e-01
3.000000000000000000e+01 8.407681880262055651e-01 5.841557049030590143e-01 0.000000000000000000e+00 0.000000000000000000e+00 2.070420371181511399e-01 1.961311518203670001e-01
3.500000000000000000e+01 7.026473927898958527e-01 7.267069516901758508e-01 0.000000000000000000e+00 0.000000000000000000e+00 1.635917503193721756e-01 1.812870733756153929e-01
4.000000000000000000e+01 5.932293202539569155e-01 6.606724757140036708e-01 0.000000000000000000e+00 0.000000000000000000e+00 1.605394981618494810e-01 1.992774870549366140e-01
4.500000000000000000e+01 8.531198465664082686e-01 6.437529725522596058e-01 0.000000000000000000e+00 0.000000000000000000e+00 2.436115158582254636e-01 1.503899076274922142e-01
5.000000000000000000e+01 9.091238719154433046e-01 6.205278808976492089e-01 1.000000000000000000e+00 0.000000000000000000e+00 2.044696430323529324e-01 1.894404438325313078e-01
5.500000000000000000e+01 5.877163252567609852e-01 6.973893589463637799e-01 0.000000000000000000e+00 0.000000000000000000e+00 1.738132898787684844e-01 2.288604146071679390e-01
6.000000000000000000e+01 6.435713892184016238e-01 3.878535287984518076e-01 0.000000000000000000e+00 0.000000000000000000e+00 2.453894745884097062e-01 2.194920965432852200e-01
6.500000000000000000e+01 6.150070961689154680e-01 6.749425315371446743e-01 0.000000000000000000e+00 0.000000000000000000e+00 1.561399219303490626e-01 1.962990234035780768e-01
7.000000000000000000e+01 7.000786035506484373e-01 7.961564870192355814e-01 1.000000000000000000e+00 0.000000000000000000e+00 1.586382429826667662e-01 2.280513839841374624e-01
7.500000000000000000e+01 7.016474101081164871e-01 7.140339716448412810e-01 1.000000000000000000e+00 0.000000000000000000e+00 1.586660807086300584e-01 1.972615793824684383e-01
8.000000000000000000e+01 6.292952590700420235e-01 6.031427225714810492e-01 0.000000000000000000e+00 0.000000000000000000e+00 1.631023203566880075e-01 2.200857369086003656e-01
8.500000000000000000e+01 8.699576383057564533e-01 6.246168558050513298e-01 1.000000000000000000e+00 0.000000000000000000e+00 1.872657946569398213e-01 1.873512523352201531e-01
9.000000000000000000e+01 8.393491581396531620e-01 6.239549701537087101e-01 1.000000000000000000e+00 0.000000000000000000e+00 1.881363920202256956e-01 2.772703246165939550e-01
9.500000000000000000e+01 6.521376076697638080e-01 6.788915398244204091e-01 0.000000000000000000e+00 0.000000000000000000e+00 2.153151702165133630e-01 2.468966942057173319e-01
1.000000000000000000e+02 7.435034362148899012e-01 7.403234630397642624e-01 0.000000000000000000e+00 0.000000000000000000e+00 1.741969072110579331e-01 1.834807035131057751e-01
1.050000000000000000e+02 8.053124116628478379e-01 6.719169904583914832e-01 0.000000000000000000e+00 0.000000000000000000e+00 1.953686122966373229e-01 2.406092453409861831e-01
1.100000000000000000e+02 8.437993531138460179e-01 5.683165761866366683e-01 0.000000000000000000e+00 0.000000000000000000e+00 2.372829439507299076e-01 2.127028463072260789e-01
1.150000000000000000e+02 4.312918027186873893e-01 8.221369286143123123e-01 0.000000000000000000e+00 1.000000000000000000e+00 1.651570663015339557e-01 1.767947429760174383e-01
1.200000000000000000e+02 5.886590984390971393e-01 7.177373165116845977e-01 1.000000000000000000e+00 0.000000000000000000e+00 1.318113978539527942e-01 2.110689207574117932e-01
1.250000000000000000e+02 6.491121373776376213e-01 5.456365777714866638e-01 0.000000000000000000e+00 0.000000000000000000e+00 2.695196819406717736e-01 1.927768204795959062e-01
1.300000000000000000e+02 5.620985451790000420e-01 5.479479545937256946e-01 0.000000000000000000e+00 0.000000000000000000e+00 1.980171225511143107e-01 2.346560453074016117e-01
1.350000000000000000e+02 4.129026777907318646e-01 7.946655539647816680e-01 0.000000000000000000e+00 0.000000000000000000e+00 2.041093510759762752e-01 2.459833565767478025e-01
1.400000000000000000e+02 9.249587035884878627e-01 6.097008750968307966e-01 1.000000000000000000e+00 0.000000000000000000e+00 1.913710006127198604e-01 2.479839072273935519e-01
1.450000000000000000e+02 6.993945696605129436e-01 6.373187086166862692e-01 1.000000000000000000e+00 0.000000000000000000e+00 1.562650880588364044e-01 2.884390548956514144e-01
1.500000000000000000e+02 5.851831601457876397e-01 6.103490258481275577e-01 0.000000000000000000e+00 0.000000000000000000e+00 1.621416135730591734e-01 1.557491495191089814e-01
1.550000000000000000e+02 4.971306401933056618e-01 5.991168568037988917e-01 0.000000000000000000e+00 0.000000000000000000e+00 1.463908677942242498e-01 2.695180295046546437e-01
1.600000000000000000e+02 4.996578745804700072e-01 7.892257021580058041e-01 0.000000000000000000e+00 0.000000000000000000e+00 2.226805065304116316e-01 2.315509946004704334e-01
1.650000000000000000e+02 7.089632028551389187e-01 6.217456045662088648e-01 0.000000000000000000e+00 0.000000000000000000e+00 2.010775251973345723e-01 1.890194684157961436e-01
1.700000000000000000e+02 5.383999028829492550e-01 4.534110612803751161e-01 0.000000000000000000e+00 0.000000000000000000e+00 2.109470644659026395e-01 1.891542766441014212e-01
1.750000000000000000e+02 7.643076107236692618e-01 8.478206508572257993e-01 0.000000000000000000e+00 0.000000000000000000e+00 1.860122806157000486e-01 2.701097327639907508e-01
1.800000000000000000e+02 5.689059106495746310e-01 7.058987406961615418e-01 0.000000000000000000e+00 0.000000000000000000e+00 1.976004105778660924e-01 2.008477291890408134e-01
1.850000000000000000e+02 7.752498382636188179e-01 8.529220282218086258e-01 0.000000000000000000e+00 0.000000000000000000e+00 3.031396275169467858e-01 2.825460966509857341e-01
1.900000000000000000e+02 7.156542876210588711e-01 7.107624390707384388e-01 0.000000000000000000e+00 0.000000000000000000e+00 2.105260653097699441e-01 2.074120109984028681e-01
1.950000000000000000e+02 4.614586128851531077e-01 8.131209799804466343e-01 0.000000000000000000e+00 0.000000000000000000e+00 1.946893584620919271e-01 2.771285764652660633e-01
2.000000000000000000e+02 6.776355452806142043e-01 4.154836751463966138e-01 0.000000000000000000e+00 0.000000000000000000e+00 2.649118519546820316e-01 2.187503151461683837e-01
2.050000000000000000e+02 8.164198297149829475e-01 7.746079736299159579e-01 0.000000000000000000e+00 0.000000000000000000e+00 2.365386733205938063e-01 1.954980229881207454e-01
2.100000000000000000e+02 6.281290017314322682e-01 6.268324916786544021e-01 0.000000000000000000e+00 0.000000000000000000e+00 2.328856662811867317e-01 2.377417419078171057e-01
2.150000000000000000e+02 9.019195036036320445e-01 7.652441101177902549e-01 0.000000000000000000e+00 0.000000000000000000e+00 2.325994671363955657e-01 2.792962396016642201e-01
2.200000000000000000e+02 4.702163521140616531e-01 5.497124481057518164e-01 0.000000000000000000e+00 0.000000000000000000e+00 1.865157159485789640e-01 2.196435518538606690e-01
2.250000000000000000e+02 7.155391694479835696e-01 5.625023431015114816e-01 0.000000000000000000e+00 0.000000000000000000e+00 2.493008190381925948e-01 2.625044586767918409e-01
2.300000000000000000e+02 6.513740785777543119e-01 5.794460953353641752e-01 0.000000000000000000e+00 0.000000000000000000e+00 2.775686369133449349e-01 3.007975213140445248e-01
2.350000000000000000e+02 6.770922185578054364e-01 4.843742665859800955e-01 0.000000000000000000e+00 0.000000000000000000e+00 1.903344882819842376e-01 3.152928240298795148e-01
2.400000000000000000e+02 6.140037440902663679e-01 4.769493418214884040e-01 0.000000000000000000e+00 0.000000000000000000e+00 2.537870204317759226e-01 1.825976427375849143e-01
2.450000000000000000e+02 6.260785595494375855e-01 6.600142170140281817e-01 0.000000000000000000e+00 0.000000000000000000e+00 1.944474288853110522e-01 2.886472627605375374e-01
2.500000000000000000e+02 6.484371833804914997e-01 5.669381637346437852e-01 0.000000000000000000e+00 0.000000000000000000e+00 2.329339929780898377e-01 2.109577723304895680e-01
2.550000000000000000e+02 6.442898729123711643e-01 5.354970260201252774e-01 0.000000000000000000e+00 0.000000000000000000e+00 1.572939716927820863e-01 3.173626563676013590e-01
2.600000000000000000e+02 5.995259993159139933e-01 5.877290023169323696e-01 0.000000000000000000e+00 0.000000000000000000e+00 2.587332751776570960e-01 1.929186976493437733e-01
2.650000000000000000e+02 6.006913694767560541e-01 6.344198069330574397e-01 0.000000000000000000e+00 0.000000000000000000e+00 2.009895026749509428e-01 3.103412488120579904e-01
2.700000000000000000e+02 5.273838067209369873e-01 5.113783576649353346e-01 0.000000000000000000e+00 0.000000000000000000e+00 2.101730771115496166e-01 2.943852362807414802e-01
2.750000000000000000e+02 6.289202201434717088e-01 6.063624405368830406e-01 0.000000000000000000e+00 0.000000000000000000e+00 1.881588696743321798e-01 3.070662248439639530e-01
2.800000000000000000e+02 5.951431018356447833e-01 4.484938518351328507e-01 0.000000000000000000e+00 0.000000000000000000e+00 2.251463995501568338e-01 2.109739294231402496e-01
2.850000000000000000e+02 7.743992726856492315e-01 5.984272590527788260e-01 0.000000000000000000e+00 0.000000000000000000e+00 2.119968151747228802e-01 2.897898758249899953e-01
2.900000000000000000e+02 6.438739250321817709e-01 6.271659816017247646e-01 0.000000000000000000e+00 0.000000000000000000e+00 2.073673638538775787e-01 2.273354908294384635e-01
2.950000000000000000e+02 5.820643522082342702e-01 7.368006437486073201e-01 0.000000000000000000e+00 0.000000000000000000e+00 2.300620784139228159e-01 2.758642142844863199e-01
3.000000000000000000e+02 4.381300396477963988e-01 5.007967034887831348e-01 0.000000000000000000e+00 0.000000000000000000e+00 1.974405984770213895e-01 2.087858482738113308e-01
3.050000000000000000e+02 7.580883075576207997e-01 5.759153420795699585e-01 1.000000000000000000e+00 0.000000000000000000e+00 1.505557523932099517e-01 1.496004017237234640e-01
3.100000000000000000e+02 5.413699575664441266e-01 7.799596484342339320e-01 0.000000000000000000e+00 0.000000000000000000e+00 1.555288634503934897e-01 1.849087791813820436e-01
3.150000000000000000e+02 4.119924475400488784e-01 5.943125737987259294e-01 0.000000000000000000e+00 0.000000000000000000e+00 1.213592988669747880e-01 2.634812995724885032e-01
3.200000000000000000e+02 6.213143907453403392e-01 3.801874219588229908e-01 0.000000000000000000e+00 0.000000000000000000e+00 2.078059221772296794e-01 1.513604248281004427e-01
3.250000000000000000e+02 8.343736947255934178e-01 5.144541590048119506e-01 0.000000000000000000e+00 1.000000000000000000e+00 2.305784115033875648e-01 1.021103116886206974e-01
3.300000000000000000e+02 6.373023508889070765e-01 3.410352582047213033e-01 0.000000000000000000e+00 0.000000000000000000e+00 2.715206944955346757e-01 1.902135064869924230e-01
3.350000000000000000e+02 5.312648484404348670e-01 3.572323033646541690e-01 0.000000000000000000e+00 0.000000000000000000e+00 2.149886811560789701e-01 2.215878526711884677e-01
3.400000000000000000e+02 5.799538368861121285e-01 3.515920079433615397e-01 0.000000000000000000e+00 0.000000000000000000e+00 1.562969128076221736e-01 1.861875759811557063e-01
3.450000000000000000e+02 4.115349869304884001e-01 3.917950943729893165e-01 0.000000000000000000e+00 0.000000000000000000e+00 1.157802322593031452e-01 1.679641209081454978e-01
3.500000000000000000e+02 5.524533896645171804e-01 3.982576572825645700e-01 0.000000000000000000e+00 0.000000000000000000e+00 1.703851704284639890e-01 2.664222352761630441e-01
3.550000000000000000e+02 5.269993562134065446e-01 4.253879170290902900e-01 0.000000000000000000e+00 0.000000000000000000e+00 2.325329255141097284e-01 2.172218288230224059e-01
3.600000000000000000e+02 4.645170255493985545e-01 2.718480600426506633e-01 0.000000000000000000e+00 0.000000000000000000e+00 1.937354412856246155e-01 1.844775956844298126e-01
3.650000000000000000e+02 5.182001085807929064e-01 4.564721339440974690e-01 0.000000000000000000e+00 0.000000000000000000e+00 2.262814414862623635e-01 1.618325642257311403e-01
3.700000000000000000e+02 4.780272398619102026e-01 5.500463953618240920e-01 0.000000000000000000e+00 0.000000000000000000e+00 2.799482071776606684e-01 1.905167823098196656e-01
3.750000000000000000e+02 4.030105066634562805e-01 4.774438948487054191e-01 0.000000000000000000e+00 0.000000000000000000e+00 1.621427906332951752e-01 1.570629893455756654e-01
3.800000000000000000e+02 3.510548210497555499e-01 1.988276874284091444e-01 0.000000000000000000e+00 0.000000000000000000e+00 1.733813574621075049e-01 1.719794839036612732e-01
3.850000000000000000e+02 6.517843495453952141e-01 3.736980573142884010e-01 0.000000000000000000e+00 0.000000000000000000e+00 1.519452160516092665e-01 1.575197307954240844e-01
3.900000000000000000e+02 4.267987004918711302e-01 6.757353978001642281e-01 0.000000000000000000e+00 1.000000000000000000e+00 1.918346671732978070e-01 9.663608029465449445e-02
3.950000000000000000e+02 3.996484507373983530e-01 2.660199137103677058e-01 0.000000000000000000e+00 0.000000000000000000e+00 1.724813624035799742e-01 1.402140588014806066e-01
4.000000000000000000e+02 6.035387613428901954e-01 3.429678557079082202e-01 0.000000000000000000e+00 0.000000000000000000e+00 2.385535783724496428e-01 1.344202292554392553e-01
4.050000000000000000e+02 4.242997260336610066e-01 4.339142362848966705e-01 0.000000000000000000e+00 0.000000000000000000e+00 1.947591097265311266e-01 1.526663035745623731e-01
4.100000000000000000e+02 5.334355642491458438e-01 4.621835586887665381e-01 0.000000000000000000e+00 0.000000000000000000e+00 1.428793795661934540e-01 1.521661134037556595e-01
4.150000000000000000e+02 5.077485242534420795e-01 5.899771475670599896e-01 0.000000000000000000e+00 0.000000000000000000e+00 1.803641738973670861e-01 2.041817791517580305e-01
4.200000000000000000e+02 5.810209531957262197e-01 4.097330898836900603e-01 0.000000000000000000e+00 0.000000000000000000e+00 2.089047291386417482e-01 1.550578455677606438e-01
4.250000000000000000e+02 4.151664381337241139e-01 3.761132666821757065e-01 0.000000000000000000e+00 0.000000000000000000e+00 1.559616771104408162e-01 1.276736710061139590e-01
4.300000000000000000e+02 3.621664689347633415e-01 5.294704129018137362e-01 0.000000000000000000e+00 0.000000000000000000e+00 2.299303675879935394e-01 2.328748431726016532e-01
4.350000000000000000e+02 5.012365318854239415e-01 3.553010591659293560e-01 0.000000000000000000e+00 0.000000000000000000e+00 1.460501424681349691e-01 2.152795239372343739e-01
4.400000000000000000e+02 3.001287105065073013e-01 3.165070511155419486e-01 0.000000000000000000e+00 0.000000000000000000e+00 1.417272584978188088e-01 1.702230336368423524e-01
4.450000000000000000e+02 5.018980975154955226e-01 3.237250879029028305e-01 0.000000000000000000e+00 0.000000000000000000e+00 1.552017531677157003e-01 1.547816397549536815e-01
4.500000000000000000e+02 4.652761555801056548e-01 2.392738046746427094e-01 0.000000000000000000e+00 0.000000000000000000e+00 1.705546206456553804e-01 1.800893426261868380e-01
4.550000000000000000e+02 3.641538857942013818e-01 3.840164467042230245e-01 0.000000000000000000e+00 0.000000000000000000e+00 1.388267367378052952e-01 1.207092304340882660e-01
4.600000000000000000e+02 5.509756059752354274e-01 3.580760879454419898e-01 1.000000000000000000e+00 0.000000000000000000e+00 1.102759749011271856e-01 1.649948445495662275e-01
4.650000000000000000e+02 2.492109373914641601e-01 2.715055580848363403e-01 0.000000000000000000e+00 0.000000000000000000e+00 1.877748367679017982e-01 1.552491823819538985e-01
4.700000000000000000e+02 3.884901144580109600e-01 4.165007123692119895e-01 0.000000000000000000e+00 0.000000000000000000e+00 1.461219270831670691e-01 1.339657770633690403e-01
4.750000000000000000e+02 2.996290965862667410e-01 3.649487472375414487e-01 0.000000000000000000e+00 0.000000000000000000e+00 1.347361176447628428e-01 2.116064367064064422e-01
4.800000000000000000e+02 5.896545043784408024e-01 3.682878044422475683e-01 0.000000000000000000e+00 0.000000000000000000e+00 1.614749259267233006e-01 1.808479824727335095e-01
4.850000000000000000e+02 3.536247076945573387e-01 2.211892565914576614e-01 0.000000000000000000e+00 0.000000000000000000e+00 1.672766978676143157e-01 1.610805617409278856e-01
4.900000000000000000e+02 3.436999433258349224e-01 2.753472701930188560e-01 0.000000000000000000e+00 0.000000000000000000e+00 1.565608557305780690e-01 1.704667157015215262e-01
4.950000000000000000e+02 4.397092741989899745e-01 1.910561736048304871e-01 0.000000000000000000e+00 0.000000000000000000e+00 1.242830868248777365e-01 1.872909991514517258e-01
5.000000000000000000e+02 3.650049589983038745e-01 9.691056154899932440e-02 0.000000000000000000e+00 0.000000000000000000e+00 2.430944394658937358e-01 2.048708764319214781e-01
5.050000000000000000e+02 2.259148148295638259e-01 3.211768148054138239e-01 0.000000000000000000e+00 0.000000000000000000e+00 1.006421072578082970e-01 2.041294688465255802e-01
5.100000000000000000e+02 4.523509437321838744e-01 4.108362750223352178e-01 0.000000000000000000e+00 0.000000000000000000e+00 2.017354836026341580e-01 1.653530220526813754e-01
5.150000000000000000e+02 3.064861522929386295e-01 4.707951147569861550e-01 0.000000000000000000e+00 0.000000000000000000e+00 1.880038598679583395e-01 1.434640680836763715e-01
5.200000000000000000e+02 2.267111288211935138e-01 4.429392084539568453e-01 0.000000000000000000e+00 0.000000000000000000e+00 2.304479120572201500e-01 1.422835341719303481e-01
5.250000000000000000e+02 2.501295164244160540e-01 4.536937241145359567e-01 0.000000000000000000e+00 0.000000000000000000e+00 1.523496882332603664e-01 2.258881948546401508e-01
5.300000000000000000e+02 3.879333514209238887e-01 4.565069051635498587e-01 0.000000000000000000e+00 0.000000000000000000e+00 2.171964625631706003e-01 1.558646683308519132e-01
5.350000000000000000e+02 2.945218920909392635e-01 3.398260125368924855e-01 0.000000000000000000e+00 0.000000000000000000e+00 1.536469962681371593e-01 1.530612121742209453e-01
5.400000000000000000e+02 2.972832260447810793e-01 3.088937300132278407e-01 0.000000000000000000e+00 0.000000000000000000e+00 1.119107711428823648e-01 1.601282931927715258e-01
5.450000000000000000e+02 3.638379738551795195e-01 3.121331403525192116e-01 0.000000000000000000e+00 0.000000000000000000e+00 1.244417346509868461e-01 1.087628899578685360e-01
5.500000000000000000e+02 2.593338885853796461e-01 3.808336273613593392e-01 0.000000000000000000e+00 0.000000000000000000e+00 1.648063971366390823e-01 2.229153975415787692e-01
5.550000000000000000e+02 4.577570395711720863e-01 2.660859883271976534e-01 0.000000000000000000e+00 0.000000000000000000e+00 2.022751128551989186e-01 1.450881404323004220e-01
5.600000000000000000e+02 4.470158742629689597e-01 2.857044093420279540e-01 0.000000000000000000e+00 0.000000000000000000e+00 1.344692796744050567e-01 2.327975229494891052e-01
5.650000000000000000e+02 2.620692923997068324e-01 3.245445013362704967e-01 0.000000000000000000e+00 0.000000000000000000e+00 1.130801430783834050e-01 1.540811746904651169e-01
5.700000000000000000e+02 2.634504978722314039e-01 5.503289735398890770e-01 0.000000000000000000e+00 0.000000000000000000e+00 1.400427184465399821e-01 2.319054398775275971e-01
5.750000000000000000e+02 2.403271821008896580e-01 2.743255398567691072e-01 0.000000000000000000e+00 0.000000000000000000e+00 1.207308702975913722e-01 1.035453295650356764e-01
5.800000000000000000e+02 2.028991893511092326e-01 1.030783488748614057e-01 0.000000000000000000e+00 0.000000000000000000e+00 1.718696529937906725e-01 1.457268549893465936e-01
5.850000000000000000e+02 3.712749205515475381e-01 2.072781073637305072e-01 0.000000000000000000e+00 0.000000000000000000e+00 1.176395682779174529e-01 1.707762313214839511e-01
5.900000000000000000e+02 3.058809764729182312e-01 2.318324369353130798e-01 0.000000000000000000e+00 0.000000000000000000e+00 2.862135659109458774e-01 2.007851962975323312e-01
5.950000000000000000e+02 3.918407085408104895e-01 1.082568105412155673e-01 0.000000000000000000e+00 0.000000000000000000e+00 1.419507909419937264e-01 1.811432606952684821e-01
6.000000000000000000e+02 1.938902609342427197e-01 2.179577217191566996e-01 0.000000000000000000e+00 0.000000000000000000e+00 1.663007925706166124e-01 2.223636251436666711e-01
6.050000000000000000e+02 1.907496994096467835e-01 1.159803855065892619e-01 0.000000000000000000e+00 0.000000000000000000e+00 1.576933277770939390e-01 1.276914573542229092e-01
6.100000000000000000e+02 2.452515444497422870e-01 3.029057602620873202e-01 0.000000000000000000e+00 0.000000000000000000e+00 1.522948446383498300e-01 1.484834230586346004e-01
6.150000000000000000e+02 3.341660745652822451e-01 2.874061215329422603e-01 0.000000000000000000e+00 0.000000000000000000e+00 1.381641534265547200e-01 1.113843836587365688e-01
6.200000000000000000e+02 4.542055573808339020e-01 3.349457961732336675e-01 0.000000000000000000e+00 0.000000000000000000e+00 1.205153506120120038e-01 1.587415981396210762e-01
6.250000000000000000e+02 2.957510710884890259e-01 3.453372198225811429e-01 0.000000000000000000e+00 0.000000000000000000e+00 1.616693077971247117e-01 2.033771789042421452e-01
6.300000000000000000e+02 2.580165030087365752e-01 1.291549144947830852e-01 0.000000000000000000e+00 0.000000000000000000e+00 1.515485507056743841e-01 1.131433033193668392e-01
6.350000000000000000e+02 3.147166320365677450e-01 3.516602207183309181e-01 0.000000000000000000e+00 0.000000000000000000e+00 2.284758399856645084e-01 1.545616976986761149e-01
6.400000000000000000e+02 3.331265054739967479e-01 3.196249303487357363e-01 0.000000000000000000e+00 0.000000000000000000e+00 1.407206785977518637e-01 1.336635502849152779e-01
6.450000000000000000e+02 3.660714170200127238e-01 1.527196064457586322e-01 0.000000000000000000e+00 0.000000000000000000e+00 1.551786489749877040e-01 2.035778205900529991e-01
6.500000000000000000e+02 2.211077564979703758e-01 2.897417355997620181e-01 0.000000000000000000e+00 0.000000000000000000e+00 1.596315774203965754e-01 2.343935498495508807e-01
6.550000000000000000e+02 7.394324213892133901e-02 2.576816097429065477e-01 0.000000000000000000e+00 0.000000000000000000e+00 4.406283994510626356e-02 1.682541614562326204e-01
6.600000000000000000e+02 2.217145507219703826e-01 3.912633271640757471e-01 0.000000000000000000e+00 0.000000000000000000e+00 1.671924483798639671e-01 1.958388990644985839e-01
6.650000000000000000e+02 2.241511200108639856e-01 2.744056219738887914e-01 0.000000000000000000e+00 0.000000000000000000e+00 1.045735201770113809e-01 1.908661850228777768e-01
6.700000000000000000e+02 2.024725611617327059e-01 2.479631095671147867e-01 0.000000000000000000e+00 0.000000000000000000e+00 1.455197276231458281e-01 1.899008746353890442e-01
6.750000000000000000e+02 3.199270874266787468e-01 5.373989070039197902e-01 0.000000000000000000e+00 1.000000000000000000e+00 1.331379007685131455e-01 1.154511616966458348e-01
6.800000000000000000e+02 4.772538190074397946e-01 2.308120844288271134e-01 0.000000000000000000e+00 0.000000000000000000e+00 2.091984878392428582e-01 1.427258608324858402e-01
6.850000000000000000e+02 2.080356769782958914e-01 2.650645086488264690e-01 0.000000000000000000e+00 0.000000000000000000e+00 1.292086895774376132e-01 8.056269266023147191e-02
6.900000000000000000e+02 3.832023337304749089e-01 1.944876664088187879e-01 0.000000000000000000e+00 0.000000000000000000e+00 1.457633572527629318e-01 1.522042399744152896e-01
6.950000000000000000e+02 1.639683484785756928e-01 3.404854142870111788e-01 0.000000000000000000e+00 0.000000000000000000e+00 1.028610781648019584e-01 1.402370632698080322e-01
7.000000000000000000e+02 3.100615659421552817e-01 2.002155407800048081e-01 0.000000000000000000e+00 0.000000000000000000e+00 1.306118219186494511e-01 8.250851299852197951e-02
7.050000000000000000e+02 3.121920939407784035e-01 2.140680789339405865e-01 0.000000000000000000e+00 0.000000000000000000e+00 2.302722517951976688e-01 1.669420921093342780e-01
7.100000000000000000e+02 2.409444269469547817e-01 1.705294935863246875e-01 0.000000000000000000e+00 0.000000000000000000e+00 1.388785887471385705e-01 1.514468558465545955e-01
7.150000000000000000e+02 4.146168828527042050e-01 1.473203749975841303e-01 0.000000000000000000e+00 0.000000000000000000e+00 2.248993069750759854e-01 1.649714642532234543e-01
7.200000000000000000e+02 3.381331033064324809e-01 2.034965552444150116e-01 0.000000000000000000e+00 0.000000000000000000e+00 2.007630714824711893e-01 1.899421230271581273e-01
7.250000000000000000e+02 3.034350330763961878e-01 2.357000629490764720e-01 0.000000000000000000e+00 0.000000000000000000e+00 1.516114909304923097e-01 1.523317813370236029e-01
7.300000000000000000e+02 1.718269520749311774e-01 2.691841295663536249e-01 0.000000000000000000e+00 0.000000000000000000e+00 1.905246077910401625e-01 1.644747718890862132e-01
7.350000000000000000e+02 2.218956987531774394e-01 8.942018221024221336e-02 0.000000000000000000e+00 0.000000000000000000e+00 1.359613867602530446e-01 9.614857883864867671e-02
7.400000000000000000e+02 2.905516848725765433e-01 9.216889921175451528e-02 0.000000000000000000e+00 0.000000000000000000e+00 1.401605598142982023e-01 2.079708766248606622e-01
7.450000000000000000e+02 2.650507225069025363e-01 1.601060991978623949e-01 0.000000000000000000e+00 0.000000000000000000e+00 1.342967348486078238e-01 2.091514915186922785e-01
7.500000000000000000e+02 3.586894006442835625e-01 2.607781720359471644e-01 0.000000000000000000e+00 0.000000000000000000e+00 1.577851930176408513e-01 1.775186463183734131e-01
7.550000000000000000e+02 2.871126015877478177e-01 2.049399427520046113e-01 0.000000000000000000e+00 0.000000000000000000e+00 1.950690124701185968e-01 1.282398580281809697e-01
7.600000000000000000e+02 1.394169018376350266e-01 3.583411774542961115e-01 0.000000000000000000e+00 0.000000000000000000e+00 1.246381378905069143e-01 1.323729654257115584e-01
7.650000000000000000e+02 2.009330046018864557e-01 1.311531071228990986e-01 0.000000000000000000e+00 0.000000000000000000e+00 1.093276166258113358e-01 2.254401717060058874e-01
7.700000000000000000e+02 3.008573226757406127e-01 4.032637939718479170e-01 0.000000000000000000e+00 0.000000000000000000e+00 1.660142160478897400e-01 1.611862922483698612e-01
7.750000000000000000e+02 1.725682770642859021e-01 2.616578156218400952e-01 0.000000000000000000e+00 0.000000000000000000e+00 1.039705861957099936e-01 1.126227886719514543e-01
7.800000000000000000e+02 2.351028464830021980e-01 3.097364145613581421e-01 0.000000000000000000e+00 0.000000000000000000e+00 1.544087241235976848e-01 1.217684708919576225e-01
7.850000000000000000e+02 2.809931286416644247e-01 2.282300453363324821e-01 0.000000000000000000e+00 0.000000000000000000e+00 7.433481447601410219e-02 1.149513043254478256e-01
7.900000000000000000e+02 1.059089744894803758e-01 1.718366023791808861e-01 0.000000000000000000e+00 0.000000000000000000e+00 1.569034666136691070e-01 8.180923139882839701e-02
7.950000000000000000e+02 1.470371470873833297e-01 2.049450656863937292e-01 0.000000000000000000e+00 0.000000000000000000e+00 9.058669296382973468e-02 9.661406130252402080e-02
8.000000000000000000e+02 3.295495347902931416e-01 1.428362147515953584e-01 0.000000000000000000e+00 0.000000000000000000e+00 1.103695148058671666e-01 8.815807548419916928e-02
8.050000000000000000e+02 1.243778433593163008e-01 9.070499143140373088e-02 0.000000000000000000e+00 0.000000000000000000e+00 1.646933245881717078e-01 1.027373548666424691e-01
8.100000000000000000e+02 2.957297066047533951e-01 1.067822544625209036e-01 0.000000000000000000e+00 0.000000000000000000e+00 1.540215351025250035e-01 1.430456936609335039e-01
8.150000000000000000e+02 1.197764207645656553e-01 3.296107759625082068e-01 0.000000000000000000e+00 0.000000000000000000e+00 1.098828055142438004e-01 1.083976452399780660e-01
8.200000000000000000e+02 1.062651348885681885e-01 9.544679063761751792e-02 0.000000000000000000e+00 0.000000000000000000e+00 1.260920576160813322e-01 7.439136853931713200e-02
8.250000000000000000e+02 2.328951891248253747e-01 1.395923097073058505e-01 0.000000000000000000e+00 0.000000000000000000e+00 9.237091162635890917e-02 1.166225356735740293e-01
8.300000000000000000e+02 2.042040240722269862e-01 4.211654158730435832e-02 0.000000000000000000e+00 0.000000000000000000e+00 1.178221176585990265e-01 1.246198024600613657e-01
8.350000000000000000e+02 3.294822832889570119e-01 1.854251689855359597e-01 0.000000000000000000e+00 0.000000000000000000e+00 1.321889147318413837e-01 1.219547282656078951e-01
8.400000000000000000e+02 1.956137308575504052e-01 3.192268967721843542e-01 0.000000000000000000e+00 0.000000000000000000e+00 1.370952022783815949e-01 1.543867963811717536e-01
8.450000000000000000e+02 1.634444962244094302e-01 2.230232815192735585e-01 0.000000000000000000e+00 0.000000000000000000e+00 1.391545582520024305e-01 1.128470211199131407e-01
8.500000000000000000e+02 4.176114223614931786e-01 3.130879260134397102e-01 0.000000000000000000e+00 0.000000000000000000e+00 1.351264093619307660e-01 1.545191298642782374e-01
8.550000000000000000e+02 1.908923606232617864e-01 2.676482305567442488e-01 0.000000000000000000e+00 0.000000000000000000e+00 1.455336779890921695e-01 1.338344642269276019e-01
8.600000000000000000e+02 1.561807315986509237e-01 3.772542211128843692e-01 0.000000000000000000e+00 0.000000000000000000e+00 2.148645446043910001e-01 1.388463462603699017e-01
8.650000000000000000e+02 1.868203963743571561e-01 2.601708906501796689e-02 0.000000000000000000e+00 0.000000000000000000e+00 1.588376221893080531e-01 1.411771858469556586e-02
8.700000000000000000e+02 5.767833600575244905e-03 1.303699935947134070e-01 0.000000000000000000e+00 0.000000000000000000e+00 9.969863753421177865e-02 1.049203399605920517e-01
8.750000000000000000e+02 2.365538281684876343e-01 2.714622338295386017e-01 0.000000000000000000e+00 0.000000000000000000e+00 1.565695843315106639e-01 1.087594218576390520e-01
8.800000000000000000e+02 2.380200773529340952e-01 3.790583576011804512e-01 0.000000000000000000e+00 0.000000000000000000e+00 1.239561397310656454e-01 1.017090943956668186e-01
8.850000000000000000e+02 2.392284363937106362e-01 6.471772904994901876e-02 0.000000000000000000e+00 0.000000000000000000e+00 1.187586249317454795e-01 1.588657393838158738e-01
8.900000000000000000e+02 2.310961635603586972e-01 1.693336208987537561e-01 0.000000000000000000e+00 0.000000000000000000e+00 1.032459252005950429e-01 1.364916585860976306e-01
8.950000000000000000e+02 2.408811341274802176e-01 1.934383346938756965e-01 0.000000000000000000e+00 0.000000000000000000e+00 9.531564573628986681e-02 1.255330336801694924e-01
9.000000000000000000e+02 1.629449051074420285e-01 2.785295396861788841e-01 0.000000000000000000e+00 0.000000000000000000e+00 1.510655380461574382e-01 1.132794523285542421e-01
9.050000000000000000e+02 2.323860934860549621e-01 1.652961222975809774e-01 0.000000000000000000e+00 0.000000000000000000e+00 1.471100369399289398e-01 1.620853166793222722e-01
9.100000000000000000e+02 2.066589601262792952e-01 2.664388897604826334e-01 0.000000000000000000e+00 0.000000000000000000e+00 1.224423854721722049e-01 1.856723184427302165e-01
9.150000000000000000e+02 2.446145266178972599e-01 3.193709862372313135e-01 0.000000000000000000e+00 0.000000000000000000e+00 1.473682782649833600e-01 2.015883109722401145e-01
9.200000000000000000e+02 1.319210274916352010e-01 3.420759353531955815e-01 0.000000000000000000e+00 0.000000000000000000e+00 1.130798952476189806e-01 1.284274963204720954e-01
9.250000000000000000e+02 1.522785307687332668e-01 7.359960184227654079e-02 0.000000000000000000e+00 0.000000000000000000e+00 1.988384405960086643e-01 1.236738852770860736e-01
9.300000000000000000e+02 2.919995891428803780e-01 2.400231379453747205e-01 0.000000000000000000e+00 0.000000000000000000e+00 1.358112782444808320e-01 1.257091563883188379e-01
9.350000000000000000e+02 2.373320122741131577e-01 1.945909249490179183e-01 0.000000000000000000e+00 0.000000000000000000e+00 1.071128240758944389e-01 1.326403862053309457e-01
9.400000000000000000e+02 2.601342521168866218e-01 4.137712408240360462e-01 0.000000000000000000e+00 0.000000000000000000e+00 1.710342570154200215e-01 1.390688081394896858e-01
9.450000000000000000e+02 1.803511781334637687e-01 2.854569132847205593e-01 0.000000000000000000e+00 0.000000000000000000e+00 1.779630662979292399e-01 1.159309548867607509e-01
9.500000000000000000e+02 2.137040407927634500e-01 1.845696612770415523e-01 0.000000000000000000e+00 0.000000000000000000e+00 1.419634006562508766e-01 1.342082696789634322e-01
9.550000000000000000e+02 3.018792349295243982e-01 3.360448698835946657e-01 0.000000000000000000e+00 0.000000000000000000e+00 1.005945443378854498e-01 1.758593471728182589e-01
9.600000000000000000e+02 1.487034793145611822e-01 1.348079090035013972e-01 0.000000000000000000e+00 0.000000000000000000e+00 1.488585019132895038e-01 6.682803458287239762e-02
9.650000000000000000e+02 3.593669968359712308e-01 1.956698549844631818e-01 0.000000000000000000e+00 0.000000000000000000e+00 1.304947452824286036e-01 1.555152203168397307e-01
9.700000000000000000e+02 1.199157472302439242e-01 1.167691447188981824e-01 0.000000000000000000e+00 0.000000000000000000e+00 1.161107698819458384e-01 1.783472012866681167e-01
9.750000000000000000e+02 3.204557808279517861e-01 1.707815521097439393e-01 0.000000000000000000e+00 0.000000000000000000e+00 1.470950072744930393e-01 1.363753775550231029e-01
9.800000000000000000e+02 2.018423855359490759e-01 1.290890890613041186e-01 0.000000000000000000e+00 0.000000000000000000e+00 1.419941344876667899e-01 1.848020513139317644e-01
9.850000000000000000e+02 2.107848722308331979e-01 3.622112746332525890e-01 0.000000000000000000e+00 0.000000000000000000e+00 1.132170500359916121e-01 8.946168380856404923e-02
9.900000000000000000e+02 4.061098261404315624e-01 6.209131216986341073e-02 0.000000000000000000e+00 0.000000000000000000e+00 1.073923468538713205e-01 1.230725582465631573e-01
9.950000000000000000e+02 2.075640339088507813e-01 2.963134225966579938e-01 0.000000000000000000e+00 0.000000000000000000e+00 1.475550828333164199e-01 1.671743694576242889e-01
