0.000000000000000000e+00 0.000000000000000000e+00 0.000000000000000000e+00 0.000000000000000000e+00 0.000000000000000000e+00 0.000000000000000000e+00 0.000000000000000000e+00
5.000000000000000000e+00 1.062745472315323569e+00 3.381382087032954731e-01 1.000000000000000000e+00 0.000000000000000000e+00 2.313448775259243917e-01 1.832277484733803030e-01
1.000000000000000000e+01 1.025519026001533884e+00 4.683143334222779619e-01 0.000000000000000000e+00 0.000000000000000000e+00 2.992269750132949269e-01 1.368903638239938880e-01
1.500000000000000000e+01 9.956815124334967848e-01 3.280120793832514425e-01 1.000000000000000000e+00 0.000000000000000000e+00 1.677639403932439932e-01 1.693721271368318348e-01
2.000000000000000000e+01 1.198591452156810400e+00 6.075239952535238519e-01 1.000000000000000000e+00 0.000000000000000000e+00 2.530033547963971841e-01 1.966195369005422633e-01
2.500000000000000000e+01 7.922022601635464456e-01 4.547890681558148240e-01 0.000000000000000000e+00 0.000000000000000000e+00 2.149428483466966633e-01 1.250135929114514211e-01
3.000000000000000000e+01 1.044423787902969636e+00 6.657399401309379572e-01 0.000000000000000000e+00 0.000000000000000000e+00 2.680377908989242663e-01 1.707984211583500334e-01
3.500000000000000000e+01 9.243109552123842665e-01 3.443207008001029634e-01 0.000000000000000000e+00 0.000000000000000000e+00 2.394488215422685418e-01 1.646878099138213980e-01
4.000000000000000000e+01 9.849945693994485163e-01 4.355198331292132741e-01 1.000000000000000000e+00 0.000000000000000000e+00 1.470257819880018968e-01 2.010423539201590115e-01
4.500000000000000000e+01 9.928185034824863475e-01 2.135615224298022530e-01 0.000000000000000000e+00 0.000000000000000000e+00 2.930513035074932549e-01 1.212914204633484261e-01
5.000000000000000000e+01 1.013316847590053360e+00 3.297930653996363759e-01 1.000000000000000000e+00 0.000000000000000000e+00 2.318122806798484370e-01 1.617492779380163004e-01
5.500000000000000000e+01 8.501895784741233530e-01 3.759977798599735133e-01 0.000000000000000000e+00 0.000000000000000000e+00 2.171113814083946436e-01 1.635051957929578859e-01
6.000000000000000000e+01 8.447623058473852087e-01 3.809619763146099292e-01 0.000000000000000000e+00 0.000000000000000000e+00 2.547588425270994050e-01 1.694138670727997342e-01
6.500000000000000000e+01 8.609284969122515951e-01 3.091410541128815082e-01 0.000000000000000000e+00 0.000000000000000000e+00 2.212828748970446513e-01 1.333387416257081348e-01
7.000000000000000000e+01 7.660163839964161392e-01 4.014157965926835603e-01 0.000000000000000000e+00 0.000000000000000000e+00 2.672355004231578568e-01 1.731086077120020383e-01
7.500000000000000000e+01 8.288196680623398649e-01 5.567753161696992192e-01 0.000000000000000000e+00 0.000000000000000000e+00 2.198346955675558323e-01 2.179698507229497484e-01
8.000000000000000000e+01 8.568889996399174924e-01 1.473000871930429667e-01 1.000000000000000000e+00 0.000000000000000000e+00 1.683981310089904260e-01 1.317968688283852607e-01
8.500000000000000000e+01 8.993819285879789405e-01 5.340952192350324479e-01 0.000000000000000000e+00 0.000000000000000000e+00 2.230906906313000759e-01 1.851058282323983228e-01
9.000000000000000000e+01 7.316623826360567628e-01 3.077535107161349370e-01 0.000000000000000000e+00 0.000000000000000000e+00 2.747583916598880238e-01 1.495210746010096348e-01
9.500000000000000000e+01 7.342581603661824108e-01 1.974627321298596250e-01 0.000000000000000000e+00 0.000000000000000000e+00 2.222985089738964692e-01 1.967043738550443566e-01
1.000000000000000000e+02 7.923319428845546630e-01 2.068743929665327330e-01 0.000000000000000000e+00 0.000000000000000000e+00 2.077460688874790962e-01 1.076435862410630856e-01
1.050000000000000000e+02 7.935928590876750732e-01 3.196948587457745239e-01 0.000000000000000000e+00 0.000000000000000000e+00 2.199572755515392664e-01 2.129992165102172208e-01
1.100000000000000000e+02 8.640927029957581329e-01 1.925097919950906900e-01 0.000000000000000000e+00 0.000000000000000000e+00 2.540697554237297262e-01 1.769818209085539940e-01
1.150000000000000000e+02 5.662849255762404388e-01 3.545300397929652680e-01 0.000000000000000000e+00 0.000000000000000000e+00 1.539932001884993518e-01 1.161524856987096593e-01
1.200000000000000000e+02 7.131878635663564392e-01 2.638598784283833210e-01 0.000000000000000000e+00 0.000000000000000000e+00 2.364397575478114910e-01 1.594964352913892380e-01
1.250000000000000000e+02 7.907854769858034816e-01 5.002006838414067846e-02 0.000000000000000000e+00 0.000000000000000000e+00 2.542082490040102338e-01 6.648139000057629033e-02
1.300000000000000000e+02 8.239617035941509959e-01 3.501188453387834576e-01 0.000000000000000000e+00 0.000000000000000000e+00 2.223752508499606539e-01 1.394945749194991813e-01
1.350000000000000000e+02 6.822662608536695927e-01 3.030763888309658260e-01 0.000000000000000000e+00 0.000000000000000000e+00 1.950360720401704828e-01 1.587562175501540385e-01
1.400000000000000000e+02 8.380564409419239968e-01 7.053661861717339110e-02 1.000000000000000000e+00 0.000000000000000000e+00 1.614126044783063263e-01 1.037052415701769648e-01
1.450000000000000000e+02 9.489779131275086765e-01 3.087919547824246047e-01 0.000000000000000000e+00 0.000000000000000000e+00 2.344328091459994545e-01 1.757858110023432230e-01
1.500000000000000000e+02 8.197294131682102414e-01 1.018681321094429271e-01 0.000000000000000000e+00 0.000000000000000000e+00 2.059256026739142431e-01 1.070280520129572033e-01
1.550000000000000000e+02 9.641721549703010652e-01 1.614126654833076269e-01 1.000000000000000000e+00 0.000000000000000000e+00 2.215648202737343364e-01 1.865672578883113553e-01
1.600000000000000000e+02 6.929354375489801265e-01 3.118200305599978517e-01 0.000000000000000000e+00 0.000000000000000000e+00 2.523543650717574027e-01 1.200768616560398822e-01
1.650000000000000000e+02 8.926012586768828916e-01 3.047029803993813735e-01 1.000000000000000000e+00 0.000000000000000000e+00 2.019908763818311082e-01 1.781027269894873699e-01
1.700000000000000000e+02 7.597704339345040525e-01 2.280186936021081912e-01 0.000000000000000000e+00 0.000000000000000000e+00 2.275489459447220530e-01 1.252092725454124200e-01
1.750000000000000000e+02 7.383251066785831984e-01 5.406834519372931691e-01 0.000000000000000000e+00 1.000000000000000000e+00 2.127714512914305744e-01 1.106847291832586677e-01
1.800000000000000000e+02 6.928824948541801865e-01 2.253441040300087628e-01 0.000000000000000000e+00 0.000000000000000000e+00 2.729860599747503946e-01 1.857453781478358990e-01
1.850000000000000000e+02 8.528643548841110533e-01 1.541183022347284715e-01 0.000000000000000000e+00 0.000000000000000000e+00 2.374659560571766026e-01 1.884371125559854143e-01
1.900000000000000000e+02 7.323282875239582879e-01 2.063912808967904300e-01 0.000000000000000000e+00 0.000000000000000000e+00 2.126973991532760955e-01 1.514792259147103581e-01
1.950000000000000000e+02 7.145380416341827745e-01 1.533964452579756887e-01 0.000000000000000000e+00 0.000000000000000000e+00 2.375863287895943199e-01 1.279870043536669999e-01
2.000000000000000000e+02 7.773599325460986975e-01 1.173752252140881913e-01 0.000000000000000000e+00 0.000000000000000000e+00 2.781617710531358312e-01 1.133997895142992013e-01
2.050000000000000000e+02 9.099933973830232059e-01 4.017350139187826907e-01 0.000000000000000000e+00 0.000000000000000000e+00 2.578389300268186246e-01 1.608211971209605462e-01
2.100000000000000000e+02 6.994894562754022660e-01 2.497487394654209769e-01 0.000000000000000000e+00 0.000000000000000000e+00 2.083711398136321447e-01 1.938945939867025292e-01
2.150000000000000000e+02 8.436036338944022939e-01 3.098777721693987131e-01 0.000000000000000000e+00 0.000000000000000000e+00 2.337039157318655525e-01 9.971203985421886462e-02
2.200000000000000000e+02 7.913258411191963493e-01 3.072143870891014816e-01 0.000000000000000000e+00 0.000000000000000000e+00 2.069836330312155026e-01 9.243668441788771561e-02
2.250000000000000000e+02 5.535616538369387829e-01 4.838368576736442606e-01 0.000000000000000000e+00 0.000000000000000000e+00 2.301511407036820334e-01 1.401465513768022919e-01
2.300000000000000000e+02 6.316466991716959134e-01 2.055032011391956515e-01 0.000000000000000000e+00 0.000000000000000000e+00 2.572953613862849487e-01 1.614174433487778060e-01
2.350000000000000000e+02 7.362502862623880873e-01 3.813171547215120638e-01 0.000000000000000000e+00 0.000000000000000000e+00 2.369113620639403950e-01 1.209340063775223989e-01
2.400000000000000000e+02 6.926012366075304794e-01 2.251558430517134890e-01 0.000000000000000000e+00 0.000000000000000000e+00 2.969532057679246106e-01 1.307629310030351266e-01
2.450000000000000000e+02 7.634077688810396722e-01 8.506046039685341564e-02 0.000000000000000000e+00 0.000000000000000000e+00 2.226820827824182725e-01 1.900864602281518434e-01
2.500000000000000000e+02 6.234819256810574251e-01 2.881837725995062272e-01 0.000000000000000000e+00 0.000000000000000000e+00 2.484655021255187113e-01 1.572400602330139008e-01
2.550000000000000000e+02 7.414549106763484998e-01 2.118743928429210610e-01 0.000000000000000000e+00 0.000000000000000000e+00 2.233638179820268688e-01 1.672326031019017722e-01
2.600000000000000000e+02 6.800626099470741259e-01 8.733695488427434261e-02 0.000000000000000000e+00 0.000000000000000000e+00 2.856865996805632579e-01 6.393435811609410324e-02
2.650000000000000000e+02 8.894473578066521835e-01 2.029997962456421001e-01 0.000000000000000000e+00 0.000000000000000000e+00 2.953073278652310063e-01 8.709081619133568486e-02
2.700000000000000000e+02 5.338865485855600612e-01 1.287374873958875010e-01 0.000000000000000000e+00 0.000000000000000000e+00 2.422825928671978879e-01 1.570920588427344444e-01
2.750000000000000000e+02 6.099659149304923478e-01 2.644185777872634091e-01 0.000000000000000000e+00 0.000000000000000000e+00 1.956523922274553684e-01 1.251536838325196521e-01
2.800000000000000000e+02 6.449470905542991073e-01 2.590664795790295072e-01 0.000000000000000000e+00 0.000000000000000000e+00 2.039283853366194998e-01 1.241795500126338936e-01
2.850000000000000000e+02 6.508708691544826674e-01 2.157936327363513540e-01 0.000000000000000000e+00 0.000000000000000000e+00 2.173151582787734015e-01 1.589385696656473723e-01
2.900000000000000000e+02 6.330582128371806672e-01 1.667168977785929151e-01 0.000000000000000000e+00 0.000000000000000000e+00 1.914208863825671569e-01 2.113327184535995495e-01
2.950000000000000000e+02 6.643583078946151410e-01 2.797414687086556273e-01 0.000000000000000000e+00 0.000000000000000000e+00 1.994869657809205943e-01 1.201843314096709969e-01
3.000000000000000000e+02 5.871316556026289213e-01 1.136825534145855243e-01 0.000000000000000000e+00 0.000000000000000000e+00 2.106839992371540848e-01 8.929136510657914583e-02
3.050000000000000000e+02 7.539982631555490755e-01 3.151800648337978461e-01 0.000000000000000000e+00 0.000000000000000000e+00 2.131359417565261982e-01 1.471142567554806491e-01
3.100000000000000000e+02 6.477028486397247153e-01 1.230300101145153924e-01 0.000000000000000000e+00 0.000000000000000000e+00 1.617695023077233007e-01 7.590553799356616893e-02
3.150000000000000000e+02 4.387240633592529027e-01 3.223762150972989682e-01 0.000000000000000000e+00 0.000000000000000000e+00 1.648471327842647438e-01 1.437845879774229674e-01
3.200000000000000000e+02 6.615014657051463409e-01 3.036809127006566689e-01 0.000000000000000000e+00 0.000000000000000000e+00 1.839485708877690029e-01 9.757792041230349545e-02
3.250000000000000000e+02 6.074272550651219627e-01 2.735984583184256080e-01 0.000000000000000000e+00 0.000000000000000000e+00 2.585455142336032242e-01 1.703800945155478086e-01
3.300000000000000000e+02 7.074244923392397633e-01 1.661334662703496945e-01 0.000000000000000000e+00 0.000000000000000000e+00 1.958566306080535280e-01 1.285981288697673475e-01
3.350000000000000000e+02 6.009434328382143864e-01 2.076147106816494115e-01 0.000000000000000000e+00 0.000000000000000000e+00 1.914865673607439034e-01 5.682551805944097839e-02
3.400000000000000000e+02 4.093519554657030213e-01 3.895436348502560181e-02 0.000000000000000000e+00 0.000000000000000000e+00 1.706808438061979960e-01 3.998228141213678449e-02
3.450000000000000000e+02 3.854045770508837121e-01 2.493094778189537397e-01 0.000000000000000000e+00 0.000000000000000000e+00 1.464028711306923081e-01 1.771459140897044815e-01
3.500000000000000000e+02 5.835633814324195923e-01 2.758459968828569364e-01 0.000000000000000000e+00 0.000000000000000000e+00 2.243769748156296262e-01 1.332447917491148270e-01
3.550000000000000000e+02 4.699517546579337623e-01 2.252939054114681261e-01 0.000000000000000000e+00 0.000000000000000000e+00 1.724265898122918361e-01 1.185965571104161398e-01
3.600000000000000000e+02 4.802543453519962924e-01 1.637615621861487902e-01 0.000000000000000000e+00 0.000000000000000000e+00 1.913238392128878140e-01 9.934803646619638773e-02
3.650000000000000000e+02 6.372034751768944627e-01 2.780670092207394584e-01 0.000000000000000000e+00 0.000000000000000000e+00 1.974473205177968982e-01 1.508875890760202620e-01
3.700000000000000000e+02 4.585792931954429941e-01 1.334001114620290696e-01 0.000000000000000000e+00 0.000000000000000000e+00 1.607115463305738012e-01 1.645372415932151722e-01
3.750000000000000000e+02 4.635542443098151777e-01 2.254650511990786421e-01 0.000000000000000000e+00 0.000000000000000000e+00 1.783796766078456497e-01 1.948415820437753299e-01
3.800000000000000000e+02 5.977259968632540055e-01 2.970052130404742807e-01 0.000000000000000000e+00 0.000000000000000000e+00 1.567333454200519061e-01 1.480009338174053668e-01
3.850000000000000000e+02 6.758841642437619646e-01 2.938837073826784385e-01 0.000000000000000000e+00 0.000000000000000000e+00 1.685350527827891298e-01 1.325896087407440749e-01
3.900000000000000000e+02 5.094514054435133055e-01 1.774216904258671124e-01 0.000000000000000000e+00 0.000000000000000000e+00 2.112149023502668255e-01 2.087339510553861133e-01
3.950000000000000000e+02 5.184927939079363446e-01 0.000000000000000000e+00 0.000000000000000000e+00 0.000000000000000000e+00 1.480487687919367634e-01 0.000000000000000000e+00
4.000000000000000000e+02 5.025643384859093121e-01 1.490529485131991683e-01 0.000000000000000000e+00 0.000000000000000000e+00 2.001241012838803901e-01 5.003198035260637833e-02
4.050000000000000000e+02 4.519782261220204878e-01 2.003188040387216817e-01 0.000000000000000000e+00 0.000000000000000000e+00 1.601971045483000511e-01 1.391939370823081779e-01
4.100000000000000000e+02 4.556664922673703266e-01 3.969447612993705077e-01 0.000000000000000000e+00 0.000000000000000000e+00 1.559643085893082370e-01 1.676375645345435095e-01
4.150000000000000000e+02 4.252729207855341365e-01 9.302224144327317368e-02 0.000000000000000000e+00 0.000000000000000000e+00 1.617817630640460136e-01 1.411320586244811104e-01
4.200000000000000000e+02 4.396415250932658725e-01 1.009826211971319720e-01 0.000000000000000000e+00 0.000000000000000000e+00 1.657891279393821082e-01 9.354380701010668597e-02
4.250000000000000000e+02 3.456496591642367333e-01 3.560079157593458721e-01 0.000000000000000000e+00 0.000000000000000000e+00 1.480853906618737892e-01 1.616599090385189841e-01
4.300000000000000000e+02 3.810347781724081617e-01 2.463983417183647495e-01 0.000000000000000000e+00 0.000000000000000000e+00 1.795251839305651576e-01 1.158901066569383853e-01
4.350000000000000000e+02 5.171064658556682181e-01 1.898603051775568651e-01 0.000000000000000000e+00 0.000000000000000000e+00 1.367435644677877371e-01 1.576892949454984372e-01
4.400000000000000000e+02 3.777029657774216842e-01 1.916139281280637707e-01 0.000000000000000000e+00 0.000000000000000000e+00 1.717349988644280845e-01 1.314276946640937638e-01
4.450000000000000000e+02 5.913898043597196619e-01 2.710073175632016218e-01 0.000000000000000000e+00 0.000000000000000000e+00 1.530307275380576038e-01 1.926652612877983728e-01
4.500000000000000000e+02 3.935358562629028278e-01 3.699016320061894736e-01 0.000000000000000000e+00 0.000000000000000000e+00 1.769773189610139852e-01 1.482835016649773907e-01
4.550000000000000000e+02 4.834313006318476380e-01 2.187321677105326656e-01 0.000000000000000000e+00 0.000000000000000000e+00 1.423846794063112209e-01 1.338245241491285709e-01
4.600000000000000000e+02 6.175801709110393389e-01 2.414542237003970138e-01 1.000000000000000000e+00 0.000000000000000000e+00 1.234363160978610985e-01 1.098494736355066920e-01
4.650000000000000000e+02 3.752800391940502855e-01 2.795390325530259235e-01 0.000000000000000000e+00 1.000000000000000000e+00 1.712471939143021538e-01 4.107019247814563262e-02
4.700000000000000000e+02 4.761447085897499987e-01 2.066927671175483039e-01 0.000000000000000000e+00 0.000000000000000000e+00 1.539877617355837336e-01 1.466799591429872873e-01
4.750000000000000000e+02 4.282671632496519720e-01 9.600091375623176493e-02 0.000000000000000000e+00 0.000000000000000000e+00 1.298922071864701266e-01 1.638651910259319444e-01
4.800000000000000000e+02 4.348753218816747146e-01 4.042980952399649053e-01 0.000000000000000000e+00 0.000000000000000000e+00 1.573578325839517511e-01 1.575162155968890254e-01
4.850000000000000000e+02 4.067097213997703520e-01 2.685992961082092068e-01 0.000000000000000000e+00 0.000000000000000000e+00 1.344321309963412425e-01 1.247342229360094562e-01
4.900000000000000000e+02 4.169196576955801481e-01 1.700500315339016910e-01 0.000000000000000000e+00 0.000000000000000000e+00 1.572337699334334093e-01 1.723843713731208205e-01
4.950000000000000000e+02 4.398744464543432042e-01 3.045437911881928028e-01 0.000000000000000000e+00 0.000000000000000000e+00 1.321372980149443377e-01 1.261699504509830871e-01
5.000000000000000000e+02 3.946924399533582317e-01 1.898942648593916205e-01 0.000000000000000000e+00 0.000000000000000000e+00 2.001533056212075057e-01 1.628513464475715433e-01
5.050000000000000000e+02 3.061287694441315321e-01 2.841061929250917051e-01 0.000000000000000000e+00 0.000000000000000000e+00 8.043663171227365127e-02 1.564668155153673135e-01
5.100000000000000000e+02 3.089398146144281543e-01 3.027568216508327303e-01 0.000000000000000000e+00 0.000000000000000000e+00 1.408293926899629456e-01 1.527267468034048670e-01
5.150000000000000000e+02 3.600991617772121844e-01 2.468207643707619747e-01 0.000000000000000000e+00 0.000000000000000000e+00 9.704639304553014378e-02 1.601309633397258458e-01
5.200000000000000000e+02 1.655195450401844293e-01 1.223074914642842820e-01 0.000000000000000000e+00 0.000000000000000000e+00 1.201071785621684457e-01 1.940578020372371593e-01
5.250000000000000000e+02 3.147342338253622529e-01 2.681881868800058966e-01 0.000000000000000000e+00 0.000000000000000000e+00 1.137068885013344383e-01 1.414047666325802255e-01
5.300000000000000000e+02 3.605787272676836963e-01 4.206176067034643751e-01 0.000000000000000000e+00 0.000000000000000000e+00 2.102066637686275108e-01 1.209671458958315737e-01
5.350000000000000000e+02 4.818124884990058199e-01 3.577414343995662938e-01 0.000000000000000000e+00 0.000000000000000000e+00 1.348524332946207938e-01 1.126589880323015241e-01
5.400000000000000000e+02 4.772298841880021070e-01 4.392238319788309697e-01 0.000000000000000000e+00 0.000000000000000000e+00 1.232059146544706579e-01 1.529175811535526397e-01
5.450000000000000000e+02 3.829439621189065779e-01 2.834110366225670585e-01 0.000000000000000000e+00 0.000000000000000000e+00 1.456845169622523750e-01 9.579331198366203282e-02
5.500000000000000000e+02 3.060902992835015657e-01 3.661547270642451224e-01 0.000000000000000000e+00 0.000000000000000000e+00 2.040076086091172081e-01 1.564895342768846120e-01
5.550000000000000000e+02 3.399009374728699240e-01 4.123224726657947481e-01 0.000000000000000000e+00 0.000000000000000000e+00 2.343511784008736054e-01 1.901285409775180235e-01
5.600000000000000000e+02 4.189845896518920587e-01 4.225035110326622600e-01 0.000000000000000000e+00 0.000000000000000000e+00 1.592458748108849520e-01 1.853927793598635076e-01
5.650000000000000000e+02 2.292304943388469574e-01 2.181967710078186740e-01 0.000000000000000000e+00 0.000000000000000000e+00 1.473877919885729637e-01 1.413434397497107808e-01
5.700000000000000000e+02 3.742235317057895916e-01 3.498369932069622656e-01 0.000000000000000000e+00 0.000000000000000000e+00 1.684136421577967779e-01 1.548045396285481767e-01
5.750000000000000000e+02 1.835569092788869872e-01 0.000000000000000000e+00 0.000000000000000000e+00 0.000000000000000000e+00 1.571092060963826254e-01 0.000000000000000000e+00
5.800000000000000000e+02 2.308147887644098617e-01 4.335087889437271025e-02 0.000000000000000000e+00 0.000000000000000000e+00 1.389589633623513620e-01 9.349364431496094696e-02
5.850000000000000000e+02 3.232173772619780783e-01 1.310235033197405252e-01 0.000000000000000000e+00 0.000000000000000000e+00 1.551905642673076235e-01 1.068717589940373358e-01
5.900000000000000000e+02 2.186946227847013924e-01 2.561256396567133109e-01 0.000000000000000000e+00 0.000000000000000000e+00 1.919397450023816731e-01 1.259192591232954628e-01
5.950000000000000000e+02 3.621774971214214434e-01 1.372705366161956209e-01 0.000000000000000000e+00 0.000000000000000000e+00 1.589182112294012517e-01 1.367103640565042466e-01
6.000000000000000000e+02 2.899386623866467838e-01 1.157624470052313059e-01 0.000000000000000000e+00 0.000000000000000000e+00 1.556359146384196368e-01 1.067415597328269655e-01
6.050000000000000000e+02 3.120417470427415130e-01 1.305654492394921762e-01 0.000000000000000000e+00 0.000000000000000000e+00 1.616691338345807027e-01 1.104772519336353898e-01
6.100000000000000000e+02 2.760855892951741830e-01 6.333142910399838788e-03 0.000000000000000000e+00 0.000000000000000000e+00 1.138580043953652393e-01 1.141300453405547505e-01
6.150000000000000000e+02 2.574895586198490127e-01 2.504716512251148330e-01 0.000000000000000000e+00 0.000000000000000000e+00 1.445465277643407098e-01 1.635807018176838878e-01
6.200000000000000000e+02 2.101577151825009260e-01 2.129505587567646907e-01 0.000000000000000000e+00 0.000000000000000000e+00 1.310046869455344654e-01 1.875908294241692975e-01
6.250000000000000000e+02 3.219183898613585670e-01 3.844567325500451438e-01 0.000000000000000000e+00 0.000000000000000000e+00 1.023175608330196273e-01 1.472936147896261594e-01
6.300000000000000000e+02 1.850546000715676265e-01 8.455047987210717597e-02 0.000000000000000000e+00 0.000000000000000000e+00 1.283563064651213337e-01 1.511006895523135940e-01
6.350000000000000000e+02 1.780546172365157775e-01 3.240995040735768495e-01 0.000000000000000000e+00 0.000000000000000000e+00 1.439856162515241733e-01 1.248683548754184053e-01
6.400000000000000000e+02 2.447240009055832444e-01 1.294882846048270308e-01 0.000000000000000000e+00 0.000000000000000000e+00 1.431924116376583900e-01 1.463175898225121674e-01
6.450000000000000000e+02 2.271276941758633705e-01 1.488319160552268872e-01 0.000000000000000000e+00 0.000000000000000000e+00 1.161368129285806211e-01 7.669678246105916808e-02
6.500000000000000000e+02 3.049779688156265545e-01 1.968969216566189007e-01 0.000000000000000000e+00 0.000000000000000000e+00 2.116987964342746664e-01 8.922111987009759271e-02
6.550000000000000000e+02 1.068742988196413474e-01 1.188465620731415512e-01 0.000000000000000000e+00 0.000000000000000000e+00 1.220173901461348021e-01 1.641189831606560956e-01
6.600000000000000000e+02 4.313634837317325416e-02 0.000000000000000000e+00 0.000000000000000000e+00 0.000000000000000000e+00 7.853017946487629575e-02 0.000000000000000000e+00
6.650000000000000000e+02 6.041191782955458722e-02 1.247906159116494579e-01 0.000000000000000000e+00 0.000000000000000000e+00 1.032271784275069215e-01 1.317302094576356108e-01
6.700000000000000000e+02 1.508976024037151642e-01 1.529409954350518241e-01 0.000000000000000000e+00 0.000000000000000000e+00 1.812510625267524378e-01 1.568709981364068418e-01
6.750000000000000000e+02 2.892992302824884954e-01 1.938968243163718685e-01 0.000000000000000000e+00 1.000000000000000000e+00 1.573645021569193003e-01 3.088459509328309038e-02
6.800000000000000000e+02 3.191252345101911470e-01 5.479456194581695805e-02 0.000000000000000000e+00 0.000000000000000000e+00 8.025137586384097077e-02 4.903321413598548534e-02
6.850000000000000000e+02 1.294881026587198780e-01 1.284216862553042848e-01 0.000000000000000000e+00 0.000000000000000000e+00 1.257478709019643204e-01 1.157147972568939726e-01
6.900000000000000000e+02 2.485744084237128670e-01 1.880692640516609324e-02 0.000000000000000000e+00 0.000000000000000000e+00 1.823232517016928622e-01 4.054068265285060840e-02
6.950000000000000000e+02 3.090402785462362800e-01 8.506280199985571944e-02 0.000000000000000000e+00 0.000000000000000000e+00 1.307774770474682824e-01 2.097605972812815744e-01
7.000000000000000000e+02 2.894456849962970257e-01 4.518348898605151383e-03 0.000000000000000000e+00 0.000000000000000000e+00 9.551094517431800435e-02 7.557737032611241967e-02
7.050000000000000000e+02 1.806889968592557127e-01 4.462986351402171287e-02 0.000000000000000000e+00 0.000000000000000000e+00 1.592190207130664836e-01 9.667346344766543365e-02
7.100000000000000000e+02 3.283318551578479072e-01 7.572921895118016333e-02 0.000000000000000000e+00 0.000000000000000000e+00 1.332719123371978731e-01 1.701226473286484575e-01
7.150000000000000000e+02 2.302750592750214265e-01 2.487896889755571161e-01 0.000000000000000000e+00 0.000000000000000000e+00 1.458448998551931941e-01 8.281048613707370221e-02
7.200000000000000000e+02 2.820537404029654915e-01 8.015542594043782720e-02 0.000000000000000000e+00 0.000000000000000000e+00 1.341637390201068369e-01 7.475956424742286055e-02
7.250000000000000000e+02 2.048770918053685608e-01 1.307890603239375837e-01 0.000000000000000000e+00 0.000000000000000000e+00 1.172245214265391910e-01 7.325401300081881006e-02
7.300000000000000000e+02 1.247800422250249647e-01 5.598395648274859943e-02 0.000000000000000000e+00 0.000000000000000000e+00 1.166651185747930725e-01 7.280785972158662633e-02
7.350000000000000000e+02 2.194320141264079760e-01 1.376333848369384882e-01 0.000000000000000000e+00 0.000000000000000000e+00 5.798066514398319410e-02 9.340462442141923838e-02
7.400000000000000000e+02 2.811965478143247377e-01 1.931188221206333877e-01 0.000000000000000000e+00 0.000000000000000000e+00 9.516530792305417930e-02 6.502580902710659860e-02
7.450000000000000000e+02 2.229268039813541713e-01 6.932952565324464189e-02 0.000000000000000000e+00 0.000000000000000000e+00 1.242770231265711567e-01 1.097247259249608115e-01
7.500000000000000000e+02 1.646290219904038565e-01 1.419024154070196685e-02 0.000000000000000000e+00 0.000000000000000000e+00 1.205114383043072168e-01 3.337595959922166899e-02
7.550000000000000000e+02 2.082327707853084409e-01 1.653032052320320411e-01 0.000000000000000000e+00 0.000000000000000000e+00 1.443091070979278523e-01 5.594085536506230444e-02
7.600000000000000000e+02 1.516309561277577878e-01 1.800899983658455217e-01 0.000000000000000000e+00 0.000000000000000000e+00 8.878139465842065092e-02 7.583379658142301583e-02
7.650000000000000000e+02 1.776971037900986761e-01 1.239761724550016153e-01 0.000000000000000000e+00 0.000000000000000000e+00 1.016598271239445711e-01 1.363517605816335077e-01
7.700000000000000000e+02 2.365743602246124788e-01 1.001635480009477053e-01 0.000000000000000000e+00 0.000000000000000000e+00 1.075607402076366736e-01 7.918045431137078760e-02
7.750000000000000000e+02 1.899206278094804357e-01 1.603221409251826546e-01 0.000000000000000000e+00 0.000000000000000000e+00 1.381426614215420789e-01 1.123991191772668319e-01
7.800000000000000000e+02 1.080226032201080655e-01 1.701737424388569397e-01 0.000000000000000000e+00 0.000000000000000000e+00 1.101039381289013463e-01 6.359554648269713506e-02
7.850000000000000000e+02 1.876988021222165404e-01 5.287137498979736783e-04 0.000000000000000000e+00 0.000000000000000000e+00 1.437784811255685413e-01 1.702058804151161328e-02
7.900000000000000000e+02 1.193070868972446463e-01 5.621430109629556998e-02 0.000000000000000000e+00 0.000000000000000000e+00 1.212703483593662035e-01 1.134752684680960522e-01
7.950000000000000000e+02 1.076787831088120706e-01 2.295460660532282482e-01 0.000000000000000000e+00 0.000000000000000000e+00 1.042351097116109571e-01 1.800849325067340467e-01
8.000000000000000000e+02 1.819551191180190375e-01 1.323937887326517848e-01 0.000000000000000000e+00 0.000000000000000000e+00 1.447951968194905736e-01 1.535841055033572433e-01
8.050000000000000000e+02 9.645752957258091342e-02 1.529158602317016169e-01 0.000000000000000000e+00 0.000000000000000000e+00 1.632410236033044748e-01 1.262541642549528942e-01
8.100000000000000000e+02 1.065374907415952421e-01 1.821645348600582914e-01 0.000000000000000000e+00 0.000000000000000000e+00 6.265561838273006612e-02 8.708087193122321379e-02
8.150000000000000000e+02 3.026786373437832453e-02 2.337545182909638031e-01 0.000000000000000000e+00 0.000000000000000000e+00 1.217177140012060815e-01 1.072786568588721540e-01
8.200000000000000000e+02 1.376928830138419713e-01 7.893108383816346829e-02 0.000000000000000000e+00 0.000000000000000000e+00 9.573150193668501784e-02 5.683649344681242221e-02
8.250000000000000000e+02 8.809189905805464571e-02 1.863944308216008428e-01 0.000000000000000000e+00 0.000000000000000000e+00 1.283552657102409456e-01 7.935270367234589783e-02
8.300000000000000000e+02 2.357564288938368280e-01 0.000000000000000000e+00 0.000000000000000000e+00 0.000000000000000000e+00 1.159458821674403256e-01 0.000000000000000000e+00
8.350000000000000000e+02 2.664205693008809828e-01 8.985360335858734449e-02 0.000000000000000000e+00 0.000000000000000000e+00 7.279847728021769659e-02 9.812835090955243644e-02
8.400000000000000000e+02 2.567908632952426440e-01 1.734621098402842204e-02 0.000000000000000000e+00 0.000000000000000000e+00 6.717908170963705905e-02 1.146027564991659690e-02
8.450000000000000000e+02 2.048229656104921456e-02 1.683731061621830949e-01 0.000000000000000000e+00 0.000000000000000000e+00 1.534272443789573906e-02 1.042248598437651025e-01
8.500000000000000000e+02 3.688611089315264602e-01 4.680437846311278835e-03 0.000000000000000000e+00 0.000000000000000000e+00 9.261188907308419427e-02 5.503963222182781459e-03
8.550000000000000000e+02 1.814302105314966052e-01 4.629857120229706469e-02 0.000000000000000000e+00 0.000000000000000000e+00 1.643256112495611598e-01 6.961308301473634330e-02
8.600000000000000000e+02 6.552029949352645988e-02 1.069314819734848709e-01 0.000000000000000000e+00 0.000000000000000000e+00 1.221250247047222237e-01 7.803483314977481544e-02
8.650000000000000000e+02 1.252423575107717013e-01 8.549787288527341267e-02 0.000000000000000000e+00 0.000000000000000000e+00 1.117552058429007317e-01 7.229623232358771412e-02
8.700000000000000000e+02 1.142795401168185745e-02 1.013853041275171868e-01 0.000000000000000000e+00 0.000000000000000000e+00 1.086162035981331486e-01 1.352759001542979400e-01
8.750000000000000000e+02 1.419591300778761944e-01 0.000000000000000000e+00 0.000000000000000000e+00 0.000000000000000000e+00 1.105519124316078627e-01 0.000000000000000000e+00
8.800000000000000000e+02 1.130629972050245513e-01 2.921034080319996726e-04 0.000000000000000000e+00 0.000000000000000000e+00 9.613359847834343497e-02 2.714244739792129237e-03
8.850000000000000000e+02 1.277514313847495087e-01 0.000000000000000000e+00 0.000000000000000000e+00 0.000000000000000000e+00 1.640191817678024744e-01 0.000000000000000000e+00
8.900000000000000000e+02 9.732418283823555949e-02 8.470880676354226174e-03 0.000000000000000000e+00 0.000000000000000000e+00 1.543045724189171242e-01 7.897206796677336271e-02
8.950000000000000000e+02 1.687354348502660972e-01 2.031196432890580716e-01 0.000000000000000000e+00 0.000000000000000000e+00 8.483663296553199673e-02 9.122221111564812746e-02
9.000000000000000000e+02 1.467441151700696889e-01 2.397346023506342905e-02 0.000000000000000000e+00 0.000000000000000000e+00 1.552973275203811121e-01 8.195523877544221014e-02
9.050000000000000000e+02 1.850325209583960073e-01 7.707710477881331290e-02 0.000000000000000000e+00 0.000000000000000000e+00 1.259226733353520922e-01 1.097598878650445642e-01
9.100000000000000000e+02 7.012489200473877304e-02 1.615201091251821930e-01 0.000000000000000000e+00 0.000000000000000000e+00 9.243649258741051811e-02 9.505908975634894120e-02
9.150000000000000000e+02 3.597184236561558612e-01 1.500809687016017857e-01 0.000000000000000000e+00 0.000000000000000000e+00 1.044208561604560020e-01 7.496793696472812962e-02
9.200000000000000000e+02 4.186424303697008215e-02 5.974917673037667687e-02 0.000000000000000000e+00 0.000000000000000000e+00 9.525361873781801325e-02 8.822562633745946459e-02
9.250000000000000000e+02 9.728330516671182537e-02 0.000000000000000000e+00 0.000000000000000000e+00 0.000000000000000000e+00 1.234967277651608936e-01 0.000000000000000000e+00
9.300000000000000000e+02 2.208181293612453133e-01 4.710233267794248363e-02 0.000000000000000000e+00 0.000000000000000000e+00 1.350948075272710436e-01 7.695864494007947920e-02
9.350000000000000000e+02 2.745554464614473611e-01 7.804557288620650110e-03 0.000000000000000000e+00 0.000000000000000000e+00 1.245124846158713050e-01 1.464613813789676366e-01
9.400000000000000000e+02 2.558565451289592230e-01 2.474910815533512554e-01 0.000000000000000000e+00 0.000000000000000000e+00 1.162954068667059054e-01 9.228896717321530274e-02
9.450000000000000000e+02 2.923945627522131496e-01 1.693687161179471545e-01 0.000000000000000000e+00 0.000000000000000000e+00 1.321365265519535981e-01 7.397265157981652850e-02
9.500000000000000000e+02 2.248081926703038858e-01 2.041047263981889404e-01 0.000000000000000000e+00 0.000000000000000000e+00 1.364470603329129006e-01 1.014294004868918908e-01
9.550000000000000000e+02 2.062611733024232452e-01 7.371958514562877707e-02 0.000000000000000000e+00 0.000000000000000000e+00 1.388432237165389271e-01 7.368516991051202170e-02
9.600000000000000000e+02 1.006849686938096067e-01 1.109594679811955614e-01 0.000000000000000000e+00 0.000000000000000000e+00 1.295283442493650183e-01 7.058763421535292626e-02
9.650000000000000000e+02 9.058145854923285722e-02 2.312283653400479602e-03 0.000000000000000000e+00 0.000000000000000000e+00 1.667461137588382991e-01 3.962993766861639018e-03
9.700000000000000000e+02 6.972676331144336825e-02 1.681658938199975546e-03 0.000000000000000000e+00 0.000000000000000000e+00 1.238007140987076871e-01 3.290140341571220952e-03
9.750000000000000000e+02 2.751213679520994049e-01 1.636367256164613093e-01 0.000000000000000000e+00 0.000000000000000000e+00 1.712396672095073125e-01 9.599037021175393924e-02
9.800000000000000000e+02 1.875267144420721468e-02 2.401469196724857480e-01 0.000000000000000000e+00 0.000000000000000000e+00 1.209495448197411421e-01 8.617450422219828654e-02
9.850000000000000000e+02 5.082485768011159033e-01 1.788098454163088158e-01 0.000000000000000000e+00 0.000000000000000000e+00 1.199666276886746374e-01 7.962637695858565401e-02
9.900000000000000000e+02 1.995574433692129390e-01 1.158706888245901040e-01 0.000000000000000000e+00 0.000000000000000000e+00 1.290466337482326920e-01 1.175112370924149274e-01
9.950000000000000000e+02 1.446571951788031829e-01 1.074012927721579580e-01 0.000000000000000000e+00 0.000000000000000000e+00 1.158047465377616825e-01 1.179847431025346921e-01
