0.000000000000000000e+00 0.000000000000000000e+00 0.000000000000000000e+00 0.000000000000000000e+00 0.000000000000000000e+00 0.000000000000000000e+00 0.000000000000000000e+00
5.000000000000000000e+00 1.013325757034895913e+00 1.941382431186907398e-01 1.000000000000000000e+00 0.000000000000000000e+00 1.896028356401810444e-01 1.445652569993198244e-01
1.000000000000000000e+01 1.128040067483593756e+00 2.306367815760640705e-01 1.000000000000000000e+00 0.000000000000000000e+00 2.281484449825467997e-01 1.112231169413367138e-01
1.500000000000000000e+01 9.169985856306344107e-01 1.943447703929561954e-01 1.000000000000000000e+00 0.000000000000000000e+00 1.956535433944645297e-01 1.384674027871658775e-01
2.000000000000000000e+01 9.237441235105627868e-01 4.381457755836121737e-01 1.000000000000000000e+00 1.000000000000000000e+00 1.769682865648811165e-01 8.938323650365724571e-02
2.500000000000000000e+01 8.459028169939450947e-01 3.020585076657045787e-01 1.000000000000000000e+00 0.000000000000000000e+00 2.208464471923947958e-01 1.104474390367798098e-01
3.000000000000000000e+01 1.056561051800596562e+00 3.459875202419649964e-01 1.000000000000000000e+00 1.000000000000000000e+00 2.465426784915091263e-01 1.002632256079415002e-01
3.500000000000000000e+01 9.413533668773681473e-01 5.627839406927174180e-03 1.000000000000000000e+00 0.000000000000000000e+00 2.405132543467352058e-01 1.455043094505804185e-02
4.000000000000000000e+01 9.423054001185272588e-01 4.507150835263034061e-01 1.000000000000000000e+00 1.000000000000000000e+00 2.092315284385418139e-01 1.087931291977361908e-01
4.500000000000000000e+01 8.153113894119806693e-01 1.071459762838012919e-01 1.000000000000000000e+00 0.000000000000000000e+00 2.187597048316799464e-01 1.151238831664036927e-01
5.000000000000000000e+01 7.516894712592864236e-01 3.434348133678321036e-01 1.000000000000000000e+00 0.000000000000000000e+00 2.311757390441019910e-01 1.389978078646870729e-01
5.500000000000000000e+01 8.703204148887693226e-01 1.712142578481052058e-01 1.000000000000000000e+00 1.000000000000000000e+00 2.070421488934520438e-01 5.577632906924881451e-02
6.000000000000000000e+01 8.721112097729857293e-01 2.216828780964734125e-01 1.000000000000000000e+00 0.000000000000000000e+00 1.810407786305429922e-01 1.454044467101896776e-01
6.500000000000000000e+01 7.424185708778742177e-01 4.120318084812075732e-01 1.000000000000000000e+00 1.000000000000000000e+00 1.745637074241281339e-01 6.960813309038575702e-02
7.000000000000000000e+01 8.228675132071945342e-01 2.751232417615714909e-01 1.000000000000000000e+00 0.000000000000000000e+00 2.353510010636790106e-01 1.254309491620809180e-01
7.500000000000000000e+01 7.697396125771736042e-01 3.884182932856048431e-01 1.000000000000000000e+00 0.000000000000000000e+00 2.713513382988747002e-01 1.631045627105728035e-01
8.000000000000000000e+01 7.185546356362459974e-01 2.086101262066810125e-01 1.000000000000000000e+00 0.000000000000000000e+00 1.887559682883389045e-01 1.062176389730647985e-01
8.500000000000000000e+01 8.103328246657129919e-01 3.413951693582022995e-01 1.000000000000000000e+00 0.000000000000000000e+00 2.317022808241631926e-01 1.610538411582944918e-01
9.000000000000000000e+01 6.397664277359568219e-01 2.668373920563207879e-01 1.000000000000000000e+00 1.000000000000000000e+00 2.054805000401412063e-01 8.634579364200420382e-02
9.500000000000000000e+01 9.661970436874733892e-01 3.479606876644810581e-02 1.000000000000000000e+00 0.000000000000000000e+00 2.359274142638827232e-01 7.490615438579259489e-02
1.000000000000000000e+02 8.172787204180609333e-01 8.747388161356317582e-02 1.000000000000000000e+00 0.000000000000000000e+00 2.060545426231349397e-01 2.011094384204578367e-01
1.050000000000000000e+02 7.243447521969089697e-01 2.656743936032878173e-01 1.000000000000000000e+00 0.000000000000000000e+00 2.221095502893026263e-01 1.759796729003245963e-01
1.100000000000000000e+02 8.962762259232937012e-01 1.089952665500071721e-01 1.000000000000000000e+00 0.000000000000000000e+00 2.290870773447528097e-01 1.365043176720966978e-01
1.150000000000000000e+02 8.997449818895555396e-01 2.392584443444051856e-01 1.000000000000000000e+00 1.000000000000000000e+00 3.081036502032611923e-01 7.633316179546863200e-02
1.200000000000000000e+02 7.662586726417097704e-01 3.986074817067088438e-01 0.000000000000000000e+00 1.000000000000000000e+00 2.810651552731581737e-01 1.306647399243192620e-01
1.250000000000000000e+02 8.344956798125053865e-01 1.654184678258977248e-01 1.000000000000000000e+00 0.000000000000000000e+00 2.194368330026057468e-01 1.275977178064399420e-01
1.300000000000000000e+02 7.189742577148457991e-01 3.561961425201036757e-01 1.000000000000000000e+00 0.000000000000000000e+00 2.108788915886599669e-01 1.723981300577855091e-01
1.350000000000000000e+02 8.695221780855943994e-01 1.339966804496758590e-01 1.000000000000000000e+00 0.000000000000000000e+00 1.877846626879644265e-01 1.006540115593212575e-01
1.400000000000000000e+02 9.449890997330205877e-01 4.351863783403743524e-02 1.000000000000000000e+00 0.000000000000000000e+00 2.594302850789271253e-01 8.164915836216542211e-02
1.450000000000000000e+02 8.586688397320656474e-01 3.089864157212135476e-01 1.000000000000000000e+00 0.000000000000000000e+00 2.143289307285670131e-01 1.311462003907534757e-01
1.500000000000000000e+02 6.820321325368614573e-01 3.371806206318278543e-01 0.000000000000000000e+00 0.000000000000000000e+00 2.525341777016321121e-01 1.448340535465852119e-01
1.550000000000000000e+02 8.905257606515007973e-01 1.996851672967475400e-01 1.000000000000000000e+00 1.000000000000000000e+00 2.043394813876361349e-01 6.974037235673841151e-02
1.600000000000000000e+02 7.098033324250871967e-01 2.892106503627986380e-01 1.000000000000000000e+00 0.000000000000000000e+00 1.773036787398410419e-01 1.075545853535576635e-01
1.650000000000000000e+02 6.430436492560595019e-01 1.838896848306921794e-01 1.000000000000000000e+00 0.000000000000000000e+00 2.157932442814812779e-01 9.515373723141611062e-02
1.700000000000000000e+02 7.993123373251334041e-01 2.260040242358428986e-01 1.000000000000000000e+00 0.000000000000000000e+00 2.585954945268706395e-01 1.479709710144673507e-01
1.750000000000000000e+02 7.125816839081091647e-01 2.954569072332070556e-01 0.000000000000000000e+00 1.000000000000000000e+00 2.547027825411373181e-01 7.989110444927155497e-02
1.800000000000000000e+02 5.989048884132701644e-01 2.325685945419861123e-01 0.000000000000000000e+00 0.000000000000000000e+00 2.776616580201415885e-01 8.306218702411824473e-02
1.850000000000000000e+02 9.703064004204218218e-01 9.252410695483938297e-02 1.000000000000000000e+00 0.000000000000000000e+00 2.162730555350234618e-01 1.189531931717583008e-01
1.900000000000000000e+02 7.903812162724570545e-01 1.932307791286760612e-01 1.000000000000000000e+00 0.000000000000000000e+00 2.359046489316369843e-01 1.350482849929506846e-01
1.950000000000000000e+02 6.175168794750176549e-01 1.958579074735042336e-01 1.000000000000000000e+00 1.000000000000000000e+00 2.150185980599632063e-01 4.855793333157243374e-02
2.000000000000000000e+02 7.610625651515354750e-01 2.953187347406615038e-01 1.000000000000000000e+00 0.000000000000000000e+00 2.276948952695402595e-01 1.131924282844938290e-01
2.050000000000000000e+02 7.721497012149439731e-01 2.848348747186377206e-01 1.000000000000000000e+00 1.000000000000000000e+00 2.048165280571835889e-01 7.904562850916997674e-02
2.100000000000000000e+02 7.528792090606144516e-01 4.335221448137502875e-01 1.000000000000000000e+00 1.000000000000000000e+00 2.277091716912456876e-01 1.498053757573098166e-01
2.150000000000000000e+02 8.155432283189755216e-01 1.842285051173495614e-01 1.000000000000000000e+00 0.000000000000000000e+00 1.969840642349652282e-01 1.603375004001734438e-01
2.200000000000000000e+02 6.889980409262126404e-01 3.677967835549871833e-01 1.000000000000000000e+00 0.000000000000000000e+00 1.863285419679815424e-01 1.307105323584682177e-01
2.250000000000000000e+02 9.281680177536355547e-01 3.164174743604517559e-01 1.000000000000000000e+00 0.000000000000000000e+00 2.426319141860588391e-01 1.444847226717240196e-01
2.300000000000000000e+02 7.354689215524933266e-01 1.139270461702343445e-01 1.000000000000000000e+00 0.000000000000000000e+00 2.453419475168208963e-01 1.560696361774638607e-01
2.350000000000000000e+02 7.063735688980889993e-01 3.808526407720378426e-01 1.000000000000000000e+00 1.000000000000000000e+00 2.398478165480502911e-01 1.287289015259234781e-01
2.400000000000000000e+02 8.295758700255255746e-01 3.248716507070409376e-01 1.000000000000000000e+00 0.000000000000000000e+00 2.549194860001418594e-01 1.580286188151310278e-01
2.450000000000000000e+02 7.188425372676057190e-01 5.257242727628417406e-02 1.000000000000000000e+00 0.000000000000000000e+00 2.135844864686118894e-01 1.713708364851601329e-01
2.500000000000000000e+02 6.705855608695079351e-01 5.082597114948246286e-01 1.000000000000000000e+00 1.000000000000000000e+00 1.805103495519093659e-01 1.744652262494765516e-01
2.550000000000000000e+02 7.754316558234151113e-01 3.348196808897220267e-01 1.000000000000000000e+00 1.000000000000000000e+00 2.017213935218948595e-01 1.079512350874407833e-01
2.600000000000000000e+02 7.669979969099415262e-01 1.261158594816058631e-01 1.000000000000000000e+00 0.000000000000000000e+00 1.842851335393439483e-01 1.133131084673354022e-01
2.650000000000000000e+02 6.856829999084593785e-01 3.370318114860917369e-01 1.000000000000000000e+00 1.000000000000000000e+00 1.942326929644666578e-01 9.351543346451769712e-02
2.700000000000000000e+02 5.964298670841713390e-01 4.171943743187928044e-01 0.000000000000000000e+00 0.000000000000000000e+00 2.417861038526710471e-01 1.800281645621666371e-01
2.750000000000000000e+02 5.305197504896900229e-01 2.864434072282541210e-01 1.000000000000000000e+00 0.000000000000000000e+00 1.622254516466536123e-01 1.321851664772821788e-01
2.800000000000000000e+02 5.874306132994533414e-01 1.744759031471007915e-01 1.000000000000000000e+00 0.000000000000000000e+00 1.201621588136326940e-01 1.495874361708836309e-01
2.850000000000000000e+02 6.688763340380171618e-01 3.176142538017879824e-01 1.000000000000000000e+00 0.000000000000000000e+00 2.068381829601763089e-01 2.000898555792968991e-01
2.900000000000000000e+02 3.893662276702674618e-01 2.948260142551786256e-01 0.000000000000000000e+00 0.000000000000000000e+00 1.807408114852242509e-01 1.544930413602287333e-01
2.950000000000000000e+02 5.334635412814747735e-01 3.135930801317339811e-01 0.000000000000000000e+00 0.000000000000000000e+00 2.610243437206150041e-01 1.338295354444866969e-01
3.000000000000000000e+02 6.557432158394604915e-01 2.049199557627575941e-01 1.000000000000000000e+00 0.000000000000000000e+00 2.289359073186072735e-01 7.973991923574633156e-02
3.050000000000000000e+02 6.407376217407013685e-01 3.260922460629404607e-01 0.000000000000000000e+00 0.000000000000000000e+00 2.573770022093803678e-01 1.783170789219777896e-01
3.100000000000000000e+02 4.973945042719820075e-01 1.736451034910155289e-01 0.000000000000000000e+00 0.000000000000000000e+00 2.100690342031935887e-01 1.085444134044398212e-01
3.150000000000000000e+02 5.886526078242967364e-01 2.740209607354466281e-01 1.000000000000000000e+00 0.000000000000000000e+00 1.854228935686894619e-01 1.869848388987747634e-01
3.200000000000000000e+02 5.911264290015247891e-01 3.203460513297368140e-01 0.000000000000000000e+00 0.000000000000000000e+00 2.160617469507432331e-01 1.904271973990172562e-01
3.250000000000000000e+02 5.847979441776322007e-01 1.716940472246989424e-01 0.000000000000000000e+00 0.000000000000000000e+00 2.256022879322095165e-01 1.128360612165045934e-01
3.300000000000000000e+02 6.304451720005912474e-01 3.024608997933606602e-01 1.000000000000000000e+00 0.000000000000000000e+00 2.045465084618744434e-01 1.466780320015603489e-01
3.350000000000000000e+02 4.567198534348841932e-01 2.835755920777719985e-01 0.000000000000000000e+00 1.000000000000000000e+00 2.139911449448781422e-01 8.836285902434780348e-02
3.400000000000000000e+02 4.896428059102547747e-01 2.456020885827840394e-01 0.000000000000000000e+00 0.000000000000000000e+00 2.375806918769899079e-01 1.421846570943582633e-01
3.450000000000000000e+02 5.582542937783518955e-01 1.454549260400734567e-01 1.000000000000000000e+00 0.000000000000000000e+00 1.616904970879917414e-01 8.870390618922123493e-02
3.500000000000000000e+02 5.476138321492902694e-01 1.733140488862093195e-02 0.000000000000000000e+00 0.000000000000000000e+00 2.097465380960848447e-01 1.096289656481761604e-01
3.550000000000000000e+02 6.870717858554218349e-01 2.726636458924873718e-01 1.000000000000000000e+00 1.000000000000000000e+00 2.017324016197152292e-01 9.072633235885467495e-02
3.600000000000000000e+02 5.948206311427264303e-01 1.993915223323883823e-01 0.000000000000000000e+00 0.000000000000000000e+00 2.223602158071504853e-01 1.732697990791232934e-01
3.650000000000000000e+02 6.254712448109183143e-01 2.319019735429825868e-01 1.000000000000000000e+00 0.000000000000000000e+00 2.101175812226437345e-01 1.077113455460802643e-01
3.700000000000000000e+02 4.595313323447794973e-01 1.260127586515469578e-01 0.000000000000000000e+00 0.000000000000000000e+00 2.143154703127803651e-01 1.526295293649234941e-01
3.750000000000000000e+02 4.120642302628000908e-01 4.756517388525842160e-01 1.000000000000000000e+00 1.000000000000000000e+00 9.275246163579416170e-02 1.051643969455220984e-01
3.800000000000000000e+02 5.307423310704990627e-01 3.505204917463930481e-01 0.000000000000000000e+00 0.000000000000000000e+00 2.059313407407134255e-01 1.426884461428180040e-01
3.850000000000000000e+02 5.909117548739640791e-01 4.283948442391128930e-01 0.000000000000000000e+00 1.000000000000000000e+00 2.388977676443271581e-01 1.071995180630189448e-01
3.900000000000000000e+02 5.327569162867453745e-01 4.381471872470057427e-01 0.000000000000000000e+00 0.000000000000000000e+00 2.023425183307972497e-01 1.816364034553800133e-01
3.950000000000000000e+02 4.716138744356492829e-01 2.210639135510455433e-01 0.000000000000000000e+00 0.000000000000000000e+00 1.684145978156438572e-01 1.978250816147185120e-01
4.000000000000000000e+02 5.360189954491458852e-01 2.691458615679344080e-01 1.000000000000000000e+00 0.000000000000000000e+00 1.041718231433550329e-01 1.050594864779839793e-01
4.050000000000000000e+02 4.823461643299854495e-01 2.498134554104094462e-01 0.000000000000000000e+00 0.000000000000000000e+00 1.896526325621648579e-01 1.626350801314427608e-01
4.100000000000000000e+02 5.022957790876501072e-01 3.920918492656553234e-01 0.000000000000000000e+00 0.000000000000000000e+00 2.005687925275251027e-01 1.619002596492113977e-01
4.150000000000000000e+02 3.019331319183792273e-01 2.524059378886013283e-01 0.000000000000000000e+00 0.000000000000000000e+00 1.274078420894134422e-01 1.553848023753393592e-01
4.200000000000000000e+02 4.177364778045958849e-01 2.245887164443663708e-01 0.000000000000000000e+00 0.000000000000000000e+00 1.582984007813757477e-01 2.191746365193777690e-01
4.250000000000000000e+02 3.746876230707809063e-01 2.355300602951260203e-01 0.000000000000000000e+00 0.000000000000000000e+00 2.149104727864022679e-01 1.478406181476690229e-01
4.300000000000000000e+02 4.125209836826900234e-01 3.537827700776333684e-01 0.000000000000000000e+00 0.000000000000000000e+00 1.612169806072218103e-01 1.379981321993745402e-01
4.350000000000000000e+02 5.854289097271664355e-01 2.031802047931237643e-01 1.000000000000000000e+00 1.000000000000000000e+00 1.290829590572162844e-01 7.164384067213619423e-02
4.400000000000000000e+02 4.453701766774149640e-01 3.574561700769715022e-01 1.000000000000000000e+00 0.000000000000000000e+00 1.388210714978095894e-01 1.386373102416759984e-01
4.450000000000000000e+02 5.696246587571085485e-01 2.835879880580594592e-01 1.000000000000000000e+00 0.000000000000000000e+00 1.793236390390576529e-01 1.585915004699954833e-01
4.500000000000000000e+02 4.556664043250185925e-01 2.682911490485239692e-01 0.000000000000000000e+00 0.000000000000000000e+00 1.675133519688863093e-01 1.543078352452910973e-01
4.550000000000000000e+02 2.478251282842644232e-01 1.399558540370407500e-01 0.000000000000000000e+00 0.000000000000000000e+00 1.770669080901589865e-01 1.186933680439386518e-01
4.600000000000000000e+02 4.544312183480722633e-01 2.446355343268908078e-01 1.000000000000000000e+00 0.000000000000000000e+00 1.413924535116078407e-01 1.238169570173472123e-01
4.650000000000000000e+02 3.760604010222531879e-01 2.662929576304863266e-01 0.000000000000000000e+00 0.000000000000000000e+00 1.678227300809713440e-01 1.296224372894087262e-01
4.700000000000000000e+02 3.174511154672955415e-01 1.899779354572409262e-01 0.000000000000000000e+00 0.000000000000000000e+00 1.778162533159463321e-01 9.633861231152827942e-02
4.750000000000000000e+02 4.707619749984569557e-01 3.673038828772700604e-01 1.000000000000000000e+00 0.000000000000000000e+00 1.504055761956092085e-01 1.384059422044283949e-01
4.800000000000000000e+02 4.993984792752409474e-01 4.463799003761492190e-01 1.000000000000000000e+00 0.000000000000000000e+00 1.293912584334978855e-01 1.691153275545928814e-01
4.850000000000000000e+02 4.914417221805980063e-01 3.269729435894975778e-01 0.000000000000000000e+00 1.000000000000000000e+00 1.924096271325329843e-01 1.077278752220541397e-01
4.900000000000000000e+02 2.783377702642399476e-01 2.173130049126928420e-01 0.000000000000000000e+00 0.000000000000000000e+00 1.746675173201980291e-01 2.349896901200904664e-01
4.950000000000000000e+02 3.071338355698864930e-01 4.636030963606105892e-01 0.000000000000000000e+00 1.000000000000000000e+00 1.636432754367675158e-01 1.552854649208264270e-01
5.000000000000000000e+02 3.201518764435116737e-01 6.231885124046920854e-02 0.000000000000000000e+00 0.000000000000000000e+00 1.972414395871582848e-01 1.050418339800878592e-01
5.050000000000000000e+02 3.679993703535685001e-01 3.395469567307299874e-01 0.000000000000000000e+00 1.000000000000000000e+00 1.453062336907071372e-01 9.453711925923581616e-02
5.100000000000000000e+02 3.479166941856375872e-01 2.764206117984697175e-01 0.000000000000000000e+00 0.000000000000000000e+00 1.552417484138285952e-01 1.134900922427991288e-01
5.150000000000000000e+02 3.646440235578052302e-01 3.008328769127980307e-01 1.000000000000000000e+00 0.000000000000000000e+00 1.100442344868310246e-01 1.327978031243425838e-01
5.200000000000000000e+02 2.295882607949041865e-01 1.447868200222536816e-01 0.000000000000000000e+00 0.000000000000000000e+00 1.139693442912838584e-01 9.927287307079160628e-02
5.250000000000000000e+02 4.279691710915726199e-01 2.832027781641460185e-01 0.000000000000000000e+00 0.000000000000000000e+00 1.556094978103660376e-01 1.080537789137891447e-01
5.300000000000000000e+02 3.268687513509329623e-01 3.027137414106627067e-01 0.000000000000000000e+00 0.000000000000000000e+00 1.521352145400668154e-01 1.266702126724801591e-01
5.350000000000000000e+02 2.326045812264770363e-01 2.349813948288002607e-01 0.000000000000000000e+00 0.000000000000000000e+00 1.815485678743471443e-01 1.829370253866608176e-01
5.400000000000000000e+02 3.113159811441337799e-01 3.434676535053430291e-01 0.000000000000000000e+00 0.000000000000000000e+00 1.400875549168189294e-01 1.756281985165242809e-01
5.450000000000000000e+02 4.669132117436722851e-01 2.002050143850205299e-01 0.000000000000000000e+00 0.000000000000000000e+00 2.352520043347776646e-01 1.509871891056985271e-01
5.500000000000000000e+02 4.176125778306384317e-01 4.635149648878749140e-01 0.000000000000000000e+00 1.000000000000000000e+00 1.713992098999811142e-01 1.044215745338997053e-01
5.550000000000000000e+02 3.970398787324379564e-01 1.707107049267113652e-01 0.000000000000000000e+00 0.000000000000000000e+00 1.610108296855240206e-01 1.713587938765583907e-01
5.600000000000000000e+02 4.352223804833098564e-01 3.234261636691103670e-01 0.000000000000000000e+00 1.000000000000000000e+00 1.743037344189101168e-01 9.813418953370181552e-02
5.650000000000000000e+02 2.796611732164712705e-01 2.940095887284729925e-01 0.000000000000000000e+00 0.000000000000000000e+00 1.299146184435067131e-01 1.432564271409610956e-01
5.700000000000000000e+02 3.552445298133126705e-01 2.315810611891438719e-01 0.000000000000000000e+00 0.000000000000000000e+00 1.692351941078079902e-01 1.377817219713969032e-01
5.750000000000000000e+02 2.638883498646650283e-01 1.923589362045876605e-01 0.000000000000000000e+00 0.000000000000000000e+00 1.467963653574777538e-01 1.739693357840190746e-01
5.800000000000000000e+02 1.608687385326218744e-01 0.000000000000000000e+00 0.000000000000000000e+00 0.000000000000000000e+00 1.547462227384023836e-01 0.000000000000000000e+00
5.850000000000000000e+02 3.853641523085605813e-01 1.517243814565114313e-01 1.000000000000000000e+00 0.000000000000000000e+00 1.271791686891567685e-01 1.382816800009884772e-01
5.900000000000000000e+02 3.221090344006403705e-01 2.922783946081806139e-01 0.000000000000000000e+00 0.000000000000000000e+00 2.123270036292564666e-01 1.606972584111411306e-01
5.950000000000000000e+02 2.944272665575730086e-01 1.723968738004294787e-01 0.000000000000000000e+00 0.000000000000000000e+00 1.462910311448793743e-01 1.391796827658051405e-01
6.000000000000000000e+02 1.563102997359901714e-01 2.191269843432036291e-01 0.000000000000000000e+00 0.000000000000000000e+00 1.404045860631107090e-01 1.057057920824017727e-01
6.050000000000000000e+02 2.152917742111220556e-01 2.105412492453180850e-01 0.000000000000000000e+00 0.000000000000000000e+00 9.732335894725843706e-02 1.383425078699011546e-01
6.100000000000000000e+02 1.447511238893592622e-01 8.225902318972272420e-02 0.000000000000000000e+00 0.000000000000000000e+00 1.109360375987383518e-01 1.099386864408808950e-01
6.150000000000000000e+02 3.387394233211052930e-01 1.218776750667338593e-01 1.000000000000000000e+00 0.000000000000000000e+00 7.165099852852109541e-02 1.078443076671200818e-01
6.200000000000000000e+02 1.601189543659549963e-01 1.793804069991477568e-01 0.000000000000000000e+00 0.000000000000000000e+00 1.319962608707876406e-01 8.842761938206196437e-02
6.250000000000000000e+02 2.166522304062766524e-01 5.199443563680830049e-01 0.000000000000000000e+00 0.000000000000000000e+00 1.417894474734140986e-01 1.852713816572308103e-01
6.300000000000000000e+02 2.327815592663154409e-01 4.518293126332380283e-02 0.000000000000000000e+00 0.000000000000000000e+00 1.598175223191646011e-01 2.010809375545388744e-01
6.350000000000000000e+02 9.577757729331484726e-02 3.026665030863069927e-01 0.000000000000000000e+00 0.000000000000000000e+00 1.107302301811783907e-01 1.229012829576006383e-01
6.400000000000000000e+02 9.540240173245988220e-02 3.809406413007446757e-01 0.000000000000000000e+00 1.000000000000000000e+00 8.940242490102562334e-02 1.112410578041364007e-01
6.450000000000000000e+02 1.839669052872952848e-01 2.475939650397488978e-01 0.000000000000000000e+00 0.000000000000000000e+00 9.969240434373002890e-02 9.942300844836085560e-02
6.500000000000000000e+02 1.815935891975997696e-01 4.853644793485185210e-02 0.000000000000000000e+00 0.000000000000000000e+00 1.468550554126727969e-01 1.588963671988982695e-01
6.550000000000000000e+02 1.019524110212009782e-01 1.218127678730533126e-01 0.000000000000000000e+00 0.000000000000000000e+00 7.645582262275228691e-02 1.054759413714621147e-01
6.600000000000000000e+02 1.919002681953451694e-01 5.690552127706349772e-02 0.000000000000000000e+00 0.000000000000000000e+00 1.259157442451201148e-01 9.327789957051715874e-02
6.650000000000000000e+02 1.377678296718289619e-01 2.693219444082933789e-01 0.000000000000000000e+00 0.000000000000000000e+00 9.280680048219532019e-02 1.446511271000730237e-01
6.700000000000000000e+02 2.312895398350741372e-01 1.421350636112254096e-01 0.000000000000000000e+00 0.000000000000000000e+00 2.205308444777521748e-01 8.709562211604976456e-02
6.750000000000000000e+02 1.080420670079577788e-01 1.402357673718535591e-01 0.000000000000000000e+00 0.000000000000000000e+00 1.898714549820576802e-01 8.808880543072923619e-02
6.800000000000000000e+02 1.072612116252708858e-01 5.628062633162574796e-02 0.000000000000000000e+00 0.000000000000000000e+00 1.111316691340767382e-01 1.877783862992394304e-01
6.850000000000000000e+02 6.477587319424879531e-02 1.494240553126227888e-01 0.000000000000000000e+00 0.000000000000000000e+00 7.792813146353376463e-02 8.785358261450958162e-02
6.900000000000000000e+02 1.633795303086152673e-01 1.238678917118378742e-01 0.000000000000000000e+00 0.000000000000000000e+00 9.269136056749679997e-02 1.392258951428401448e-01
6.950000000000000000e+02 2.142806706050604804e-01 8.691867190109835162e-02 0.000000000000000000e+00 0.000000000000000000e+00 1.070067284412018205e-01 2.050541936513007868e-01
7.000000000000000000e+02 8.897171391434557930e-02 1.635808383658750864e-01 0.000000000000000000e+00 0.000000000000000000e+00 1.225782483852181776e-01 9.275878190648016719e-02
7.050000000000000000e+02 1.323095906519822784e-01 4.023853488665549843e-02 0.000000000000000000e+00 0.000000000000000000e+00 1.279820218556156353e-01 9.547880176440741440e-02
7.100000000000000000e+02 2.246230654032845830e-01 1.339633253882425157e-01 0.000000000000000000e+00 0.000000000000000000e+00 9.570737382092768530e-02 1.149350772333672527e-01
7.150000000000000000e+02 1.925705625144580047e-01 2.299703938134375070e-01 0.000000000000000000e+00 0.000000000000000000e+00 1.368480227117656878e-01 1.366128777468901823e-01
7.200000000000000000e+02 1.748368740660059123e-02 7.122587747819443538e-02 0.000000000000000000e+00 0.000000000000000000e+00 9.153969353524699093e-02 7.387207301085896294e-02
7.250000000000000000e+02 2.526454376065078722e-01 1.491900609952938050e-01 0.000000000000000000e+00 0.000000000000000000e+00 1.138229970936300711e-01 9.109998249248023316e-02
7.300000000000000000e+02 2.168192971806063574e-01 2.903891440078873454e-01 0.000000000000000000e+00 1.000000000000000000e+00 9.323319330321601373e-02 1.025187317596925329e-01
7.350000000000000000e+02 1.958861637837893688e-01 7.855166576413712132e-02 0.000000000000000000e+00 0.000000000000000000e+00 1.638617748765284488e-01 8.064955262854903162e-02
7.400000000000000000e+02 2.251372592192565081e-01 1.591379391841082069e-01 0.000000000000000000e+00 0.000000000000000000e+00 1.622616507742468406e-01 8.822187071441338346e-02
7.450000000000000000e+02 2.064893999977967520e-01 1.123972794067912978e-02 0.000000000000000000e+00 0.000000000000000000e+00 8.961996816292262802e-02 2.741925955380147134e-02
7.500000000000000000e+02 2.163973593304503173e-01 9.973381846230938708e-02 0.000000000000000000e+00 0.000000000000000000e+00 9.126052685974353484e-02 1.265426084351345959e-01
7.550000000000000000e+02 4.270678600525908419e-01 1.707065167042732257e-01 1.000000000000000000e+00 1.000000000000000000e+00 1.489793549836197217e-01 3.936066706824847827e-02
7.600000000000000000e+02 7.436682285026012529e-02 1.680685261078155857e-01 0.000000000000000000e+00 0.000000000000000000e+00 1.314832665690561786e-01 1.172718997316613693e-01
7.650000000000000000e+02 2.642431633421496451e-01 9.728372622191530650e-02 0.000000000000000000e+00 0.000000000000000000e+00 1.353322038180924669e-01 1.473331340145432045e-01
7.700000000000000000e+02 1.690566559003378599e-01 9.627151641754769229e-02 0.000000000000000000e+00 0.000000000000000000e+00 1.250350030121470113e-01 6.496160619512217349e-02
7.750000000000000000e+02 1.229588665607917741e-01 2.110282127715993605e-01 0.000000000000000000e+00 0.000000000000000000e+00 1.255894693641080029e-01 1.323942370475275632e-01
7.800000000000000000e+02 3.264117184648236969e-01 3.214156588234128864e-01 0.000000000000000000e+00 1.000000000000000000e+00 1.416626569853279005e-01 9.125207817520721021e-02
7.850000000000000000e+02 2.685311890885045405e-01 3.591678448176220673e-02 0.000000000000000000e+00 0.000000000000000000e+00 1.111082571602101249e-01 5.783691588481137957e-02
7.900000000000000000e+02 2.382812605973169684e-01 1.766480239285509735e-01 0.000000000000000000e+00 0.000000000000000000e+00 1.447959727084551229e-01 6.974484500255000163e-02
7.950000000000000000e+02 2.871440034927782436e-01 2.799605627243436645e-01 1.000000000000000000e+00 1.000000000000000000e+00 7.302281864550833057e-02 8.685227102577643132e-02
8.000000000000000000e+02 1.273498863402333092e-01 1.118486307906680910e-01 0.000000000000000000e+00 0.000000000000000000e+00 1.548377105350440819e-01 8.157739013908398007e-02
8.050000000000000000e+02 1.795472650519312485e-01 2.585501974741768461e-01 0.000000000000000000e+00 0.000000000000000000e+00 8.778799807477691286e-02 1.517236320878188327e-01
8.100000000000000000e+02 3.207916876624521407e-01 3.895739155383883268e-01 1.000000000000000000e+00 1.000000000000000000e+00 1.005436026234275138e-01 9.445337138897598461e-02
8.150000000000000000e+02 1.919810568937515838e-01 1.501233677850270509e-01 0.000000000000000000e+00 0.000000000000000000e+00 1.853543850772060297e-01 1.084486880019501637e-01
8.200000000000000000e+02 3.343021536088189860e-01 1.819185685909621431e-01 0.000000000000000000e+00 0.000000000000000000e+00 1.413596781602754482e-01 8.337414465672389474e-02
8.250000000000000000e+02 1.886302677779359560e-01 2.672728947033785052e-01 0.000000000000000000e+00 0.000000000000000000e+00 1.558727446077810552e-01 9.734674039838545068e-02
8.300000000000000000e+02 1.735932224162115012e-01 6.049193552033606952e-02 0.000000000000000000e+00 0.000000000000000000e+00 8.382807253086840826e-02 7.869073974809713545e-02
8.350000000000000000e+02 1.496831914704847555e-01 2.859864230220757753e-01 0.000000000000000000e+00 0.000000000000000000e+00 1.755456765036461364e-01 1.974593771848085488e-01
8.400000000000000000e+02 1.238951134984484226e-01 1.155072038509050020e-01 0.000000000000000000e+00 0.000000000000000000e+00 1.385255076976647237e-01 7.596873827038036486e-02
8.450000000000000000e+02 2.586959357169001938e-01 1.650503018361992869e-01 0.000000000000000000e+00 0.000000000000000000e+00 1.581979312410045357e-01 7.523092842074492748e-02
8.500000000000000000e+02 8.274655459058942453e-02 1.438711903396526839e-02 0.000000000000000000e+00 0.000000000000000000e+00 7.455756932713468454e-02 9.403516668962642877e-03
8.550000000000000000e+02 1.619739571764614028e-01 2.580898428019027246e-01 0.000000000000000000e+00 1.000000000000000000e+00 1.247741048921293255e-01 7.136418081698799043e-02
8.600000000000000000e+02 2.384142448045007412e-01 1.547575370288572505e-01 0.000000000000000000e+00 0.000000000000000000e+00 1.571807485123986603e-01 1.549049226142129587e-01
8.650000000000000000e+02 2.416825618129015696e-01 1.770571087782605579e-01 1.000000000000000000e+00 0.000000000000000000e+00 6.856808062086403033e-02 2.131388686274471589e-01
8.700000000000000000e+02 1.740709369680966956e-01 1.213881231590281141e-02 0.000000000000000000e+00 0.000000000000000000e+00 1.255321814251600110e-01 2.399670445990967002e-02
8.750000000000000000e+02 3.245910295526259759e-01 1.837247783880382179e-01 0.000000000000000000e+00 0.000000000000000000e+00 1.156789504487756720e-01 1.042525095434085336e-01
8.800000000000000000e+02 2.542622906064629928e-01 1.027289389173684508e-01 0.000000000000000000e+00 0.000000000000000000e+00 1.228595619623035762e-01 1.123284313005594309e-01
8.850000000000000000e+02 3.219622481013418858e-01 7.209726469446285646e-02 0.000000000000000000e+00 0.000000000000000000e+00 1.153636016031886757e-01 7.346270381183814258e-02
8.900000000000000000e+02 3.883950996225501995e-01 4.676035749521829932e-02 1.000000000000000000e+00 0.000000000000000000e+00 9.648515572927687800e-02 5.461785092015242898e-02
8.950000000000000000e+02 9.212192988481386624e-02 3.506909050638160052e-01 0.000000000000000000e+00 0.000000000000000000e+00 7.781836333083323731e-02 1.284380027162312643e-01
9.000000000000000000e+02 1.863844642394284767e-01 5.423191516724552852e-03 0.000000000000000000e+00 0.000000000000000000e+00 1.924904766414262669e-01 8.736260089207407986e-02
9.050000000000000000e+02 1.790092777529119217e-01 1.220167168419112724e-03 0.000000000000000000e+00 0.000000000000000000e+00 1.597685386902897575e-01 3.275820237851701042e-03
9.100000000000000000e+02 1.634845721342868541e-01 2.282683820818643683e-01 0.000000000000000000e+00 0.000000000000000000e+00 1.271571293215553455e-01 1.592646993685491730e-01
9.150000000000000000e+02 1.730800842044774301e-01 2.022911944293387942e-01 0.000000000000000000e+00 0.000000000000000000e+00 2.141865804084251979e-01 1.106199192380870611e-01
9.200000000000000000e+02 7.105238197780137932e-02 2.953875375363412270e-01 0.000000000000000000e+00 0.000000000000000000e+00 1.685960711547681012e-01 1.511653105963401134e-01
9.250000000000000000e+02 2.188636213817014009e-01 2.120533990521798473e-01 0.000000000000000000e+00 0.000000000000000000e+00 1.403758382325998588e-01 8.892998616742708862e-02
9.300000000000000000e+02 2.435002182420463179e-01 1.480605145372392017e-01 0.000000000000000000e+00 0.000000000000000000e+00 1.051562281557891221e-01 6.514757490724158717e-02
9.350000000000000000e+02 2.570293061276550661e-01 1.473445747456073041e-01 0.000000000000000000e+00 0.000000000000000000e+00 2.185627392184406048e-01 1.183946180261850334e-01
9.400000000000000000e+02 2.781970071466152716e-01 1.562268800712915962e-01 0.000000000000000000e+00 0.000000000000000000e+00 1.220687927329589945e-01 1.023593687545442527e-01
9.450000000000000000e+02 0.000000000000000000e+00 1.673364928986388334e-01 0.000000000000000000e+00 0.000000000000000000e+00 0.000000000000000000e+00 1.045876976853609697e-01
9.500000000000000000e+02 1.634228239402892857e-01 2.959594209344226234e-01 0.000000000000000000e+00 1.000000000000000000e+00 1.209466393113236005e-01 8.257742598524568656e-02
9.550000000000000000e+02 3.617577892035241938e-01 2.685390353007177655e-01 0.000000000000000000e+00 0.000000000000000000e+00 1.536868335289790777e-01 1.848573348737951316e-01
9.600000000000000000e+02 1.882068704979479937e-02 2.769453226146706415e-01 0.000000000000000000e+00 0.000000000000000000e+00 1.873183283968393731e-02 1.232517783630819180e-01
9.650000000000000000e+02 1.455508382568716785e-01 1.342877338985695723e-01 0.000000000000000000e+00 0.000000000000000000e+00 1.563069249115344450e-01 1.204117395507792176e-01
9.700000000000000000e+02 2.781814524955287804e-01 5.931050111792166707e-02 0.000000000000000000e+00 0.000000000000000000e+00 1.100465052624715612e-01 6.079971728707749684e-02
9.750000000000000000e+02 5.016983049681813522e-01 1.949399920824039789e-01 1.000000000000000000e+00 0.000000000000000000e+00 1.675086612309341083e-01 1.412806526815966746e-01
9.800000000000000000e+02 1.877889372128156154e-01 1.898887672234495505e-01 0.000000000000000000e+00 0.000000000000000000e+00 8.317960695463472165e-02 9.712002810284756094e-02
9.850000000000000000e+02 4.142544976905550985e-02 4.098530111261948494e-02 0.000000000000000000e+00 0.000000000000000000e+00 1.680214964136744760e-01 6.221398906978697213e-02
9.900000000000000000e+02 3.315786770170842113e-01 1.851272382187460486e-01 0.000000000000000000e+00 0.000000000000000000e+00 1.296094709574818482e-01 1.103470950684250912e-01
9.950000000000000000e+02 2.490625185901220525e-04 1.841174228573970173e-01 0.000000000000000000e+00 0.000000000000000000e+00 2.395107622806944524e-03 1.137394306059079652e-01
