0.000000000000000000e+00 0.000000000000000000e+00 0.000000000000000000e+00 0.000000000000000000e+00 0.000000000000000000e+00 0.000000000000000000e+00 0.000000000000000000e+00
5.000000000000000000e+00 6.098678386251423778e-01 9.777696262301773800e-01 0.000000000000000000e+00 1.000000000000000000e+00 1.962440777983342211e-01 1.487849480389447920e-01
1.000000000000000000e+01 7.651781065499169143e-01 5.429879959384991128e-01 1.000000000000000000e+00 0.000000000000000000e+00 1.191648828902944629e-01 1.658536127205447464e-01
1.500000000000000000e+01 6.199521767630663538e-01 6.670176597516548345e-01 0.000000000000000000e+00 1.000000000000000000e+00 1.845946316069112803e-01 1.497361470623865543e-01
2.000000000000000000e+01 6.310456398968915526e-01 5.026771747559720671e-01 0.000000000000000000e+00 0.000000000000000000e+00 1.503992760699544018e-01 1.658419661435509562e-01
2.500000000000000000e+01 7.470800277757313479e-01 3.853855296416690557e-01 1.000000000000000000e+00 0.000000000000000000e+00 1.261471148435989176e-01 1.666425430059019219e-01
3.000000000000000000e+01 6.769069922870042388e-01 3.350732568819701496e-01 0.000000000000000000e+00 0.000000000000000000e+00 1.633781153301998579e-01 9.573042578374715839e-02
3.500000000000000000e+01 7.563376163880214387e-01 5.058473967911616409e-01 1.000000000000000000e+00 0.000000000000000000e+00 1.197476603310426435e-01 1.568031136168569484e-01
4.000000000000000000e+01 5.819633921461382364e-01 5.739661394100281644e-01 0.000000000000000000e+00 1.000000000000000000e+00 1.780668057897247525e-01 1.291521228060164284e-01
4.500000000000000000e+01 6.552107739391729302e-01 4.430598775321026861e-01 1.000000000000000000e+00 0.000000000000000000e+00 1.476320761191067810e-01 2.032173588431929190e-01
5.000000000000000000e+01 7.086892399856296043e-01 6.489981480016075999e-01 1.000000000000000000e+00 1.000000000000000000e+00 1.024306651098745163e-01 8.366018843072949018e-02
5.500000000000000000e+01 5.170695135372584961e-01 5.887085890726375670e-01 1.000000000000000000e+00 0.000000000000000000e+00 7.789953229153301351e-02 1.731690453629752824e-01
6.000000000000000000e+01 5.490221152579994879e-01 6.809628502327805810e-01 0.000000000000000000e+00 0.000000000000000000e+00 1.281311726541175533e-01 1.629233783097675803e-01
6.500000000000000000e+01 6.236879704362590093e-01 3.281191828652688658e-01 1.000000000000000000e+00 0.000000000000000000e+00 1.211391333653521196e-01 9.889760505577782634e-02
7.000000000000000000e+01 5.847488612471402059e-01 4.694147590040598783e-01 0.000000000000000000e+00 0.000000000000000000e+00 1.611247393423899388e-01 2.587047341045554671e-01
7.500000000000000000e+01 7.636634628616301157e-01 5.001538453917733218e-01 0.000000000000000000e+00 0.000000000000000000e+00 1.900210334361638886e-01 1.613640347023895805e-01
8.000000000000000000e+01 6.835021717654139461e-01 4.416065580460843409e-01 1.000000000000000000e+00 0.000000000000000000e+00 1.418132867595689184e-01 2.104444039832867874e-01
8.500000000000000000e+01 4.519613367551430505e-01 4.399233176269164436e-01 0.000000000000000000e+00 0.000000000000000000e+00 1.805385197224574079e-01 2.319791455725022100e-01
9.000000000000000000e+01 6.476741284805458410e-01 5.829535647774372054e-01 0.000000000000000000e+00 0.000000000000000000e+00 1.862982523174980809e-01 1.552275218670723100e-01
9.500000000000000000e+01 6.559260803595584610e-01 5.228027411555898896e-01 0.000000000000000000e+00 0.000000000000000000e+00 2.248320964536142108e-01 1.880667651297245890e-01
1.000000000000000000e+02 4.757059064465201104e-01 4.554728037687824083e-01 0.000000000000000000e+00 0.000000000000000000e+00 1.750745685431779053e-01 1.299915862444547821e-01
1.050000000000000000e+02 6.699291938338256536e-01 4.229926842550468247e-01 0.000000000000000000e+00 0.000000000000000000e+00 2.185617879890491555e-01 1.544311723949496062e-01
1.100000000000000000e+02 5.332541229269066596e-01 4.621721201344353713e-01 0.000000000000000000e+00 0.000000000000000000e+00 1.338646364716623294e-01 1.883297941798514619e-01
1.150000000000000000e+02 7.309917121348361579e-01 3.684135405029141386e-01 0.000000000000000000e+00 0.000000000000000000e+00 2.534315348625235664e-01 1.360968141911371998e-01
1.200000000000000000e+02 5.650782506945016825e-01 3.820944592199855272e-01 0.000000000000000000e+00 0.000000000000000000e+00 1.760544659710469584e-01 1.909487948910907340e-01
1.250000000000000000e+02 3.866076540873375489e-01 6.540439651030516277e-01 0.000000000000000000e+00 1.000000000000000000e+00 1.153661051457784970e-01 1.202526052889652114e-01
1.300000000000000000e+02 5.398422888087920368e-01 4.209902780914068776e-01 1.000000000000000000e+00 0.000000000000000000e+00 1.235793374998988836e-01 1.780332134885382056e-01
1.350000000000000000e+02 3.084982875674450731e-01 3.937365709582450468e-01 0.000000000000000000e+00 0.000000000000000000e+00 2.071317334213718109e-01 1.678231460066184622e-01
1.400000000000000000e+02 5.415613109348654808e-01 3.720491749981187923e-01 0.000000000000000000e+00 0.000000000000000000e+00 2.909182651859752999e-01 1.716215775108653752e-01
1.450000000000000000e+02 5.561927339281089733e-01 6.381849749547712225e-01 0.000000000000000000e+00 0.000000000000000000e+00 2.022711284095901341e-01 1.804818363124378877e-01
1.500000000000000000e+02 4.784435552186363516e-01 4.669664483917216335e-01 0.000000000000000000e+00 0.000000000000000000e+00 1.329526663675245080e-01 1.647682724878555549e-01
1.550000000000000000e+02 6.942517512814859737e-01 3.203733541939416396e-01 0.000000000000000000e+00 0.000000000000000000e+00 2.321235914304094206e-01 1.099449281038654830e-01
1.600000000000000000e+02 6.900190308685559826e-01 3.132206066185198035e-01 1.000000000000000000e+00 0.000000000000000000e+00 1.532797386940871476e-01 2.241666924700431163e-01
1.650000000000000000e+02 5.276026675987350867e-01 3.727313891697590642e-01 1.000000000000000000e+00 0.000000000000000000e+00 1.135344727318932517e-01 1.455094752679400305e-01
1.700000000000000000e+02 6.476667684048229567e-01 3.877513914591166899e-01 0.000000000000000000e+00 0.000000000000000000e+00 2.221161249642734370e-01 1.982863880886443220e-01
1.750000000000000000e+02 3.437896656586931776e-01 4.770354472139427537e-01 0.000000000000000000e+00 0.000000000000000000e+00 2.219231166947415457e-01 1.487812803257548833e-01
1.800000000000000000e+02 4.453600562021189369e-01 4.519974651814722688e-01 0.000000000000000000e+00 0.000000000000000000e+00 2.098759745441274027e-01 2.011593863730093412e-01
1.850000000000000000e+02 4.770466714303740474e-01 5.686826593528355733e-01 0.000000000000000000e+00 0.000000000000000000e+00 1.232300813165680825e-01 2.244949034045005676e-01
1.900000000000000000e+02 5.523892812965851551e-01 5.766516161232995152e-01 0.000000000000000000e+00 0.000000000000000000e+00 1.381981983314449214e-01 1.858885339697393668e-01
1.950000000000000000e+02 5.599191828788380176e-01 4.018766385660896279e-01 0.000000000000000000e+00 0.000000000000000000e+00 2.097074037462235974e-01 1.235769167300530824e-01
2.000000000000000000e+02 5.444037474717238201e-01 5.982279538026336052e-01 0.000000000000000000e+00 0.000000000000000000e+00 2.019430352675754825e-01 1.976963267782913258e-01
2.050000000000000000e+02 6.276472058257455133e-01 3.653642578196195645e-01 0.000000000000000000e+00 0.000000000000000000e+00 1.474717785090624567e-01 1.583322464856688483e-01
2.100000000000000000e+02 4.467141395259465741e-01 4.325121846635405776e-01 0.000000000000000000e+00 0.000000000000000000e+00 1.719614295504008072e-01 2.027186036026076832e-01
2.150000000000000000e+02 4.927738794055763205e-01 4.137023523437005079e-01 1.000000000000000000e+00 0.000000000000000000e+00 9.935122033641810568e-02 1.264208800923448117e-01
2.200000000000000000e+02 5.705800098663907916e-01 3.858789026366635233e-01 0.000000000000000000e+00 0.000000000000000000e+00 1.721122901618387102e-01 1.887497286323383261e-01
2.250000000000000000e+02 4.319824260252577153e-01 4.231490505550136727e-01 0.000000000000000000e+00 0.000000000000000000e+00 1.913175854285542044e-01 1.959819182382326885e-01
2.300000000000000000e+02 2.705655827704853134e-01 3.811300028512117910e-01 0.000000000000000000e+00 0.000000000000000000e+00 1.473033991004198129e-01 1.806359515932491333e-01
2.350000000000000000e+02 4.027696638456120803e-01 4.246171227240534418e-01 0.000000000000000000e+00 0.000000000000000000e+00 1.236492764561812341e-01 1.361129869427474548e-01
2.400000000000000000e+02 5.160754112910762581e-01 1.802531286857486370e-01 0.000000000000000000e+00 0.000000000000000000e+00 1.676235102010564249e-01 1.728889226536867718e-01
2.450000000000000000e+02 3.904374754453253105e-01 3.972994995706100041e-01 0.000000000000000000e+00 0.000000000000000000e+00 1.113424721625789066e-01 1.818379383578619946e-01
2.500000000000000000e+02 4.531101972781547138e-01 3.732722980167230142e-01 0.000000000000000000e+00 0.000000000000000000e+00 1.578677874227172040e-01 1.592124487027549440e-01
2.550000000000000000e+02 4.191166281002433047e-01 4.159856382711464851e-01 0.000000000000000000e+00 0.000000000000000000e+00 1.525446096789131456e-01 1.390905783023176634e-01
2.600000000000000000e+02 5.002928400523021235e-01 2.704415817350280249e-01 0.000000000000000000e+00 0.000000000000000000e+00 1.330596774339969646e-01 1.447727594263217843e-01
2.650000000000000000e+02 5.524733035199661524e-01 3.700641033636611898e-01 1.000000000000000000e+00 0.000000000000000000e+00 1.244149978675623130e-01 1.575024672294892125e-01
2.700000000000000000e+02 5.660617367112910081e-01 2.892721939335515802e-01 0.000000000000000000e+00 0.000000000000000000e+00 1.784407007507386456e-01 1.838932281885991282e-01
2.750000000000000000e+02 3.165148104793921724e-01 3.900837038646292054e-01 0.000000000000000000e+00 0.000000000000000000e+00 1.797509221960077175e-01 2.039886813423586187e-01
2.800000000000000000e+02 7.002516956487186972e-01 4.588466243519215837e-01 0.000000000000000000e+00 0.000000000000000000e+00 1.922500696113899898e-01 2.994243366010729268e-01
2.850000000000000000e+02 3.000348001150029420e-01 3.502335292950052859e-01 0.000000000000000000e+00 0.000000000000000000e+00 1.110969073905217347e-01 1.552112033019486526e-01
2.900000000000000000e+02 3.790090926719402731e-01 4.018535108141579881e-01 0.000000000000000000e+00 0.000000000000000000e+00 1.374426325073584143e-01 1.063642345725222954e-01
2.950000000000000000e+02 3.143217638313083873e-01 3.485497456248917159e-01 0.000000000000000000e+00 0.000000000000000000e+00 1.723265667456969630e-01 1.354901650951091940e-01
3.000000000000000000e+02 2.907472777021430366e-01 3.927350784967960640e-01 0.000000000000000000e+00 0.000000000000000000e+00 1.484846705400387212e-01 1.198244960447573809e-01
3.050000000000000000e+02 5.070440175869108668e-01 4.401040580012556269e-01 0.000000000000000000e+00 0.000000000000000000e+00 1.689806983814281793e-01 2.031363168816649745e-01
3.100000000000000000e+02 3.478928794633348032e-01 4.184647349228273749e-01 0.000000000000000000e+00 0.000000000000000000e+00 1.541616690235216025e-01 1.485577607117683774e-01
3.150000000000000000e+02 3.713553087850732792e-01 2.299852501487859302e-01 0.000000000000000000e+00 0.000000000000000000e+00 1.246253123934960849e-01 1.078451931057536617e-01
3.200000000000000000e+02 4.408365891669628889e-01 3.238366024207981475e-01 0.000000000000000000e+00 0.000000000000000000e+00 1.214151123994743620e-01 1.790593353039377222e-01
3.250000000000000000e+02 3.968320476197580438e-01 5.163517969015316567e-01 0.000000000000000000e+00 1.000000000000000000e+00 9.573227946319129433e-02 1.151663700783123745e-01
3.300000000000000000e+02 3.358263738555297695e-01 4.331051398282710352e-01 0.000000000000000000e+00 0.000000000000000000e+00 9.831483946391753048e-02 1.068007951021992252e-01
3.350000000000000000e+02 2.071697843645030068e-01 4.972770419500717187e-01 0.000000000000000000e+00 0.000000000000000000e+00 1.868786797982817938e-01 1.231171949497694845e-01
3.400000000000000000e+02 5.522866344916911308e-01 2.254415421518785878e-01 0.000000000000000000e+00 0.000000000000000000e+00 1.574757410364998333e-01 1.786678101216306602e-01
3.450000000000000000e+02 2.573843605595549922e-01 7.263085114131000164e-02 0.000000000000000000e+00 0.000000000000000000e+00 1.368382341650716261e-01 8.694399135411942647e-02
3.500000000000000000e+02 4.210529117133102739e-01 4.766778239427735819e-01 0.000000000000000000e+00 0.000000000000000000e+00 1.405310211646937923e-01 1.659266711221831225e-01
3.550000000000000000e+02 2.930746174798313231e-01 7.896422917752854431e-02 0.000000000000000000e+00 0.000000000000000000e+00 2.001563654423440808e-01 1.483458494847779419e-01
3.600000000000000000e+02 4.322143432606952440e-01 2.851347212921294672e-01 0.000000000000000000e+00 0.000000000000000000e+00 1.059126486185131000e-01 1.453696587662985373e-01
3.650000000000000000e+02 2.913245571414150303e-01 3.937023849452098712e-01 0.000000000000000000e+00 0.000000000000000000e+00 1.571188179587877376e-01 1.403785314502666304e-01
3.700000000000000000e+02 6.695584333898840779e-01 4.597663686670032668e-01 1.000000000000000000e+00 0.000000000000000000e+00 1.422891589700913950e-01 1.841395041582485070e-01
3.750000000000000000e+02 3.928166391183878225e-01 1.981124392649820654e-01 0.000000000000000000e+00 0.000000000000000000e+00 1.658093170725491450e-01 1.025909155496648878e-01
3.800000000000000000e+02 4.266912829860410872e-01 3.124908959178943069e-01 0.000000000000000000e+00 0.000000000000000000e+00 1.342780620394740942e-01 9.289372664778670907e-02
3.850000000000000000e+02 4.054203147633156368e-01 3.640760485395816981e-01 0.000000000000000000e+00 1.000000000000000000e+00 1.386142657175142845e-01 8.296537507481804852e-02
3.900000000000000000e+02 6.198536508827074965e-01 3.058901617017766306e-01 0.000000000000000000e+00 0.000000000000000000e+00 1.659917983593138802e-01 1.197868269061340696e-01
3.950000000000000000e+02 3.312315967173654063e-01 4.087224446727355520e-01 0.000000000000000000e+00 0.000000000000000000e+00 2.220060829717781792e-01 1.490716327498327054e-01
4.000000000000000000e+02 3.222293841041483642e-01 3.980279965288743838e-01 0.000000000000000000e+00 0.000000000000000000e+00 1.978063668094027228e-01 1.719621011386102127e-01
4.050000000000000000e+02 4.287539207213895698e-01 3.551488502506751632e-01 0.000000000000000000e+00 0.000000000000000000e+00 1.644477500977575557e-01 1.740030065676569926e-01
4.100000000000000000e+02 2.165099164795883380e-01 3.270245261593758834e-01 0.000000000000000000e+00 0.000000000000000000e+00 1.224013950525931760e-01 1.392807938698532311e-01
4.150000000000000000e+02 2.202132193800790394e-01 2.911517331896148475e-01 0.000000000000000000e+00 0.000000000000000000e+00 1.435992537000511660e-01 1.718968880169330082e-01
4.200000000000000000e+02 9.263531973040868561e-02 3.092206524391113431e-01 0.000000000000000000e+00 0.000000000000000000e+00 1.396004656482816020e-01 1.562676318933648445e-01
4.250000000000000000e+02 2.471789021869114367e-01 1.803273008282511025e-01 0.000000000000000000e+00 0.000000000000000000e+00 1.596898384429741302e-01 8.639977064843612498e-02
4.300000000000000000e+02 2.912339483494303938e-01 1.955155659169402482e-01 0.000000000000000000e+00 0.000000000000000000e+00 1.579464004894802487e-01 1.610446454157751228e-01
4.350000000000000000e+02 2.899093556589373288e-01 2.078270892153479266e-01 0.000000000000000000e+00 0.000000000000000000e+00 1.375103692903579811e-01 1.052369375898192516e-01
4.400000000000000000e+02 3.316179050498801462e-01 2.768390829444326573e-01 0.000000000000000000e+00 0.000000000000000000e+00 1.496817764304686216e-01 7.816762078391201185e-02
4.450000000000000000e+02 2.019757250330238563e-01 4.016390867715391444e-01 0.000000000000000000e+00 0.000000000000000000e+00 1.492948361360735554e-01 9.961616473064278943e-02
4.500000000000000000e+02 3.915316349523895734e-01 2.791815220841901146e-01 0.000000000000000000e+00 0.000000000000000000e+00 1.610108992019713969e-01 8.267248972493790315e-02
4.550000000000000000e+02 1.471828700441223936e-01 2.598037666135463719e-01 0.000000000000000000e+00 0.000000000000000000e+00 1.708732032585382199e-01 1.265124994089595611e-01
4.600000000000000000e+02 6.057566247607735349e-02 3.251842439989023892e-01 0.000000000000000000e+00 0.000000000000000000e+00 1.454979604890732636e-01 1.246401955976300796e-01
4.650000000000000000e+02 3.633738148433174886e-01 7.273446045382496450e-02 0.000000000000000000e+00 0.000000000000000000e+00 1.452976712960660222e-01 4.725712337191822349e-02
4.700000000000000000e+02 3.221792404517662689e-01 1.388724905761650474e-01 0.000000000000000000e+00 0.000000000000000000e+00 2.055080607070301491e-01 9.637666956309115518e-02
4.750000000000000000e+02 1.551636496785838149e-01 2.554084184047354933e-01 0.000000000000000000e+00 0.000000000000000000e+00 1.667729313561733817e-01 1.074892635286661957e-01
4.800000000000000000e+02 3.244716699021031325e-01 1.121069603311617147e-01 0.000000000000000000e+00 0.000000000000000000e+00 1.619032340561297745e-01 1.378299229018962735e-01
4.850000000000000000e+02 1.143258106687347342e-01 2.449037244770407573e-01 0.000000000000000000e+00 0.000000000000000000e+00 1.585447731982080055e-01 1.665047902628453147e-01
4.900000000000000000e+02 3.963518586930089849e-01 1.535080469323548413e-01 0.000000000000000000e+00 0.000000000000000000e+00 1.526743012708459690e-01 1.151051580638084021e-01
4.950000000000000000e+02 2.756694718834430402e-01 1.311992581166093186e-01 0.000000000000000000e+00 0.000000000000000000e+00 1.932673350041335669e-01 1.049083547473463468e-01
5.000000000000000000e+02 8.243052159978446480e-02 2.807111322211762738e-01 0.000000000000000000e+00 0.000000000000000000e+00 6.318190356761843596e-02 1.796982575355933753e-01
5.050000000000000000e+02 1.746674754013304853e-01 1.261806652877278390e-01 0.000000000000000000e+00 0.000000000000000000e+00 2.103364832812138763e-01 1.075061080054281887e-01
5.100000000000000000e+02 8.551056501593548576e-02 4.430400296517426062e-01 0.000000000000000000e+00 0.000000000000000000e+00 1.398393495825863697e-01 1.422006869331456091e-01
5.150000000000000000e+02 2.368781671510547804e-01 1.899871792627915446e-01 0.000000000000000000e+00 0.000000000000000000e+00 1.212847731292687886e-01 1.432812666387507927e-01
5.200000000000000000e+02 3.052274462988286419e-01 5.224646667095878862e-03 0.000000000000000000e+00 0.000000000000000000e+00 1.519060451919355681e-01 2.378429258906836555e-03
5.250000000000000000e+02 2.920401541296681058e-01 4.420074427993718191e-01 0.000000000000000000e+00 0.000000000000000000e+00 1.680605849390950368e-01 1.059929748043385578e-01
5.300000000000000000e+02 1.380478274328856836e-01 1.660323919748080967e-01 0.000000000000000000e+00 0.000000000000000000e+00 1.348522430786223969e-01 9.822751534459787937e-02
5.350000000000000000e+02 1.787899990291152430e-01 1.291080659638776940e-01 0.000000000000000000e+00 0.000000000000000000e+00 1.680372444768662710e-01 8.158276681285332732e-02
5.400000000000000000e+02 3.540393789517725653e-01 1.548085086609266303e-01 0.000000000000000000e+00 0.000000000000000000e+00 1.444232192068388987e-01 1.449837213135622693e-01
5.450000000000000000e+02 2.582104298681399054e-02 6.483157466543044978e-02 0.000000000000000000e+00 0.000000000000000000e+00 1.000525232273946213e-01 1.044064315836255863e-01
5.500000000000000000e+02 1.867664500889988088e-01 2.080896776548560312e-01 0.000000000000000000e+00 0.000000000000000000e+00 1.302097933907712668e-01 1.633130821437387969e-01
5.550000000000000000e+02 1.159166669010367468e-01 2.420293628320578649e-01 0.000000000000000000e+00 0.000000000000000000e+00 9.676199776326152580e-02 1.630457386218018001e-01
5.600000000000000000e+02 1.980933734610442198e-01 1.111544426118607209e-01 0.000000000000000000e+00 0.000000000000000000e+00 1.867995968734413315e-01 2.063735644579171302e-01
5.650000000000000000e+02 2.202306444877720204e-01 1.917407241109315152e-01 0.000000000000000000e+00 0.000000000000000000e+00 1.399812008481607084e-01 1.407304621724004001e-01
5.700000000000000000e+02 8.898540647462500897e-02 3.488684430910976020e-01 0.000000000000000000e+00 0.000000000000000000e+00 1.694161907411947665e-01 1.134951485653295095e-01
5.750000000000000000e+02 2.616377085565532723e-01 2.345044142969587853e-01 0.000000000000000000e+00 0.000000000000000000e+00 1.641308000954426471e-01 9.384692379695191988e-02
5.800000000000000000e+02 5.395192759314417635e-02 1.418795772625742191e-01 0.000000000000000000e+00 0.000000000000000000e+00 7.241778920210958925e-02 1.671360469423058548e-01
5.850000000000000000e+02 1.748112918370506585e-01 2.120767775591707593e-01 0.000000000000000000e+00 0.000000000000000000e+00 1.784213429089399061e-01 8.215175796145675335e-02
5.900000000000000000e+02 2.003479787384877808e-01 1.563108161208251745e-01 0.000000000000000000e+00 0.000000000000000000e+00 1.243139409551677482e-01 1.862031216925515431e-01
5.950000000000000000e+02 2.426640684095201228e-01 2.647955705134362736e-01 0.000000000000000000e+00 0.000000000000000000e+00 1.140397633347185191e-01 1.420800755571330898e-01
6.000000000000000000e+02 1.330367654108138287e-01 2.334458835137998012e-01 0.000000000000000000e+00 0.000000000000000000e+00 1.065494075414797348e-01 1.226180327165782430e-01
6.050000000000000000e+02 1.464615842902497744e-01 2.276845035246806703e-01 0.000000000000000000e+00 0.000000000000000000e+00 1.322254456031994041e-01 1.473155109552281294e-01
6.100000000000000000e+02 1.336206683426831854e-01 2.033281410768824071e-01 0.000000000000000000e+00 0.000000000000000000e+00 1.807949057948282368e-01 1.498279501863087892e-01
6.150000000000000000e+02 2.570940308321035817e-01 7.186818292794022733e-02 0.000000000000000000e+00 0.000000000000000000e+00 1.645695570226256566e-01 1.317663766986343910e-01
6.200000000000000000e+02 1.547718314961285813e-01 3.799133251633474151e-01 0.000000000000000000e+00 0.000000000000000000e+00 1.082313434933121765e-01 9.467234365784357730e-02
6.250000000000000000e+02 2.144379996780555742e-01 1.727369770112862912e-01 0.000000000000000000e+00 0.000000000000000000e+00 1.620969148158233619e-01 8.609418310770251825e-02
6.300000000000000000e+02 1.587579879751498113e-01 5.703093401568317539e-02 0.000000000000000000e+00 0.000000000000000000e+00 1.163348442945551231e-01 1.332002500883760210e-01
6.350000000000000000e+02 2.574424163444687386e-01 3.488140814802499490e-01 0.000000000000000000e+00 0.000000000000000000e+00 7.752714310832559130e-02 1.477320218526191331e-01
6.400000000000000000e+02 2.164817248114926096e-01 1.645686580239055230e-01 0.000000000000000000e+00 0.000000000000000000e+00 1.261212168416336321e-01 1.514811394821479196e-01
6.450000000000000000e+02 5.697997743396662068e-02 2.506625148957394300e-01 0.000000000000000000e+00 0.000000000000000000e+00 6.080320077790493660e-02 1.318636667103511573e-01
6.500000000000000000e+02 3.075334577462057739e-01 1.504734113693547426e-01 0.000000000000000000e+00 0.000000000000000000e+00 1.648496706683624524e-01 1.029166576030743907e-01
6.550000000000000000e+02 1.889785825427948152e-01 1.336105629732285693e-02 0.000000000000000000e+00 0.000000000000000000e+00 7.313544609764614790e-02 1.800659553049361802e-02
6.600000000000000000e+02 2.085805140424297766e-01 1.629813834402611336e-02 0.000000000000000000e+00 0.000000000000000000e+00 1.121274631840721153e-01 1.423619850437117806e-01
6.650000000000000000e+02 2.347490548010434108e-01 1.564083525417677423e-01 0.000000000000000000e+00 0.000000000000000000e+00 1.372418862979399024e-01 5.962956273102275329e-02
6.700000000000000000e+02 2.853864768974865296e-01 1.058014425976963047e-01 0.000000000000000000e+00 0.000000000000000000e+00 1.768045307034733782e-01 1.084124819952912017e-01
6.750000000000000000e+02 2.470123508348193719e-01 2.629125201288801117e-02 0.000000000000000000e+00 0.000000000000000000e+00 1.826901101052599286e-01 1.013344522136741116e-01
6.800000000000000000e+02 1.242663141896689361e-01 1.074447512976742375e-01 0.000000000000000000e+00 0.000000000000000000e+00 1.216902919671265515e-01 1.336790727846290938e-01
6.850000000000000000e+02 1.974152982487827890e-01 1.991612558592328330e-01 0.000000000000000000e+00 0.000000000000000000e+00 9.176605366459504587e-02 7.054510685972520401e-02
6.900000000000000000e+02 3.202140951146129622e-01 3.679514028630320177e-01 0.000000000000000000e+00 0.000000000000000000e+00 1.301451773379728727e-01 1.201556122080202904e-01
6.950000000000000000e+02 8.825628985091997850e-03 2.569763741940881419e-01 0.000000000000000000e+00 0.000000000000000000e+00 2.005657561911767042e-02 1.313004682575900084e-01
7.000000000000000000e+02 1.005429117757183216e-01 1.403272093729560077e-02 0.000000000000000000e+00 0.000000000000000000e+00 5.965486659319029633e-02 2.323761764151981157e-02
7.050000000000000000e+02 4.162137079111982371e-03 1.330748704411067185e-01 0.000000000000000000e+00 0.000000000000000000e+00 2.373634772386162828e-02 1.827182651250409406e-01
7.100000000000000000e+02 4.358642697692151069e-01 3.070106330053329335e-01 0.000000000000000000e+00 0.000000000000000000e+00 1.548013228522935048e-01 9.543638964727770013e-02
7.150000000000000000e+02 1.283903970837739494e-01 3.125357464617476433e-01 0.000000000000000000e+00 0.000000000000000000e+00 9.082974668501356263e-02 1.734862471114427818e-01
7.200000000000000000e+02 4.796265825520949766e-02 2.068849181881841637e-01 0.000000000000000000e+00 0.000000000000000000e+00 3.600005014561466488e-02 1.554474625582215330e-01
7.250000000000000000e+02 2.976310722803672190e-02 2.397825847912028185e-01 0.000000000000000000e+00 0.000000000000000000e+00 1.517891100890453038e-01 9.326785472569598667e-02
7.300000000000000000e+02 3.011606734362301530e-02 3.772276961614959290e-02 0.000000000000000000e+00 0.000000000000000000e+00 1.341367229036725117e-01 3.626853169586612829e-02
7.350000000000000000e+02 1.350507993010016949e-01 3.754804778639633800e-02 0.000000000000000000e+00 0.000000000000000000e+00 8.665053730949280608e-02 4.790124039406901818e-02
7.400000000000000000e+02 1.684697240804696738e-01 1.735826361824945388e-02 0.000000000000000000e+00 0.000000000000000000e+00 1.271982269652755237e-01 1.285808071584172152e-01
7.450000000000000000e+02 1.268308461223684458e-01 2.036693837220594772e-01 0.000000000000000000e+00 0.000000000000000000e+00 1.025823878229751851e-01 1.231394542064877667e-01
7.500000000000000000e+02 1.530731186828831469e-01 4.947217095524275576e-01 0.000000000000000000e+00 0.000000000000000000e+00 1.548493467708535742e-01 1.593857315286877907e-01
7.550000000000000000e+02 2.141024735395306577e-01 3.164897263945958827e-01 0.000000000000000000e+00 0.000000000000000000e+00 2.130842010832570133e-01 1.619741338637615824e-01
7.600000000000000000e+02 1.050404251434978037e-01 1.616746974269502868e-01 0.000000000000000000e+00 0.000000000000000000e+00 1.450902324611989258e-01 1.054375649460769504e-01
7.650000000000000000e+02 4.622837095782047351e-02 2.751766198198222352e-02 0.000000000000000000e+00 0.000000000000000000e+00 1.083467487569858695e-01 1.465676784837758595e-01
7.700000000000000000e+02 1.887071254380963126e-01 2.974763290501863389e-01 0.000000000000000000e+00 0.000000000000000000e+00 1.087950848626227235e-01 8.626361142503860546e-02
7.750000000000000000e+02 2.481721661525121692e-01 3.469887481792860440e-01 0.000000000000000000e+00 0.000000000000000000e+00 1.153581301508140727e-01 1.186733371064964959e-01
7.800000000000000000e+02 1.415475227726141830e-02 6.049956405146324212e-02 0.000000000000000000e+00 0.000000000000000000e+00 1.111985343105288682e-01 5.725106803186162663e-02
7.850000000000000000e+02 2.079415556479133342e-01 3.179849901519108957e-01 0.000000000000000000e+00 0.000000000000000000e+00 9.687098329029207588e-02 1.575698737717038667e-01
7.900000000000000000e+02 5.229781448320811738e-02 1.776776278425101219e-01 0.000000000000000000e+00 0.000000000000000000e+00 1.155388641004493622e-01 1.043690897231178416e-01
7.950000000000000000e+02 7.270312941764503489e-02 7.962493469506368160e-02 0.000000000000000000e+00 0.000000000000000000e+00 3.591682903076409000e-02 1.014649291584368979e-01
8.000000000000000000e+02 7.576838918569542281e-02 1.673955776791392347e-01 0.000000000000000000e+00 0.000000000000000000e+00 1.735714773294322055e-01 1.684577028049473457e-01
8.050000000000000000e+02 8.973594524163630570e-02 1.109646682546329977e-01 0.000000000000000000e+00 0.000000000000000000e+00 1.483348122012791981e-01 1.090604631460850016e-01
8.100000000000000000e+02 1.649555655834746282e-01 1.653548517347238345e-01 0.000000000000000000e+00 0.000000000000000000e+00 1.091536125188313361e-01 1.517207615508686103e-01
8.150000000000000000e+02 1.763411802930593686e-01 1.648243222944517639e-01 0.000000000000000000e+00 0.000000000000000000e+00 8.314198988472439045e-02 5.876422675378755595e-02
8.200000000000000000e+02 2.385829882292960780e-01 8.139023782244422800e-02 0.000000000000000000e+00 0.000000000000000000e+00 1.637038104311580311e-01 8.199111479401054170e-02
8.250000000000000000e+02 3.377842641236045856e-02 1.500640077676136663e-01 0.000000000000000000e+00 0.000000000000000000e+00 2.364944888858311681e-02 1.884563617847568595e-01
8.300000000000000000e+02 5.812869690306850246e-02 6.856521089707809380e-02 0.000000000000000000e+00 0.000000000000000000e+00 3.923042494034484351e-02 1.402794972982324417e-01
8.350000000000000000e+02 1.314734197158997364e-01 3.496573198546828465e-01 0.000000000000000000e+00 0.000000000000000000e+00 6.618708757763497319e-02 9.301727131653882152e-02
8.400000000000000000e+02 1.513759770199883115e-01 1.116674962236929858e-01 0.000000000000000000e+00 0.000000000000000000e+00 1.548187682186157044e-01 7.875826123066667628e-02
8.450000000000000000e+02 9.529794140557868581e-03 1.353365230393062391e-01 0.000000000000000000e+00 0.000000000000000000e+00 1.036949690870680313e-02 1.631261388720074701e-01
8.500000000000000000e+02 7.074474453842539978e-02 3.603712259054984712e-01 0.000000000000000000e+00 0.000000000000000000e+00 1.381515665272954885e-01 1.189149746938961139e-01
8.550000000000000000e+02 5.358136717966992257e-02 4.917876502653840270e-02 0.000000000000000000e+00 0.000000000000000000e+00 1.836305720349298010e-01 8.716513860569670424e-02
8.600000000000000000e+02 5.609321735781587145e-03 1.547595134642955339e-01 0.000000000000000000e+00 0.000000000000000000e+00 6.085353036389760939e-03 1.340978624291820076e-01
8.650000000000000000e+02 7.964862567054306619e-02 1.676828328543055191e-01 0.000000000000000000e+00 0.000000000000000000e+00 1.636353072354450600e-01 1.583531222929387694e-01
8.700000000000000000e+02 6.639469619466829668e-03 7.913058977123151039e-02 0.000000000000000000e+00 0.000000000000000000e+00 9.258922274858298607e-03 1.269879880608537348e-01
8.750000000000000000e+02 3.657257106806537372e-01 5.189821127404135870e-02 0.000000000000000000e+00 0.000000000000000000e+00 1.638739628721458674e-01 1.456064656389978451e-01
8.800000000000000000e+02 1.429821911658948896e-01 1.734460799969858580e-01 0.000000000000000000e+00 0.000000000000000000e+00 1.787268018808958470e-01 9.615253702491241561e-02
8.850000000000000000e+02 2.722636565437614939e-02 1.642785068210112498e-01 0.000000000000000000e+00 0.000000000000000000e+00 4.671608618855772888e-02 1.085473775576720479e-01
8.900000000000000000e+02 1.637156005687496196e-01 1.958014826573246658e-01 0.000000000000000000e+00 0.000000000000000000e+00 1.323356356178699844e-01 1.324143082133230898e-01
8.950000000000000000e+02 1.797486094842657561e-02 2.990308849009176151e-01 0.000000000000000000e+00 0.000000000000000000e+00 1.018042079152343266e-01 9.782495592832245179e-02
9.000000000000000000e+02 9.782861532021140671e-02 1.094861945090381747e-02 0.000000000000000000e+00 0.000000000000000000e+00 1.292122315237469454e-01 9.439761726873972802e-02
9.050000000000000000e+02 2.397542785725683551e-02 3.299335853277722275e-01 0.000000000000000000e+00 0.000000000000000000e+00 1.357471759886565328e-02 1.657054572218091826e-01
9.100000000000000000e+02 7.187716955512404686e-03 1.019535317377200379e-01 0.000000000000000000e+00 0.000000000000000000e+00 9.207335739728469970e-02 2.348419820479859532e-01
9.150000000000000000e+02 9.533465283632955312e-02 2.144233224580884278e-01 0.000000000000000000e+00 0.000000000000000000e+00 7.033562898391701457e-02 1.273412553499370659e-01
9.200000000000000000e+02 8.266086179222804919e-02 3.118378583311808283e-01 0.000000000000000000e+00 0.000000000000000000e+00 1.682298620692220248e-01 1.662079866266256978e-01
9.250000000000000000e+02 1.349627382829660105e-01 1.341265872786297775e-01 0.000000000000000000e+00 0.000000000000000000e+00 8.889900640761162764e-02 1.380465977827477209e-01
9.300000000000000000e+02 1.232947849213033298e-01 6.381443338935791076e-02 0.000000000000000000e+00 0.000000000000000000e+00 1.227928845518768963e-01 1.158727681611168292e-01
9.350000000000000000e+02 1.798601437207075771e-01 5.613055660009048931e-02 0.000000000000000000e+00 0.000000000000000000e+00 1.300849327596710625e-01 1.282351415662052463e-01
9.400000000000000000e+02 1.219622151931260418e-01 1.028319745380966987e-01 0.000000000000000000e+00 0.000000000000000000e+00 7.682220301465941814e-02 1.101182270826554510e-01
9.450000000000000000e+02 3.703331440952427334e-02 1.422343003279314400e-01 0.000000000000000000e+00 0.000000000000000000e+00 6.826678249627166073e-02 1.239337705495446446e-01
9.500000000000000000e+02 1.776361059323685598e-01 3.019533024824451184e-01 0.000000000000000000e+00 0.000000000000000000e+00 9.480119877304445108e-02 1.608137181425420559e-01
9.550000000000000000e+02 3.813031652646255848e-02 1.866046909076045368e-01 0.000000000000000000e+00 0.000000000000000000e+00 1.151031462009773354e-01 1.477098016203992614e-01
9.600000000000000000e+02 4.518847176053146335e-04 1.491508208118847711e-01 0.000000000000000000e+00 0.000000000000000000e+00 2.808213123666365284e-03 1.236273153845457440e-01
9.650000000000000000e+02 9.399206552622516031e-02 2.502097801235668162e-01 0.000000000000000000e+00 0.000000000000000000e+00 1.322635483789319777e-01 1.692874572244609244e-01
9.700000000000000000e+02 0.000000000000000000e+00 2.262455975800725105e-01 0.000000000000000000e+00 0.000000000000000000e+00 0.000000000000000000e+00 1.160449999515395930e-01
9.750000000000000000e+02 1.246417756587911291e-01 2.619040143753475491e-01 0.000000000000000000e+00 0.000000000000000000e+00 6.278683898024516041e-02 1.594045452154215226e-01
9.800000000000000000e+02 2.513345409214531867e-01 6.521210879669384064e-02 0.000000000000000000e+00 0.000000000000000000e+00 1.431710957188146449e-01 1.436771921532675189e-01
9.850000000000000000e+02 0.000000000000000000e+00 2.147174226801102925e-01 0.000000000000000000e+00 0.000000000000000000e+00 0.000000000000000000e+00 1.716728868887286708e-01
9.900000000000000000e+02 2.425716408324654627e-01 2.372588587448306308e-01 0.000000000000000000e+00 0.000000000000000000e+00 8.829333476052680929e-02 9.650312395929494524e-02
9.950000000000000000e+02 2.462523275904869580e-03 2.245515899944240112e-01 0.000000000000000000e+00 0.000000000000000000e+00 3.170135366023821202e-03 1.418725388706169044e-01
