0.000000000000000000e+00 4.636363636363637075e-02 4.636363636363637075e-02
5.000000000000000000e+00 9.684534809917353382e-01 9.758503999999998957e-01
1.000000000000000000e+01 9.758556628099173125e-01 9.791383867768594929e-01
1.500000000000000000e+01 9.781244429752066205e-01 9.804655537190083425e-01
2.000000000000000000e+01 9.792521256198346569e-01 9.841865520661157163e-01
2.500000000000000000e+01 9.819336528925619589e-01 9.855968528925620475e-01
3.000000000000000000e+01 9.827788528925618383e-01 9.851870181818179750e-01
3.500000000000000000e+01 9.860680066115701248e-01 9.867031272727271318e-01
4.000000000000000000e+01 9.878320363636362567e-01 9.870361851239668471e-01
4.500000000000000000e+01 9.855294975206611019e-01 9.880445090909090178e-01
5.000000000000000000e+01 9.886578710743799681e-01 9.886125752066116101e-01
5.500000000000000000e+01 9.899131239669423099e-01 9.897184165289256708e-01
6.000000000000000000e+01 9.902059933884297394e-01 9.890021454545454560e-01
6.500000000000000000e+01 9.902949652892563126e-01 9.886471933884296570e-01
7.000000000000000000e+01 9.901263305785124036e-01 9.896796760330579534e-01
7.500000000000000000e+01 9.903273289256198098e-01 9.906516595041322537e-01
8.000000000000000000e+01 9.899556925619835690e-01 9.907474314049586894e-01
8.500000000000000000e+01 9.912085520661155780e-01 9.914366710743802713e-01
9.000000000000000000e+01 9.910197057851238833e-01 9.922525818181817669e-01
9.500000000000000000e+01 9.926479173553717228e-01 9.915234512396693400e-01
1.000000000000000000e+02 9.910099471074378386e-01 9.923836826446281734e-01
1.050000000000000000e+02 9.934340165289257119e-01 9.916925289256198761e-01
1.100000000000000000e+02 9.926008958677685623e-01 9.916094677685951542e-01
1.150000000000000000e+02 9.951456495867768703e-01 9.911319669421487788e-01
1.200000000000000000e+02 9.930380165289257599e-01 9.932517223140496787e-01
1.250000000000000000e+02 9.937362578512397571e-01 9.946988165289256667e-01
1.300000000000000000e+02 9.932082380165289104e-01 9.932767603305784343e-01
1.350000000000000000e+02 9.931242247933884659e-01 9.923291107438014791e-01
1.400000000000000000e+02 9.944668991735536867e-01 9.954199801652890978e-01
1.450000000000000000e+02 9.946550975206610579e-01 9.959435140495866978e-01
1.500000000000000000e+02 9.951596396694213364e-01 9.939650115702480804e-01
1.550000000000000000e+02 9.972068264462811138e-01 9.936932099173553246e-01
1.600000000000000000e+02 9.965397090909091649e-01 9.930342644628098459e-01
1.650000000000000000e+02 9.952324363636362303e-01 9.938986115702478363e-01
1.700000000000000000e+02 9.963798049586778394e-01 9.933379471074379463e-01
1.750000000000000000e+02 9.949136859504130737e-01 9.956052892561982892e-01
1.800000000000000000e+02 9.955274677685951312e-01 9.938869157024793344e-01
1.850000000000000000e+02 9.951043504132230932e-01 9.950921652892562586e-01
1.900000000000000000e+02 9.971440727272726789e-01 9.954098247933884647e-01
1.950000000000000000e+02 9.970943239669420866e-01 9.945662214876032081e-01
2.000000000000000000e+02 9.958159867768594520e-01 9.951571999999998530e-01
2.050000000000000000e+02 9.976759702479338632e-01 9.946509752066114984e-01
2.100000000000000000e+02 9.978739669421488045e-01 9.952206809917356622e-01
2.150000000000000000e+02 9.961533421487602791e-01 9.958591834710743829e-01
2.200000000000000000e+02 9.975721917355370172e-01 9.933823074380165874e-01
2.250000000000000000e+02 9.970576231404958412e-01 9.961103933884297712e-01
2.300000000000000000e+02 9.955131900826446056e-01 9.959763206611571551e-01
2.350000000000000000e+02 9.973154314049585967e-01 9.950547603305786026e-01
2.400000000000000000e+02 9.967371371900826116e-01 9.942075371900827019e-01
2.450000000000000000e+02 9.953899404958678199e-01 9.959477421487601401e-01
2.500000000000000000e+02 9.962904099173552908e-01 9.952470479338844100e-01
2.550000000000000000e+02 9.972972396694214092e-01 9.959557950413222560e-01
2.600000000000000000e+02 9.973458380165288739e-01 9.946141685950411482e-01
2.650000000000000000e+02 9.974483140495866706e-01 9.963405950413222190e-01
2.700000000000000000e+02 9.974735570247933447e-01 9.942415107438016264e-01
2.750000000000000000e+02 9.956900661157025434e-01 9.955800462809918372e-01
2.800000000000000000e+02 9.967599966942148892e-01 9.961820231404958648e-01
2.850000000000000000e+02 9.959609917355370934e-01 9.950183272727273209e-01
2.900000000000000000e+02 9.961105123966941255e-01 9.977328958677686987e-01
2.950000000000000000e+02 9.978798314049587281e-01 9.945632099173554730e-01
3.000000000000000000e+02 9.968336330578511095e-01 9.963632198347107671e-01
3.050000000000000000e+02 9.973229024793386355e-01 9.963813322314051257e-01
3.100000000000000000e+02 9.965540396694214653e-01 9.976817322314047720e-01
3.150000000000000000e+02 9.982404892561984600e-01 9.940581289256199549e-01
3.200000000000000000e+02 9.972191438016529963e-01 9.978613652892562857e-01
3.250000000000000000e+02 9.984554380165290288e-01 9.969319801652893887e-01
3.300000000000000000e+02 9.977062214876031288e-01 9.971839537190083647e-01
3.350000000000000000e+02 9.965968330578510725e-01 9.970758115702478275e-01
3.400000000000000000e+02 9.988804925619833019e-01 9.965325223140496513e-01
3.450000000000000000e+02 9.974136495867768071e-01 9.946617090909091186e-01
3.500000000000000000e+02 9.987417190082645835e-01 9.982759834710742686e-01
3.550000000000000000e+02 9.969616132231404748e-01 9.970841685950414535e-01
3.600000000000000000e+02 9.978186809917355404e-01 9.956457884297519323e-01
3.650000000000000000e+02 9.979162644628098988e-01 9.958232793388429593e-01
3.700000000000000000e+02 9.994083239669420138e-01 9.975122380165289959e-01
3.750000000000000000e+02 9.987646776859504527e-01 9.963558479338845419e-01
3.800000000000000000e+02 9.976511966942147591e-01 9.967256661157024578e-01
3.850000000000000000e+02 9.984862512396693868e-01 9.973197785123966153e-01
3.900000000000000000e+02 9.981467371900827334e-01 9.964233024793388571e-01
3.950000000000000000e+02 9.989449884297521010e-01 9.970684330578512000e-01
4.000000000000000000e+02 9.992154479338843931e-01 9.973106247933885005e-01
4.050000000000000000e+02 9.990737851239668288e-01 9.977242314049588057e-01
4.100000000000000000e+02 9.969121454545453176e-01 9.967866876033057988e-01
4.150000000000000000e+02 9.980974413223140385e-01 9.964583140495868463e-01
4.200000000000000000e+02 9.980763074380165634e-01 9.974467008264463752e-01
4.250000000000000000e+02 9.987635867768593911e-01 9.961669454545452052e-01
4.300000000000000000e+02 9.989992595041321533e-01 9.977068165289256774e-01
4.350000000000000000e+02 9.977635438016527747e-01 9.970136826446278633e-01
4.400000000000000000e+02 1.000287057851239503e+00 9.975350842975204690e-01
4.450000000000000000e+02 9.990069256198348402e-01 9.991409190082645164e-01
4.500000000000000000e+02 9.997378314049587544e-01 9.980608363636364055e-01
4.550000000000000000e+02 9.985286214876032407e-01 9.978479438016527592e-01
4.600000000000000000e+02 9.973284561983470908e-01 9.965925553719007235e-01
4.650000000000000000e+02 9.988106214876033562e-01 9.972337223140496087e-01
4.700000000000000000e+02 9.989620330578510288e-01 9.976256330578513465e-01
4.750000000000000000e+02 9.984273520661158807e-01 9.979080727272725548e-01
4.800000000000000000e+02 1.000339976859504265e+00 9.982973322314048215e-01
4.850000000000000000e+02 9.990013553719009343e-01 9.976836495867769106e-01
4.900000000000000000e+02 1.000191256198347034e+00 9.977545652892562122e-01
4.950000000000000000e+02 9.982293652892562097e-01 9.971187471074379749e-01
5.000000000000000000e+02 9.988002181818181890e-01 9.979032429752067168e-01
5.050000000000000000e+02 1.000104079338842933e+00 9.973772297520661079e-01
5.100000000000000000e+02 9.989345884297522460e-01 9.990781719008264838e-01
5.150000000000000000e+02 9.989249685950412072e-01 9.984273157024794454e-01
5.200000000000000000e+02 1.000886757024793461e+00 9.972008892561984306e-01
5.250000000000000000e+02 9.986525421487602028e-01 9.975473223140495227e-01
5.300000000000000000e+02 9.994563371900826443e-01 9.981550677685950834e-01
5.350000000000000000e+02 9.992004826446280186e-01 9.985644330578514749e-01
5.400000000000000000e+02 9.988024066115702704e-01 9.973985520661156068e-01
5.450000000000000000e+02 9.980288297520661933e-01 9.983545421487602933e-01
5.500000000000000000e+02 9.983073190082645265e-01 9.994895107438015458e-01
5.550000000000000000e+02 9.991733322314051424e-01 9.982177355371900651e-01
5.600000000000000000e+02 9.999960231404958488e-01 9.962482611570246949e-01
5.650000000000000000e+02 1.000095249586776758e+00 9.984144363636364705e-01
5.700000000000000000e+02 9.979539471074380108e-01 9.986126214876032137e-01
5.750000000000000000e+02 1.000210538842975172e+00 9.986542743801651856e-01
5.800000000000000000e+02 9.983822413223141234e-01 9.970763933884299046e-01
5.850000000000000000e+02 9.990364859504131667e-01 9.985938842975207175e-01
5.900000000000000000e+02 9.997461223140498010e-01 9.980961024793387759e-01
5.950000000000000000e+02 1.000455950413223105e+00 9.994523041322314061e-01
6.000000000000000000e+02 9.987867471074380887e-01 9.981360694214874707e-01
6.050000000000000000e+02 1.000113510743801948e+00 9.995074545454546433e-01
6.100000000000000000e+02 1.000269282644628221e+00 9.984837818181817592e-01
6.150000000000000000e+02 9.999372099173555739e-01 9.980643702479339296e-01
6.200000000000000000e+02 9.988894314049586720e-01 9.988766446280991085e-01
6.250000000000000000e+02 9.973738115702477369e-01 9.981582942148762294e-01
6.300000000000000000e+02 9.983813487603306891e-01 9.977644099173554881e-01
6.350000000000000000e+02 9.988242247933885043e-01 9.984013123966942738e-01
6.400000000000000000e+02 9.997045355371900754e-01 1.000026747107437997e+00
6.450000000000000000e+02 9.978537520661155957e-01 9.995888462809915387e-01
6.500000000000000000e+02 1.000895553719008069e+00 9.971706644628099969e-01
6.550000000000000000e+02 1.000299639669421481e+00 9.965727966942148353e-01
6.600000000000000000e+02 9.983639206611568673e-01 9.976866314049587237e-01
6.650000000000000000e+02 9.983117950413223918e-01 9.982905619834709920e-01
6.700000000000000000e+02 1.000621752066115366e+00 9.986786082644627527e-01
6.750000000000000000e+02 9.981463239669421394e-01 9.974091338842974164e-01
6.800000000000000000e+02 9.989346049586776966e-01 1.000941378512396618e+00
6.850000000000000000e+02 9.997099471074382127e-01 9.985646909090910572e-01
6.900000000000000000e+02 9.989703504132231293e-01 1.000339973553719064e+00
6.950000000000000000e+02 9.979738082644628028e-01 9.994283504132230878e-01
7.000000000000000000e+02 9.974246578512397932e-01 9.983926314049587081e-01
7.050000000000000000e+02 9.989383438016528061e-01 9.988328132231403256e-01
7.100000000000000000e+02 1.001151633057851154e+00 9.986110809917354558e-01
7.150000000000000000e+02 9.999811041322315130e-01 9.992528760330581239e-01
7.200000000000000000e+02 9.989114413223140199e-01 9.998066842975206203e-01
7.250000000000000000e+02 9.998723272727272349e-01 9.996790148760330563e-01
7.300000000000000000e+02 9.986576429752064277e-01 9.984370809917356704e-01
7.350000000000000000e+02 9.988473057851239290e-01 9.977800363636364356e-01
7.400000000000000000e+02 9.995675371900825112e-01 9.998729057851238888e-01
7.450000000000000000e+02 9.993782049586776850e-01 9.997144793388429429e-01
7.500000000000000000e+02 1.000382905785123899e+00 1.000123454545454482e+00
7.550000000000000000e+02 1.000164687603305902e+00 9.995490677685949787e-01
7.600000000000000000e+02 9.984907074380163783e-01 9.984364528925621096e-01
7.650000000000000000e+02 9.995742578512396559e-01 9.977058380165286788e-01
7.700000000000000000e+02 9.999243438016527374e-01 1.000415411570247937e+00
7.750000000000000000e+02 9.992937057851239979e-01 9.989096595041322413e-01
7.800000000000000000e+02 9.985544099173552235e-01 9.986473619834711490e-01
7.850000000000000000e+02 9.994072033057850302e-01 9.996714644628099666e-01
7.900000000000000000e+02 9.992138909090909626e-01 9.973406611570247993e-01
7.950000000000000000e+02 9.986779206611571258e-01 9.978865190082645276e-01
8.000000000000000000e+02 9.990616859504133362e-01 9.991750677685951043e-01
8.050000000000000000e+02 9.999713157024793242e-01 9.992299471074380657e-01
8.100000000000000000e+02 9.987066214876032522e-01 9.989015900826446748e-01
8.150000000000000000e+02 9.984915768595039598e-01 9.989914314049587185e-01
8.200000000000000000e+02 9.989361388429749411e-01 9.986525983471075119e-01
8.250000000000000000e+02 9.983503636363636469e-01 9.991200958677686206e-01
8.300000000000000000e+02 9.986177256198347507e-01 9.985204595041320408e-01
8.350000000000000000e+02 9.989993752066114174e-01 1.000699236363636446e+00
8.400000000000000000e+02 9.993969454545454933e-01 9.985579867768594742e-01
8.450000000000000000e+02 9.973998446280990526e-01 9.981320033057849983e-01
8.500000000000000000e+02 9.983277652892560416e-01 1.001719272727272569e+00
8.550000000000000000e+02 9.982915041322313332e-01 9.992431801652891243e-01
8.600000000000000000e+02 9.972903735537190784e-01 9.988142710743801445e-01
8.650000000000000000e+02 9.980090479338843412e-01 1.000170509090909210e+00
8.700000000000000000e+02 9.991798710743798884e-01 9.992830280991734648e-01
8.750000000000000000e+02 1.000388561983471147e+00 9.997888958677686455e-01
8.800000000000000000e+02 9.994164561983469586e-01 9.998351933884299658e-01
8.850000000000000000e+02 9.978117454545454290e-01 9.994206181818181545e-01
8.900000000000000000e+02 1.000189018181818046e+00 9.996868595041323857e-01
8.950000000000000000e+02 9.993144165289254977e-01 9.990261619834710505e-01
9.000000000000000000e+02 1.000035566942148790e+00 9.992792628099174124e-01
9.050000000000000000e+02 9.999296958677683644e-01 1.000199642975206471e+00
9.100000000000000000e+02 9.989324066115701228e-01 9.988681950413222932e-01
9.150000000000000000e+02 9.991972132231404791e-01 1.000077259504132288e+00
9.200000000000000000e+02 9.987178545454545864e-01 9.995807504132230292e-01
9.250000000000000000e+02 9.990540661157023550e-01 9.998736165289254796e-01
9.300000000000000000e+02 1.000235738842975231e+00 9.990063008264462585e-01
9.350000000000000000e+02 9.994864826446280270e-01 9.983649123966943373e-01
9.400000000000000000e+02 9.998605057851237543e-01 1.000058079338842942e+00
9.450000000000000000e+02 9.991649950413223902e-01 1.000334889256198290e+00
9.500000000000000000e+02 9.993588363636363159e-01 9.988807570247931755e-01
9.550000000000000000e+02 9.984614710743802135e-01 9.985718446280993366e-01
9.600000000000000000e+02 9.981634181818181961e-01 9.992818181818183820e-01
9.650000000000000000e+02 9.986684561983472097e-01 1.001062287603305734e+00
9.700000000000000000e+02 9.995628297520660066e-01 9.990849057851238779e-01
9.750000000000000000e+02 9.969961289256197290e-01 9.996116396694214590e-01
9.800000000000000000e+02 1.000408132231404901e+00 9.993531338842973621e-01
9.850000000000000000e+02 9.976376561983471003e-01 1.001450502479338756e+00
9.900000000000000000e+02 9.999025520661156685e-01 9.989756793388430145e-01
9.950000000000000000e+02 9.973853024793388755e-01 9.989184595041322723e-01
