0.000000000000000000e+00 4.636363636363637075e-02 4.636363636363637075e-02
5.000000000000000000e+00 9.610368132231406069e-01 9.816561553719008737e-01
1.000000000000000000e+01 9.675767603305784892e-01 9.842998082644628388e-01
1.500000000000000000e+01 9.692371471074379130e-01 9.838407305785125123e-01
2.000000000000000000e+01 9.713808264462808761e-01 9.858713057851240524e-01
2.500000000000000000e+01 9.732796661157024909e-01 9.893007338842976228e-01
3.000000000000000000e+01 9.743777024793388586e-01 9.898433388429751512e-01
3.500000000000000000e+01 9.767358611570247096e-01 9.903401652892561691e-01
4.000000000000000000e+01 9.772666743801652345e-01 9.909682743801655480e-01
4.500000000000000000e+01 9.773775867768594861e-01 9.894047867768595017e-01
5.000000000000000000e+01 9.792941851239669315e-01 9.909353322314050638e-01
5.500000000000000000e+01 9.804732694214874922e-01 9.900896595041320802e-01
6.000000000000000000e+01 9.791505752066115287e-01 9.923390545454543465e-01
6.500000000000000000e+01 9.807153983471073033e-01 9.913296099173555254e-01
7.000000000000000000e+01 9.805153190082643855e-01 9.931158909090909148e-01
7.500000000000000000e+01 9.819160429752067376e-01 9.904540297520660896e-01
8.000000000000000000e+01 9.827431438016528409e-01 9.932077388429751963e-01
8.500000000000000000e+01 9.823362975206612058e-01 9.927559239669421220e-01
9.000000000000000000e+01 9.853492099173554175e-01 9.931550909090907098e-01
9.500000000000000000e+01 9.863807107438017363e-01 9.943536727272727083e-01
1.000000000000000000e+02 9.871166148760330827e-01 9.928330809917353950e-01
1.050000000000000000e+02 9.872144925619832367e-01 9.938279438016527356e-01
1.100000000000000000e+02 9.858860066115701093e-01 9.939811471074380123e-01
1.150000000000000000e+02 9.892800694214874957e-01 9.945947933884295988e-01
1.200000000000000000e+02 9.875460099173553052e-01 9.960480363636363688e-01
1.250000000000000000e+02 9.887191272727271496e-01 9.935147107438015990e-01
1.300000000000000000e+02 9.879287107438015081e-01 9.955052264462809219e-01
1.350000000000000000e+02 9.902988165289254852e-01 9.932702578512397906e-01
1.400000000000000000e+02 9.875337884297520352e-01 9.963117685950413360e-01
1.450000000000000000e+02 9.880985586776859231e-01 9.931140826446279712e-01
1.500000000000000000e+02 9.907707305785125040e-01 9.943652099173553305e-01
1.550000000000000000e+02 9.902908595041320927e-01 9.953489289256198802e-01
1.600000000000000000e+02 9.904825685950413572e-01 9.953623471074379836e-01
1.650000000000000000e+02 9.899795834710743980e-01 9.942441322314049534e-01
1.700000000000000000e+02 9.892483999999998057e-01 9.954121487603304619e-01
1.750000000000000000e+02 9.923232165289256335e-01 9.940968661157022490e-01
1.800000000000000000e+02 9.928235008264462147e-01 9.949253123966942391e-01
1.850000000000000000e+02 9.919705652892563119e-01 9.954544231404958143e-01
1.900000000000000000e+02 9.920961851239669116e-01 9.961998115702479506e-01
1.950000000000000000e+02 9.905778181818181150e-01 9.942158942148759948e-01
2.000000000000000000e+02 9.911412330578512897e-01 9.963991735537192085e-01
2.050000000000000000e+02 9.927511735537188908e-01 9.951989487603304374e-01
2.100000000000000000e+02 9.931608595041323539e-01 9.948836297520660121e-01
2.150000000000000000e+02 9.927302280991735506e-01 9.976136363636364246e-01
2.200000000000000000e+02 9.938008000000000397e-01 9.950239140495868995e-01
2.250000000000000000e+02 9.926910148760329511e-01 9.964812462809918836e-01
2.300000000000000000e+02 9.922212033057851155e-01 9.954194578512396419e-01
2.350000000000000000e+02 9.931264066115701450e-01 9.964282611570247639e-01
2.400000000000000000e+02 9.933297157024794100e-01 9.969453421487604050e-01
2.450000000000000000e+02 9.942600396694215581e-01 9.970933090909090968e-01
2.500000000000000000e+02 9.952895966942147954e-01 9.962261818181816775e-01
2.550000000000000000e+02 9.946770413223141594e-01 9.976935404958678921e-01
2.600000000000000000e+02 9.953138743801650534e-01 9.973225553719007319e-01
2.650000000000000000e+02 9.936413256198346478e-01 9.941917355371900911e-01
2.700000000000000000e+02 9.925234181818183288e-01 9.974581950413223819e-01
2.750000000000000000e+02 9.938669256198346957e-01 9.950274578512396939e-01
2.800000000000000000e+02 9.938021024793387559e-01 9.952409057851239194e-01
2.850000000000000000e+02 9.950433123966939686e-01 9.965030876033058593e-01
2.900000000000000000e+02 9.962254578512397263e-01 9.955600991735537031e-01
2.950000000000000000e+02 9.961118082644627725e-01 9.966373157024792651e-01
3.000000000000000000e+02 9.942921685950413258e-01 9.961007504132231016e-01
3.050000000000000000e+02 9.977723272727272441e-01 9.978573190082643540e-01
3.100000000000000000e+02 9.971422479338842848e-01 9.963718214876031709e-01
3.150000000000000000e+02 9.959319900826445471e-01 9.976141421487604299e-01
3.200000000000000000e+02 9.959506214876032715e-01 9.982195768595041319e-01
3.250000000000000000e+02 9.981675371900825544e-01 9.975376859504132554e-01
3.300000000000000000e+02 9.961516165289256985e-01 9.969861289256197745e-01
3.350000000000000000e+02 9.967710545454545601e-01 9.956364396694216135e-01
3.400000000000000000e+02 9.958174611570248524e-01 9.985333157024793849e-01
3.450000000000000000e+02 9.954360264462810415e-01 9.953703603305784631e-01
3.500000000000000000e+02 9.940943900826445523e-01 9.978763041322314953e-01
3.550000000000000000e+02 9.973862413223141266e-01 9.977009983471074595e-01
3.600000000000000000e+02 9.961695272727272288e-01 9.992317322314049344e-01
3.650000000000000000e+02 9.972110545454546671e-01 9.971569256198347109e-01
3.700000000000000000e+02 9.967073454545454236e-01 9.968066413223141131e-01
3.750000000000000000e+02 9.983364793388430636e-01 9.990014247933883818e-01
3.800000000000000000e+02 9.959348793388427268e-01 9.974924198347107085e-01
3.850000000000000000e+02 9.980290479338842502e-01 9.972606214876034159e-01
3.900000000000000000e+02 9.989861024793389443e-01 9.981922644628099528e-01
3.950000000000000000e+02 9.978007239669419715e-01 9.977109719008264710e-01
4.000000000000000000e+02 9.972955272727273002e-01 9.978173322314048965e-01
4.050000000000000000e+02 9.991473388429751301e-01 9.972761123966943364e-01
4.100000000000000000e+02 9.971637057851239216e-01 9.967330347107438149e-01
4.150000000000000000e+02 9.984804132231406282e-01 9.955280363636364038e-01
4.200000000000000000e+02 9.981677190082643980e-01 9.993975140495866549e-01
4.250000000000000000e+02 9.983907008264463201e-01 9.983315239669421359e-01
4.300000000000000000e+02 9.986269090909090096e-01 9.977574942148759174e-01
4.350000000000000000e+02 9.973812297520658898e-01 9.992210545454545123e-01
4.400000000000000000e+02 9.977033223140496787e-01 9.985912330578512464e-01
4.450000000000000000e+02 9.964745586776858621e-01 9.976738975206611570e-01
4.500000000000000000e+02 9.957512892561982687e-01 9.979958942148761114e-01
4.550000000000000000e+02 9.978112628099171655e-01 9.972415041322312268e-01
4.600000000000000000e+02 9.980766082644627613e-01 9.979438016528924260e-01
4.650000000000000000e+02 9.966244727272725035e-01 9.969170743801653023e-01
4.700000000000000000e+02 9.970730512396693834e-01 9.973213884297520426e-01
4.750000000000000000e+02 9.979157454545456440e-01 9.981454975206613955e-01
4.800000000000000000e+02 9.978120297520660653e-01 1.001047447933884227e+00
4.850000000000000000e+02 9.970264264462811443e-01 9.994089752066115384e-01
4.900000000000000000e+02 9.961608099173553388e-01 9.982417355371900891e-01
4.950000000000000000e+02 9.964166578512397843e-01 9.984926942148758533e-01
5.000000000000000000e+02 9.966119966942150743e-01 9.988032231404957439e-01
5.050000000000000000e+02 9.979818413223139340e-01 9.992847636363636488e-01
5.100000000000000000e+02 9.973890016528924596e-01 9.988449355371897820e-01
5.150000000000000000e+02 9.985044694214874061e-01 9.994254743801652685e-01
5.200000000000000000e+02 9.990475537190081079e-01 9.991044363636362169e-01
5.250000000000000000e+02 9.987221586776859894e-01 9.973512892561983145e-01
5.300000000000000000e+02 9.976870413223141165e-01 9.996665157024791082e-01
5.350000000000000000e+02 9.985949322314049414e-01 9.995545917355371790e-01
5.400000000000000000e+02 9.984817917355371941e-01 9.982762975206609379e-01
5.450000000000000000e+02 9.968595305785123983e-01 9.979493024793388845e-01
5.500000000000000000e+02 9.963146578512397378e-01 9.989085652892562006e-01
5.550000000000000000e+02 9.950136429752067802e-01 9.998437851239669882e-01
5.600000000000000000e+02 9.980141090909091517e-01 9.988968958677686416e-01
5.650000000000000000e+02 9.988969487603306385e-01 9.989302743801653506e-01
5.700000000000000000e+02 9.984667140495867566e-01 9.989404561983470376e-01
5.750000000000000000e+02 9.977631735537189073e-01 9.992063471074379422e-01
5.800000000000000000e+02 9.971557421487604600e-01 9.986165090909089326e-01
5.850000000000000000e+02 9.980830710743802126e-01 1.000607847933884242e+00
5.900000000000000000e+02 9.961273851239669241e-01 9.988468165289254852e-01
5.950000000000000000e+02 9.976998347107437493e-01 1.001215467768595158e+00
6.000000000000000000e+02 9.982780925619835211e-01 9.990621123966940687e-01
6.050000000000000000e+02 9.997159272727274004e-01 1.000792690909090954e+00
6.100000000000000000e+02 9.984556793388428275e-01 9.984358247933885488e-01
6.150000000000000000e+02 9.966247801652892147e-01 9.983859471074379988e-01
6.200000000000000000e+02 9.973588892561984220e-01 9.985463371900827889e-01
6.250000000000000000e+02 9.986050842975207065e-01 9.979543966942149291e-01
6.300000000000000000e+02 9.981455074380166659e-01 9.973825123966941764e-01
6.350000000000000000e+02 1.000285699173553811e+00 9.973897752066116507e-01
6.400000000000000000e+02 9.977221090909089707e-01 9.987752363636361874e-01
6.450000000000000000e+02 9.988119867768594506e-01 9.971379008264463772e-01
6.500000000000000000e+02 9.987254842975206159e-01 9.995620495867768573e-01
6.550000000000000000e+02 9.984905454545452974e-01 9.971661190082643511e-01
6.600000000000000000e+02 9.987803272727273640e-01 9.998399570247933354e-01
6.650000000000000000e+02 9.998169785123967035e-01 9.986114413223139419e-01
6.700000000000000000e+02 9.979522876033056766e-01 9.995481917355372170e-01
6.750000000000000000e+02 9.987789586776859574e-01 9.987786512396695793e-01
6.800000000000000000e+02 9.976275404958677706e-01 9.990810876033057175e-01
6.850000000000000000e+02 9.976345520661157318e-01 9.976749388429750898e-01
6.900000000000000000e+02 9.975488561983469893e-01 1.000143130578512451e+00
6.950000000000000000e+02 9.988959008264461925e-01 9.990243371900827674e-01
7.000000000000000000e+02 9.984889752066115065e-01 9.979977818181818838e-01
7.050000000000000000e+02 9.990277752066114569e-01 9.978836859504133239e-01
7.100000000000000000e+02 9.982487404958677590e-01 1.000576439669421447e+00
7.150000000000000000e+02 9.988803305785125541e-01 9.972368297520661784e-01
7.200000000000000000e+02 9.978486512396692598e-01 9.988155900826445333e-01
7.250000000000000000e+02 9.998628099173554329e-01 1.000258714049586883e+00
7.300000000000000000e+02 9.990497983471074983e-01 9.984021322314051705e-01
7.350000000000000000e+02 9.982850148760329390e-01 1.000450519008264205e+00
7.400000000000000000e+02 9.975537685950411904e-01 9.997023504132229732e-01
7.450000000000000000e+02 9.987658446280990310e-01 9.986834743801653591e-01
7.500000000000000000e+02 9.982387239669421319e-01 9.999429123966940836e-01
7.550000000000000000e+02 9.991622082644626701e-01 1.001343980165289249e+00
7.600000000000000000e+02 1.000742446280991960e+00 9.996058115702479707e-01
7.650000000000000000e+02 9.974101256198346643e-01 1.000872469421487665e+00
7.700000000000000000e+02 9.986605917355371176e-01 9.997815305785124895e-01
7.750000000000000000e+02 9.985122942148760838e-01 9.985204826446280046e-01
7.800000000000000000e+02 1.000253031404958692e+00 1.000980502479338785e+00
7.850000000000000000e+02 1.000272280991735485e+00 1.000765153719008094e+00
7.900000000000000000e+02 9.981659999999999977e-01 9.991501785123967361e-01
7.950000000000000000e+02 9.972462314049586052e-01 9.988456760330578499e-01
8.000000000000000000e+02 9.985712892561983134e-01 9.992168595041320822e-01
8.050000000000000000e+02 9.988093752066115050e-01 9.999569289256198257e-01
8.100000000000000000e+02 9.984853388429751897e-01 9.999294049586777700e-01
8.150000000000000000e+02 1.001324981818181969e+00 9.981589652892560727e-01
8.200000000000000000e+02 9.977406975206610795e-01 1.001290429752066391e+00
8.250000000000000000e+02 9.993678413223140433e-01 1.000325821487603184e+00
8.300000000000000000e+02 9.977636099173553541e-01 9.983260694214874942e-01
8.350000000000000000e+02 9.986527834710745566e-01 1.000524538842975097e+00
8.400000000000000000e+02 1.000766971900826530e+00 9.983571504132232599e-01
8.450000000000000000e+02 9.991010975206611189e-01 9.991202082644627946e-01
8.500000000000000000e+02 9.999338181818181459e-01 9.979315206611569788e-01
8.550000000000000000e+02 9.989602876033056855e-01 9.998931603305785121e-01
8.600000000000000000e+02 9.996349157024793097e-01 1.001043104132231409e+00
8.650000000000000000e+02 9.971364495867767186e-01 1.000505199999999872e+00
8.700000000000000000e+02 9.999883900826447292e-01 9.997697719008264983e-01
8.750000000000000000e+02 9.991171834710742550e-01 1.001117576859503977e+00
8.800000000000000000e+02 1.000228119008264471e+00 9.998531206611568356e-01
8.850000000000000000e+02 9.974172264462811688e-01 1.000240975206611704e+00
8.900000000000000000e+02 9.996960859504131491e-01 1.002135735537190042e+00
8.950000000000000000e+02 9.997817785123969125e-01 9.980475107438016025e-01
9.000000000000000000e+02 1.000440340495867719e+00 1.001001500826446122e+00
9.050000000000000000e+02 9.995067471074380316e-01 9.996380561983471136e-01
9.100000000000000000e+02 9.988227504132231038e-01 9.997091140495868444e-01
9.150000000000000000e+02 9.995005090909090395e-01 9.991806082644627551e-01
9.200000000000000000e+02 1.000418489256198473e+00 9.985278479338843827e-01
9.250000000000000000e+02 9.999969917355370219e-01 1.000024608264462822e+00
9.300000000000000000e+02 9.972666743801651412e-01 1.000523659504132246e+00
9.350000000000000000e+02 1.000690363636363767e+00 1.000544532231405048e+00
9.400000000000000000e+02 9.993753487603305175e-01 9.999296033057850641e-01
9.450000000000000000e+02 1.000323371900826430e+00 9.981468363636363250e-01
9.500000000000000000e+02 1.000205775206611580e+00 9.987706347107436766e-01
9.550000000000000000e+02 1.000781404958677623e+00 9.995158809917356058e-01
9.600000000000000000e+02 9.992709950413221076e-01 9.975535041322315388e-01
9.650000000000000000e+02 9.992726909090908771e-01 9.987057785123967246e-01
9.700000000000000000e+02 9.995171338842974151e-01 9.987550876033057801e-01
9.750000000000000000e+02 9.980004231404958626e-01 1.000401398347107174e+00
9.800000000000000000e+02 1.000478852892561887e+00 1.000155646280991739e+00
9.850000000000000000e+02 1.001685748760330563e+00 9.982725355371900866e-01
9.900000000000000000e+02 9.987862942148760803e-01 1.000173861157024557e+00
9.950000000000000000e+02 1.001296714049586756e+00 9.971878512396692429e-01
