0.000000000000000000e+00 4.636363636363637075e-02 4.636363636363637075e-02
5.000000000000000000e+00 9.684534809917353382e-01 9.816561553719008737e-01
1.000000000000000000e+01 9.758556628099173125e-01 9.842998082644628388e-01
1.500000000000000000e+01 9.781244429752066205e-01 9.838407305785125123e-01
2.000000000000000000e+01 9.792521256198346569e-01 9.858713057851240524e-01
2.500000000000000000e+01 9.819336528925619589e-01 9.893007338842976228e-01
3.000000000000000000e+01 9.827788528925618383e-01 9.898433388429751512e-01
3.500000000000000000e+01 9.860680066115701248e-01 9.903401652892561691e-01
4.000000000000000000e+01 9.878320363636362567e-01 9.909682743801655480e-01
4.500000000000000000e+01 9.855294975206611019e-01 9.894047867768595017e-01
5.000000000000000000e+01 9.886578710743799681e-01 9.909353322314050638e-01
5.500000000000000000e+01 9.899131239669423099e-01 9.900896595041320802e-01
6.000000000000000000e+01 9.902059933884297394e-01 9.923390545454543465e-01
6.500000000000000000e+01 9.902949652892563126e-01 9.913296099173555254e-01
7.000000000000000000e+01 9.901263305785124036e-01 9.931158909090909148e-01
7.500000000000000000e+01 9.903273289256198098e-01 9.904540297520660896e-01
8.000000000000000000e+01 9.899556925619835690e-01 9.932077388429751963e-01
8.500000000000000000e+01 9.912085520661155780e-01 9.927559239669421220e-01
9.000000000000000000e+01 9.910197057851238833e-01 9.931550909090907098e-01
9.500000000000000000e+01 9.926479173553717228e-01 9.943536727272727083e-01
1.000000000000000000e+02 9.910099471074378386e-01 9.928330809917353950e-01
1.050000000000000000e+02 9.934340165289257119e-01 9.938279438016527356e-01
1.100000000000000000e+02 9.926008958677685623e-01 9.939811471074380123e-01
1.150000000000000000e+02 9.951456495867768703e-01 9.945947933884295988e-01
1.200000000000000000e+02 9.930380165289257599e-01 9.960480363636363688e-01
1.250000000000000000e+02 9.937362578512397571e-01 9.935147107438015990e-01
1.300000000000000000e+02 9.932082380165289104e-01 9.955052264462809219e-01
1.350000000000000000e+02 9.931242247933884659e-01 9.932702578512397906e-01
1.400000000000000000e+02 9.944668991735536867e-01 9.963117685950413360e-01
1.450000000000000000e+02 9.946550975206610579e-01 9.931140826446279712e-01
1.500000000000000000e+02 9.951596396694213364e-01 9.943652099173553305e-01
1.550000000000000000e+02 9.972068264462811138e-01 9.953489289256198802e-01
1.600000000000000000e+02 9.965397090909091649e-01 9.953623471074379836e-01
1.650000000000000000e+02 9.952324363636362303e-01 9.942441322314049534e-01
1.700000000000000000e+02 9.963798049586778394e-01 9.954121487603304619e-01
1.750000000000000000e+02 9.949136859504130737e-01 9.940968661157022490e-01
1.800000000000000000e+02 9.955274677685951312e-01 9.949253123966942391e-01
1.850000000000000000e+02 9.951043504132230932e-01 9.954544231404958143e-01
1.900000000000000000e+02 9.971440727272726789e-01 9.961998115702479506e-01
1.950000000000000000e+02 9.970943239669420866e-01 9.942158942148759948e-01
2.000000000000000000e+02 9.958159867768594520e-01 9.963991735537192085e-01
2.050000000000000000e+02 9.976759702479338632e-01 9.951989487603304374e-01
2.100000000000000000e+02 9.978739669421488045e-01 9.948836297520660121e-01
2.150000000000000000e+02 9.961533421487602791e-01 9.976136363636364246e-01
2.200000000000000000e+02 9.975721917355370172e-01 9.950239140495868995e-01
2.250000000000000000e+02 9.970576231404958412e-01 9.964812462809918836e-01
2.300000000000000000e+02 9.955131900826446056e-01 9.954194578512396419e-01
2.350000000000000000e+02 9.973154314049585967e-01 9.964282611570247639e-01
2.400000000000000000e+02 9.967371371900826116e-01 9.969453421487604050e-01
2.450000000000000000e+02 9.953899404958678199e-01 9.970933090909090968e-01
2.500000000000000000e+02 9.962904099173552908e-01 9.962261818181816775e-01
2.550000000000000000e+02 9.972972396694214092e-01 9.976935404958678921e-01
2.600000000000000000e+02 9.973458380165288739e-01 9.973225553719007319e-01
2.650000000000000000e+02 9.974483140495866706e-01 9.941917355371900911e-01
2.700000000000000000e+02 9.974735570247933447e-01 9.974581950413223819e-01
2.750000000000000000e+02 9.956900661157025434e-01 9.950274578512396939e-01
2.800000000000000000e+02 9.967599966942148892e-01 9.952409057851239194e-01
2.850000000000000000e+02 9.959609917355370934e-01 9.965030876033058593e-01
2.900000000000000000e+02 9.961105123966941255e-01 9.955600991735537031e-01
2.950000000000000000e+02 9.978798314049587281e-01 9.966373157024792651e-01
3.000000000000000000e+02 9.968336330578511095e-01 9.961007504132231016e-01
3.050000000000000000e+02 9.973229024793386355e-01 9.978573190082643540e-01
3.100000000000000000e+02 9.965540396694214653e-01 9.963718214876031709e-01
3.150000000000000000e+02 9.982404892561984600e-01 9.976141421487604299e-01
3.200000000000000000e+02 9.972191438016529963e-01 9.982195768595041319e-01
3.250000000000000000e+02 9.984554380165290288e-01 9.975376859504132554e-01
3.300000000000000000e+02 9.977062214876031288e-01 9.969861289256197745e-01
3.350000000000000000e+02 9.965968330578510725e-01 9.956364396694216135e-01
3.400000000000000000e+02 9.988804925619833019e-01 9.985333157024793849e-01
3.450000000000000000e+02 9.974136495867768071e-01 9.953703603305784631e-01
3.500000000000000000e+02 9.987417190082645835e-01 9.978763041322314953e-01
3.550000000000000000e+02 9.969616132231404748e-01 9.977009983471074595e-01
3.600000000000000000e+02 9.978186809917355404e-01 9.992317322314049344e-01
3.650000000000000000e+02 9.979162644628098988e-01 9.971569256198347109e-01
3.700000000000000000e+02 9.994083239669420138e-01 9.968066413223141131e-01
3.750000000000000000e+02 9.987646776859504527e-01 9.990014247933883818e-01
3.800000000000000000e+02 9.976511966942147591e-01 9.974924198347107085e-01
3.850000000000000000e+02 9.984862512396693868e-01 9.972606214876034159e-01
3.900000000000000000e+02 9.981467371900827334e-01 9.981922644628099528e-01
3.950000000000000000e+02 9.989449884297521010e-01 9.977109719008264710e-01
4.000000000000000000e+02 9.992154479338843931e-01 9.978173322314048965e-01
4.050000000000000000e+02 9.990737851239668288e-01 9.972761123966943364e-01
4.100000000000000000e+02 9.969121454545453176e-01 9.967330347107438149e-01
4.150000000000000000e+02 9.980974413223140385e-01 9.955280363636364038e-01
4.200000000000000000e+02 9.980763074380165634e-01 9.993975140495866549e-01
4.250000000000000000e+02 9.987635867768593911e-01 9.983315239669421359e-01
4.300000000000000000e+02 9.989992595041321533e-01 9.977574942148759174e-01
4.350000000000000000e+02 9.977635438016527747e-01 9.992210545454545123e-01
4.400000000000000000e+02 1.000287057851239503e+00 9.985912330578512464e-01
4.450000000000000000e+02 9.990069256198348402e-01 9.976738975206611570e-01
4.500000000000000000e+02 9.997378314049587544e-01 9.979958942148761114e-01
4.550000000000000000e+02 9.985286214876032407e-01 9.972415041322312268e-01
4.600000000000000000e+02 9.973284561983470908e-01 9.979438016528924260e-01
4.650000000000000000e+02 9.988106214876033562e-01 9.969170743801653023e-01
4.700000000000000000e+02 9.989620330578510288e-01 9.973213884297520426e-01
4.750000000000000000e+02 9.984273520661158807e-01 9.981454975206613955e-01
4.800000000000000000e+02 1.000339976859504265e+00 1.001047447933884227e+00
4.850000000000000000e+02 9.990013553719009343e-01 9.994089752066115384e-01
4.900000000000000000e+02 1.000191256198347034e+00 9.982417355371900891e-01
4.950000000000000000e+02 9.982293652892562097e-01 9.984926942148758533e-01
5.000000000000000000e+02 9.988002181818181890e-01 9.988032231404957439e-01
5.050000000000000000e+02 1.000104079338842933e+00 9.992847636363636488e-01
5.100000000000000000e+02 9.989345884297522460e-01 9.988449355371897820e-01
5.150000000000000000e+02 9.989249685950412072e-01 9.994254743801652685e-01
5.200000000000000000e+02 1.000886757024793461e+00 9.991044363636362169e-01
5.250000000000000000e+02 9.986525421487602028e-01 9.973512892561983145e-01
5.300000000000000000e+02 9.994563371900826443e-01 9.996665157024791082e-01
5.350000000000000000e+02 9.992004826446280186e-01 9.995545917355371790e-01
5.400000000000000000e+02 9.988024066115702704e-01 9.982762975206609379e-01
5.450000000000000000e+02 9.980288297520661933e-01 9.979493024793388845e-01
5.500000000000000000e+02 9.983073190082645265e-01 9.989085652892562006e-01
5.550000000000000000e+02 9.991733322314051424e-01 9.998437851239669882e-01
5.600000000000000000e+02 9.999960231404958488e-01 9.988968958677686416e-01
5.650000000000000000e+02 1.000095249586776758e+00 9.989302743801653506e-01
5.700000000000000000e+02 9.979539471074380108e-01 9.989404561983470376e-01
5.750000000000000000e+02 1.000210538842975172e+00 9.992063471074379422e-01
5.800000000000000000e+02 9.983822413223141234e-01 9.986165090909089326e-01
5.850000000000000000e+02 9.990364859504131667e-01 1.000607847933884242e+00
5.900000000000000000e+02 9.997461223140498010e-01 9.988468165289254852e-01
5.950000000000000000e+02 1.000455950413223105e+00 1.001215467768595158e+00
6.000000000000000000e+02 9.987867471074380887e-01 9.990621123966940687e-01
6.050000000000000000e+02 1.000113510743801948e+00 1.000792690909090954e+00
6.100000000000000000e+02 1.000269282644628221e+00 9.984358247933885488e-01
6.150000000000000000e+02 9.999372099173555739e-01 9.983859471074379988e-01
6.200000000000000000e+02 9.988894314049586720e-01 9.985463371900827889e-01
6.250000000000000000e+02 9.973738115702477369e-01 9.979543966942149291e-01
6.300000000000000000e+02 9.983813487603306891e-01 9.973825123966941764e-01
6.350000000000000000e+02 9.988242247933885043e-01 9.973897752066116507e-01
6.400000000000000000e+02 9.997045355371900754e-01 9.987752363636361874e-01
6.450000000000000000e+02 9.978537520661155957e-01 9.971379008264463772e-01
6.500000000000000000e+02 1.000895553719008069e+00 9.995620495867768573e-01
6.550000000000000000e+02 1.000299639669421481e+00 9.971661190082643511e-01
6.600000000000000000e+02 9.983639206611568673e-01 9.998399570247933354e-01
6.650000000000000000e+02 9.983117950413223918e-01 9.986114413223139419e-01
6.700000000000000000e+02 1.000621752066115366e+00 9.995481917355372170e-01
6.750000000000000000e+02 9.981463239669421394e-01 9.987786512396695793e-01
6.800000000000000000e+02 9.989346049586776966e-01 9.990810876033057175e-01
6.850000000000000000e+02 9.997099471074382127e-01 9.976749388429750898e-01
6.900000000000000000e+02 9.989703504132231293e-01 1.000143130578512451e+00
6.950000000000000000e+02 9.979738082644628028e-01 9.990243371900827674e-01
7.000000000000000000e+02 9.974246578512397932e-01 9.979977818181818838e-01
7.050000000000000000e+02 9.989383438016528061e-01 9.978836859504133239e-01
7.100000000000000000e+02 1.001151633057851154e+00 1.000576439669421447e+00
7.150000000000000000e+02 9.999811041322315130e-01 9.972368297520661784e-01
7.200000000000000000e+02 9.989114413223140199e-01 9.988155900826445333e-01
7.250000000000000000e+02 9.998723272727272349e-01 1.000258714049586883e+00
7.300000000000000000e+02 9.986576429752064277e-01 9.984021322314051705e-01
7.350000000000000000e+02 9.988473057851239290e-01 1.000450519008264205e+00
7.400000000000000000e+02 9.995675371900825112e-01 9.997023504132229732e-01
7.450000000000000000e+02 9.993782049586776850e-01 9.986834743801653591e-01
7.500000000000000000e+02 1.000382905785123899e+00 9.999429123966940836e-01
7.550000000000000000e+02 1.000164687603305902e+00 1.001343980165289249e+00
7.600000000000000000e+02 9.984907074380163783e-01 9.996058115702479707e-01
7.650000000000000000e+02 9.995742578512396559e-01 1.000872469421487665e+00
7.700000000000000000e+02 9.999243438016527374e-01 9.997815305785124895e-01
7.750000000000000000e+02 9.992937057851239979e-01 9.985204826446280046e-01
7.800000000000000000e+02 9.985544099173552235e-01 1.000980502479338785e+00
7.850000000000000000e+02 9.994072033057850302e-01 1.000765153719008094e+00
7.900000000000000000e+02 9.992138909090909626e-01 9.991501785123967361e-01
7.950000000000000000e+02 9.986779206611571258e-01 9.988456760330578499e-01
8.000000000000000000e+02 9.990616859504133362e-01 9.992168595041320822e-01
8.050000000000000000e+02 9.999713157024793242e-01 9.999569289256198257e-01
8.100000000000000000e+02 9.987066214876032522e-01 9.999294049586777700e-01
8.150000000000000000e+02 9.984915768595039598e-01 9.981589652892560727e-01
8.200000000000000000e+02 9.989361388429749411e-01 1.001290429752066391e+00
8.250000000000000000e+02 9.983503636363636469e-01 1.000325821487603184e+00
8.300000000000000000e+02 9.986177256198347507e-01 9.983260694214874942e-01
8.350000000000000000e+02 9.989993752066114174e-01 1.000524538842975097e+00
8.400000000000000000e+02 9.993969454545454933e-01 9.983571504132232599e-01
8.450000000000000000e+02 9.973998446280990526e-01 9.991202082644627946e-01
8.500000000000000000e+02 9.983277652892560416e-01 9.979315206611569788e-01
8.550000000000000000e+02 9.982915041322313332e-01 9.998931603305785121e-01
8.600000000000000000e+02 9.972903735537190784e-01 1.001043104132231409e+00
8.650000000000000000e+02 9.980090479338843412e-01 1.000505199999999872e+00
8.700000000000000000e+02 9.991798710743798884e-01 9.997697719008264983e-01
8.750000000000000000e+02 1.000388561983471147e+00 1.001117576859503977e+00
8.800000000000000000e+02 9.994164561983469586e-01 9.998531206611568356e-01
8.850000000000000000e+02 9.978117454545454290e-01 1.000240975206611704e+00
8.900000000000000000e+02 1.000189018181818046e+00 1.002135735537190042e+00
8.950000000000000000e+02 9.993144165289254977e-01 9.980475107438016025e-01
9.000000000000000000e+02 1.000035566942148790e+00 1.001001500826446122e+00
9.050000000000000000e+02 9.999296958677683644e-01 9.996380561983471136e-01
9.100000000000000000e+02 9.989324066115701228e-01 9.997091140495868444e-01
9.150000000000000000e+02 9.991972132231404791e-01 9.991806082644627551e-01
9.200000000000000000e+02 9.987178545454545864e-01 9.985278479338843827e-01
9.250000000000000000e+02 9.990540661157023550e-01 1.000024608264462822e+00
9.300000000000000000e+02 1.000235738842975231e+00 1.000523659504132246e+00
9.350000000000000000e+02 9.994864826446280270e-01 1.000544532231405048e+00
9.400000000000000000e+02 9.998605057851237543e-01 9.999296033057850641e-01
9.450000000000000000e+02 9.991649950413223902e-01 9.981468363636363250e-01
9.500000000000000000e+02 9.993588363636363159e-01 9.987706347107436766e-01
9.550000000000000000e+02 9.984614710743802135e-01 9.995158809917356058e-01
9.600000000000000000e+02 9.981634181818181961e-01 9.975535041322315388e-01
9.650000000000000000e+02 9.986684561983472097e-01 9.987057785123967246e-01
9.700000000000000000e+02 9.995628297520660066e-01 9.987550876033057801e-01
9.750000000000000000e+02 9.969961289256197290e-01 1.000401398347107174e+00
9.800000000000000000e+02 1.000408132231404901e+00 1.000155646280991739e+00
9.850000000000000000e+02 9.976376561983471003e-01 9.982725355371900866e-01
9.900000000000000000e+02 9.999025520661156685e-01 1.000173861157024557e+00
9.950000000000000000e+02 9.973853024793388755e-01 9.971878512396692429e-01
