0.000000000000000000e+00 4.636363636363637075e-02 4.636363636363637075e-02
5.000000000000000000e+00 9.758503999999998957e-01 9.238720099173554079e-01
1.000000000000000000e+01 9.791383867768594929e-01 9.358254710743801885e-01
1.500000000000000000e+01 9.804655537190083425e-01 9.381539140495867013e-01
2.000000000000000000e+01 9.841865520661157163e-01 9.398064628099174200e-01
2.500000000000000000e+01 9.855968528925620475e-01 9.445504099173552826e-01
3.000000000000000000e+01 9.851870181818179750e-01 9.466909520661157540e-01
3.500000000000000000e+01 9.867031272727271318e-01 9.467374545454545487e-01
4.000000000000000000e+01 9.870361851239668471e-01 9.495952099173553540e-01
4.500000000000000000e+01 9.880445090909090178e-01 9.496400528925619255e-01
5.000000000000000000e+01 9.886125752066116101e-01 9.521503471074380665e-01
5.500000000000000000e+01 9.897184165289256708e-01 9.535601355371902121e-01
6.000000000000000000e+01 9.890021454545454560e-01 9.535268826446280377e-01
6.500000000000000000e+01 9.886471933884296570e-01 9.553541983471074417e-01
7.000000000000000000e+01 9.896796760330579534e-01 9.563981223140494148e-01
7.500000000000000000e+01 9.906516595041322537e-01 9.585947801652892064e-01
8.000000000000000000e+01 9.907474314049586894e-01 9.567671338842973494e-01
8.500000000000000000e+01 9.914366710743802713e-01 9.610752132231403788e-01
9.000000000000000000e+01 9.922525818181817669e-01 9.611736396694213758e-01
9.500000000000000000e+01 9.915234512396693400e-01 9.595992066115701657e-01
1.000000000000000000e+02 9.923836826446281734e-01 9.620994181818181001e-01
1.050000000000000000e+02 9.916925289256198761e-01 9.643468859504131796e-01
1.100000000000000000e+02 9.916094677685951542e-01 9.640425685950413381e-01
1.150000000000000000e+02 9.911319669421487788e-01 9.642414743801653865e-01
1.200000000000000000e+02 9.932517223140496787e-01 9.653682280991736642e-01
1.250000000000000000e+02 9.946988165289256667e-01 9.658940661157024987e-01
1.300000000000000000e+02 9.932767603305784343e-01 9.682609619834712245e-01
1.350000000000000000e+02 9.923291107438014791e-01 9.666616991735536013e-01
1.400000000000000000e+02 9.954199801652890978e-01 9.659491074380165410e-01
1.450000000000000000e+02 9.959435140495866978e-01 9.686227504132229882e-01
1.500000000000000000e+02 9.939650115702480804e-01 9.698480000000000434e-01
1.550000000000000000e+02 9.936932099173553246e-01 9.681401090909089735e-01
1.600000000000000000e+02 9.930342644628098459e-01 9.699410115702480351e-01
1.650000000000000000e+02 9.938986115702478363e-01 9.712094082644628923e-01
1.700000000000000000e+02 9.933379471074379463e-01 9.712761289256197639e-01
1.750000000000000000e+02 9.956052892561982892e-01 9.735403834710742998e-01
1.800000000000000000e+02 9.938869157024793344e-01 9.712865322314050420e-01
1.850000000000000000e+02 9.950921652892562586e-01 9.720744661157023625e-01
1.900000000000000000e+02 9.954098247933884647e-01 9.745141322314049281e-01
1.950000000000000000e+02 9.945662214876032081e-01 9.751055471074380199e-01
2.000000000000000000e+02 9.951571999999998530e-01 9.725380396694213170e-01
2.050000000000000000e+02 9.946509752066114984e-01 9.756800495867767875e-01
2.100000000000000000e+02 9.952206809917356622e-01 9.770187966942147639e-01
2.150000000000000000e+02 9.958591834710743829e-01 9.754951272727272471e-01
2.200000000000000000e+02 9.933823074380165874e-01 9.750621586776858640e-01
2.250000000000000000e+02 9.961103933884297712e-01 9.789059107438017326e-01
2.300000000000000000e+02 9.959763206611571551e-01 9.777217057851238513e-01
2.350000000000000000e+02 9.950547603305786026e-01 9.797188396694214152e-01
2.400000000000000000e+02 9.942075371900827019e-01 9.771690776859504046e-01
2.450000000000000000e+02 9.959477421487601401e-01 9.769507107438016869e-01
2.500000000000000000e+02 9.952470479338844100e-01 9.803490214876033892e-01
2.550000000000000000e+02 9.959557950413222560e-01 9.792722247933884905e-01
2.600000000000000000e+02 9.946141685950411482e-01 9.778584892561983377e-01
2.650000000000000000e+02 9.963405950413222190e-01 9.784150578512396113e-01
2.700000000000000000e+02 9.942415107438016264e-01 9.792733586776858346e-01
2.750000000000000000e+02 9.955800462809918372e-01 9.810673719008263793e-01
2.800000000000000000e+02 9.961820231404958648e-01 9.800032793388429031e-01
2.850000000000000000e+02 9.950183272727273209e-01 9.795999107438018161e-01
2.900000000000000000e+02 9.977328958677686987e-01 9.821817619834710689e-01
2.950000000000000000e+02 9.945632099173554730e-01 9.803478413223141175e-01
3.000000000000000000e+02 9.963632198347107671e-01 9.805811867768594592e-01
3.050000000000000000e+02 9.963813322314051257e-01 9.840177057851239306e-01
3.100000000000000000e+02 9.976817322314047720e-01 9.831592165289254615e-01
3.150000000000000000e+02 9.940581289256199549e-01 9.838569057851239696e-01
3.200000000000000000e+02 9.978613652892562857e-01 9.844830314049588527e-01
3.250000000000000000e+02 9.969319801652893887e-01 9.846478876033059047e-01
3.300000000000000000e+02 9.971839537190083647e-01 9.848270578512396956e-01
3.350000000000000000e+02 9.970758115702478275e-01 9.854846082644627137e-01
3.400000000000000000e+02 9.965325223140496513e-01 9.853161289256199273e-01
3.450000000000000000e+02 9.946617090909091186e-01 9.846200495867767355e-01
3.500000000000000000e+02 9.982759834710742686e-01 9.851614280991736194e-01
3.550000000000000000e+02 9.970841685950414535e-01 9.858657487603306180e-01
3.600000000000000000e+02 9.956457884297519323e-01 9.857278016528925324e-01
3.650000000000000000e+02 9.958232793388429593e-01 9.854488132231405961e-01
3.700000000000000000e+02 9.975122380165289959e-01 9.858870214876033211e-01
3.750000000000000000e+02 9.963558479338845419e-01 9.885967636363636180e-01
3.800000000000000000e+02 9.967256661157024578e-01 9.881531107438016326e-01
3.850000000000000000e+02 9.973197785123966153e-01 9.881659107438014455e-01
3.900000000000000000e+02 9.964233024793388571e-01 9.882370181818181942e-01
3.950000000000000000e+02 9.970684330578512000e-01 9.870060561983470260e-01
4.000000000000000000e+02 9.973106247933885005e-01 9.871636528925620269e-01
4.050000000000000000e+02 9.977242314049588057e-01 9.893150710743799925e-01
4.100000000000000000e+02 9.967866876033057988e-01 9.906309157024791867e-01
4.150000000000000000e+02 9.964583140495868463e-01 9.881373024793388415e-01
4.200000000000000000e+02 9.974467008264463752e-01 9.884317487603306862e-01
4.250000000000000000e+02 9.961669454545452052e-01 9.910086512396694136e-01
4.300000000000000000e+02 9.977068165289256774e-01 9.901770545454546824e-01
4.350000000000000000e+02 9.970136826446278633e-01 9.882692297520661029e-01
4.400000000000000000e+02 9.975350842975204690e-01 9.907065950413223021e-01
4.450000000000000000e+02 9.991409190082645164e-01 9.898217983471073733e-01
4.500000000000000000e+02 9.980608363636364055e-01 9.903820561983470716e-01
4.550000000000000000e+02 9.978479438016527592e-01 9.890966512396694998e-01
4.600000000000000000e+02 9.965925553719007235e-01 9.902477123966942907e-01
4.650000000000000000e+02 9.972337223140496087e-01 9.914659867768594870e-01
4.700000000000000000e+02 9.976256330578513465e-01 9.910550876033056289e-01
4.750000000000000000e+02 9.979080727272725548e-01 9.904333123966940766e-01
4.800000000000000000e+02 9.982973322314048215e-01 9.924809553719006194e-01
4.850000000000000000e+02 9.976836495867769106e-01 9.925171570247932618e-01
4.900000000000000000e+02 9.977545652892562122e-01 9.914268066115703437e-01
4.950000000000000000e+02 9.971187471074379749e-01 9.926031999999999078e-01
5.000000000000000000e+02 9.979032429752067168e-01 9.921533586776860592e-01
5.050000000000000000e+02 9.973772297520661079e-01 9.942900561983470942e-01
5.100000000000000000e+02 9.990781719008264838e-01 9.939835768595040033e-01
5.150000000000000000e+02 9.984273157024794454e-01 9.933363768595041554e-01
5.200000000000000000e+02 9.972008892561984306e-01 9.936656991735537403e-01
5.250000000000000000e+02 9.975473223140495227e-01 9.936345223140495841e-01
5.300000000000000000e+02 9.981550677685950834e-01 9.931463140495868647e-01
5.350000000000000000e+02 9.985644330578514749e-01 9.932527206611571069e-01
5.400000000000000000e+02 9.973985520661156068e-01 9.942600826446282847e-01
5.450000000000000000e+02 9.983545421487602933e-01 9.929114314049586332e-01
5.500000000000000000e+02 9.994895107438015458e-01 9.940970578512395850e-01
5.550000000000000000e+02 9.982177355371900651e-01 9.930044132231404808e-01
5.600000000000000000e+02 9.962482611570246949e-01 9.940275272727271405e-01
5.650000000000000000e+02 9.984144363636364705e-01 9.938305785123967562e-01
5.700000000000000000e+02 9.986126214876032137e-01 9.930697289256198435e-01
5.750000000000000000e+02 9.986542743801651856e-01 9.940494710743801310e-01
5.800000000000000000e+02 9.970763933884299046e-01 9.936240099173552220e-01
5.850000000000000000e+02 9.985938842975207175e-01 9.943945685950413838e-01
5.900000000000000000e+02 9.980961024793387759e-01 9.943252297520659422e-01
5.950000000000000000e+02 9.994523041322314061e-01 9.938322016528925440e-01
6.000000000000000000e+02 9.981360694214874707e-01 9.940825619834710025e-01
6.050000000000000000e+02 9.995074545454546433e-01 9.948801190082644519e-01
6.100000000000000000e+02 9.984837818181817592e-01 9.923126049586776798e-01
6.150000000000000000e+02 9.980643702479339296e-01 9.951708826446280520e-01
6.200000000000000000e+02 9.988766446280991085e-01 9.933095636363635794e-01
6.250000000000000000e+02 9.981582942148762294e-01 9.974386049586776437e-01
6.300000000000000000e+02 9.977644099173554881e-01 9.934366512396695104e-01
6.350000000000000000e+02 9.984013123966942738e-01 9.956029553719009106e-01
6.400000000000000000e+02 1.000026747107437997e+00 9.960567008264462618e-01
6.450000000000000000e+02 9.995888462809915387e-01 9.963108561983471390e-01
6.500000000000000000e+02 9.971706644628099969e-01 9.942542247933884303e-01
6.550000000000000000e+02 9.965727966942148353e-01 9.955540132231405215e-01
6.600000000000000000e+02 9.976866314049587237e-01 9.923632892561983221e-01
6.650000000000000000e+02 9.982905619834709920e-01 9.966200826446280914e-01
6.700000000000000000e+02 9.986786082644627527e-01 9.942985190082644920e-01
6.750000000000000000e+02 9.974091338842974164e-01 9.927853917355371483e-01
6.800000000000000000e+02 1.000941378512396618e+00 9.957134479338842770e-01
6.850000000000000000e+02 9.985646909090910572e-01 9.958884033057850971e-01
6.900000000000000000e+02 1.000339973553719064e+00 9.938215438016528847e-01
6.950000000000000000e+02 9.994283504132230878e-01 9.943266512396695678e-01
7.000000000000000000e+02 9.983926314049587081e-01 9.956833586776859812e-01
7.050000000000000000e+02 9.988328132231403256e-01 9.946790049586777815e-01
7.100000000000000000e+02 9.986110809917354558e-01 9.952227008264461494e-01
7.150000000000000000e+02 9.992528760330581239e-01 9.967225685950411584e-01
7.200000000000000000e+02 9.998066842975206203e-01 9.959477884297520678e-01
7.250000000000000000e+02 9.996790148760330563e-01 9.956229487603305284e-01
7.300000000000000000e+02 9.984370809917356704e-01 9.947658347107438681e-01
7.350000000000000000e+02 9.977800363636364356e-01 9.948340561983470831e-01
7.400000000000000000e+02 9.998729057851238888e-01 9.957155438016528359e-01
7.450000000000000000e+02 9.997144793388429429e-01 9.940297818181818013e-01
7.500000000000000000e+02 1.000123454545454482e+00 9.951459867768595036e-01
7.550000000000000000e+02 9.995490677685949787e-01 9.950416165289256432e-01
7.600000000000000000e+02 9.984364528925621096e-01 9.973885190082644181e-01
7.650000000000000000e+02 9.977058380165286788e-01 9.949448727272727222e-01
7.700000000000000000e+02 1.000415411570247937e+00 9.957601619834710593e-01
7.750000000000000000e+02 9.989096595041322413e-01 9.960829487603305443e-01
7.800000000000000000e+02 9.986473619834711490e-01 9.970742809917355620e-01
7.850000000000000000e+02 9.996714644628099666e-01 9.940705157024793959e-01
7.900000000000000000e+02 9.973406611570247993e-01 9.952077223140495255e-01
7.950000000000000000e+02 9.978865190082645276e-01 9.967880892561982176e-01
8.000000000000000000e+02 9.991750677685951043e-01 9.982162776859503373e-01
8.050000000000000000e+02 9.992299471074380657e-01 9.960464198347107612e-01
8.100000000000000000e+02 9.989015900826446748e-01 9.959568991735539001e-01
8.150000000000000000e+02 9.989914314049587185e-01 9.958585190082642757e-01
8.200000000000000000e+02 9.986525983471075119e-01 9.962513388429752315e-01
8.250000000000000000e+02 9.991200958677686206e-01 9.969076297520660379e-01
8.300000000000000000e+02 9.985204595041320408e-01 9.948941752066117195e-01
8.350000000000000000e+02 1.000699236363636446e+00 9.975923404958677576e-01
8.400000000000000000e+02 9.985579867768594742e-01 9.958952859504132116e-01
8.450000000000000000e+02 9.981320033057849983e-01 9.968057421487603875e-01
8.500000000000000000e+02 1.001719272727272569e+00 9.941098611570247101e-01
8.550000000000000000e+02 9.992431801652891243e-01 9.953509355371901179e-01
8.600000000000000000e+02 9.988142710743801445e-01 9.971591537190083177e-01
8.650000000000000000e+02 1.000170509090909210e+00 9.974183669421486931e-01
8.700000000000000000e+02 9.992830280991734648e-01 9.972271504132230735e-01
8.750000000000000000e+02 9.997888958677686455e-01 9.964161851239667911e-01
8.800000000000000000e+02 9.998351933884299658e-01 9.960218809917356086e-01
8.850000000000000000e+02 9.994206181818181545e-01 9.959854578512397083e-01
8.900000000000000000e+02 9.996868595041323857e-01 9.970767933884296941e-01
8.950000000000000000e+02 9.990261619834710505e-01 9.971402975206611341e-01
9.000000000000000000e+02 9.992792628099174124e-01 9.964184462809917431e-01
9.050000000000000000e+02 1.000199642975206471e+00 9.973535438016527532e-01
9.100000000000000000e+02 9.988681950413222932e-01 9.984890082644628517e-01
9.150000000000000000e+02 1.000077259504132288e+00 9.950939107438016018e-01
9.200000000000000000e+02 9.995807504132230292e-01 9.967075933884297356e-01
9.250000000000000000e+02 9.998736165289254796e-01 9.963679768595040676e-01
9.300000000000000000e+02 9.990063008264462585e-01 9.947325818181818047e-01
9.350000000000000000e+02 9.983649123966943373e-01 9.961501983471074961e-01
9.400000000000000000e+02 1.000058079338842942e+00 9.960127636363637071e-01
9.450000000000000000e+02 1.000334889256198290e+00 9.962171702479338808e-01
9.500000000000000000e+02 9.988807570247931755e-01 9.960347404958677098e-01
9.550000000000000000e+02 9.985718446280993366e-01 9.969215140495867322e-01
9.600000000000000000e+02 9.992818181818183820e-01 9.988305223140494515e-01
9.650000000000000000e+02 1.001062287603305734e+00 9.966944495867767762e-01
9.700000000000000000e+02 9.990849057851238779e-01 9.968417057851240992e-01
9.750000000000000000e+02 9.996116396694214590e-01 9.967880099173556108e-01
9.800000000000000000e+02 9.993531338842973621e-01 9.981765818181816963e-01
9.850000000000000000e+02 1.001450502479338756e+00 9.959673851239669862e-01
9.900000000000000000e+02 9.989756793388430145e-01 9.955510876033057954e-01
9.950000000000000000e+02 9.989184595041322723e-01 9.976670611570248592e-01
