0.000000000000000000e+00 4.636363636363637075e-02 4.636363636363637075e-02
5.000000000000000000e+00 9.684534809917353382e-01 9.610368132231406069e-01
1.000000000000000000e+01 9.758556628099173125e-01 9.675767603305784892e-01
1.500000000000000000e+01 9.781244429752066205e-01 9.692371471074379130e-01
2.000000000000000000e+01 9.792521256198346569e-01 9.713808264462808761e-01
2.500000000000000000e+01 9.819336528925619589e-01 9.732796661157024909e-01
3.000000000000000000e+01 9.827788528925618383e-01 9.743777024793388586e-01
3.500000000000000000e+01 9.860680066115701248e-01 9.767358611570247096e-01
4.000000000000000000e+01 9.878320363636362567e-01 9.772666743801652345e-01
4.500000000000000000e+01 9.855294975206611019e-01 9.773775867768594861e-01
5.000000000000000000e+01 9.886578710743799681e-01 9.792941851239669315e-01
5.500000000000000000e+01 9.899131239669423099e-01 9.804732694214874922e-01
6.000000000000000000e+01 9.902059933884297394e-01 9.791505752066115287e-01
6.500000000000000000e+01 9.902949652892563126e-01 9.807153983471073033e-01
7.000000000000000000e+01 9.901263305785124036e-01 9.805153190082643855e-01
7.500000000000000000e+01 9.903273289256198098e-01 9.819160429752067376e-01
8.000000000000000000e+01 9.899556925619835690e-01 9.827431438016528409e-01
8.500000000000000000e+01 9.912085520661155780e-01 9.823362975206612058e-01
9.000000000000000000e+01 9.910197057851238833e-01 9.853492099173554175e-01
9.500000000000000000e+01 9.926479173553717228e-01 9.863807107438017363e-01
1.000000000000000000e+02 9.910099471074378386e-01 9.871166148760330827e-01
1.050000000000000000e+02 9.934340165289257119e-01 9.872144925619832367e-01
1.100000000000000000e+02 9.926008958677685623e-01 9.858860066115701093e-01
1.150000000000000000e+02 9.951456495867768703e-01 9.892800694214874957e-01
1.200000000000000000e+02 9.930380165289257599e-01 9.875460099173553052e-01
1.250000000000000000e+02 9.937362578512397571e-01 9.887191272727271496e-01
1.300000000000000000e+02 9.932082380165289104e-01 9.879287107438015081e-01
1.350000000000000000e+02 9.931242247933884659e-01 9.902988165289254852e-01
1.400000000000000000e+02 9.944668991735536867e-01 9.875337884297520352e-01
1.450000000000000000e+02 9.946550975206610579e-01 9.880985586776859231e-01
1.500000000000000000e+02 9.951596396694213364e-01 9.907707305785125040e-01
1.550000000000000000e+02 9.972068264462811138e-01 9.902908595041320927e-01
1.600000000000000000e+02 9.965397090909091649e-01 9.904825685950413572e-01
1.650000000000000000e+02 9.952324363636362303e-01 9.899795834710743980e-01
1.700000000000000000e+02 9.963798049586778394e-01 9.892483999999998057e-01
1.750000000000000000e+02 9.949136859504130737e-01 9.923232165289256335e-01
1.800000000000000000e+02 9.955274677685951312e-01 9.928235008264462147e-01
1.850000000000000000e+02 9.951043504132230932e-01 9.919705652892563119e-01
1.900000000000000000e+02 9.971440727272726789e-01 9.920961851239669116e-01
1.950000000000000000e+02 9.970943239669420866e-01 9.905778181818181150e-01
2.000000000000000000e+02 9.958159867768594520e-01 9.911412330578512897e-01
2.050000000000000000e+02 9.976759702479338632e-01 9.927511735537188908e-01
2.100000000000000000e+02 9.978739669421488045e-01 9.931608595041323539e-01
2.150000000000000000e+02 9.961533421487602791e-01 9.927302280991735506e-01
2.200000000000000000e+02 9.975721917355370172e-01 9.938008000000000397e-01
2.250000000000000000e+02 9.970576231404958412e-01 9.926910148760329511e-01
2.300000000000000000e+02 9.955131900826446056e-01 9.922212033057851155e-01
2.350000000000000000e+02 9.973154314049585967e-01 9.931264066115701450e-01
2.400000000000000000e+02 9.967371371900826116e-01 9.933297157024794100e-01
2.450000000000000000e+02 9.953899404958678199e-01 9.942600396694215581e-01
2.500000000000000000e+02 9.962904099173552908e-01 9.952895966942147954e-01
2.550000000000000000e+02 9.972972396694214092e-01 9.946770413223141594e-01
2.600000000000000000e+02 9.973458380165288739e-01 9.953138743801650534e-01
2.650000000000000000e+02 9.974483140495866706e-01 9.936413256198346478e-01
2.700000000000000000e+02 9.974735570247933447e-01 9.925234181818183288e-01
2.750000000000000000e+02 9.956900661157025434e-01 9.938669256198346957e-01
2.800000000000000000e+02 9.967599966942148892e-01 9.938021024793387559e-01
2.850000000000000000e+02 9.959609917355370934e-01 9.950433123966939686e-01
2.900000000000000000e+02 9.961105123966941255e-01 9.962254578512397263e-01
2.950000000000000000e+02 9.978798314049587281e-01 9.961118082644627725e-01
3.000000000000000000e+02 9.968336330578511095e-01 9.942921685950413258e-01
3.050000000000000000e+02 9.973229024793386355e-01 9.977723272727272441e-01
3.100000000000000000e+02 9.965540396694214653e-01 9.971422479338842848e-01
3.150000000000000000e+02 9.982404892561984600e-01 9.959319900826445471e-01
3.200000000000000000e+02 9.972191438016529963e-01 9.959506214876032715e-01
3.250000000000000000e+02 9.984554380165290288e-01 9.981675371900825544e-01
3.300000000000000000e+02 9.977062214876031288e-01 9.961516165289256985e-01
3.350000000000000000e+02 9.965968330578510725e-01 9.967710545454545601e-01
3.400000000000000000e+02 9.988804925619833019e-01 9.958174611570248524e-01
3.450000000000000000e+02 9.974136495867768071e-01 9.954360264462810415e-01
3.500000000000000000e+02 9.987417190082645835e-01 9.940943900826445523e-01
3.550000000000000000e+02 9.969616132231404748e-01 9.973862413223141266e-01
3.600000000000000000e+02 9.978186809917355404e-01 9.961695272727272288e-01
3.650000000000000000e+02 9.979162644628098988e-01 9.972110545454546671e-01
3.700000000000000000e+02 9.994083239669420138e-01 9.967073454545454236e-01
3.750000000000000000e+02 9.987646776859504527e-01 9.983364793388430636e-01
3.800000000000000000e+02 9.976511966942147591e-01 9.959348793388427268e-01
3.850000000000000000e+02 9.984862512396693868e-01 9.980290479338842502e-01
3.900000000000000000e+02 9.981467371900827334e-01 9.989861024793389443e-01
3.950000000000000000e+02 9.989449884297521010e-01 9.978007239669419715e-01
4.000000000000000000e+02 9.992154479338843931e-01 9.972955272727273002e-01
4.050000000000000000e+02 9.990737851239668288e-01 9.991473388429751301e-01
4.100000000000000000e+02 9.969121454545453176e-01 9.971637057851239216e-01
4.150000000000000000e+02 9.980974413223140385e-01 9.984804132231406282e-01
4.200000000000000000e+02 9.980763074380165634e-01 9.981677190082643980e-01
4.250000000000000000e+02 9.987635867768593911e-01 9.983907008264463201e-01
4.300000000000000000e+02 9.989992595041321533e-01 9.986269090909090096e-01
4.350000000000000000e+02 9.977635438016527747e-01 9.973812297520658898e-01
4.400000000000000000e+02 1.000287057851239503e+00 9.977033223140496787e-01
4.450000000000000000e+02 9.990069256198348402e-01 9.964745586776858621e-01
4.500000000000000000e+02 9.997378314049587544e-01 9.957512892561982687e-01
4.550000000000000000e+02 9.985286214876032407e-01 9.978112628099171655e-01
4.600000000000000000e+02 9.973284561983470908e-01 9.980766082644627613e-01
4.650000000000000000e+02 9.988106214876033562e-01 9.966244727272725035e-01
4.700000000000000000e+02 9.989620330578510288e-01 9.970730512396693834e-01
4.750000000000000000e+02 9.984273520661158807e-01 9.979157454545456440e-01
4.800000000000000000e+02 1.000339976859504265e+00 9.978120297520660653e-01
4.850000000000000000e+02 9.990013553719009343e-01 9.970264264462811443e-01
4.900000000000000000e+02 1.000191256198347034e+00 9.961608099173553388e-01
4.950000000000000000e+02 9.982293652892562097e-01 9.964166578512397843e-01
5.000000000000000000e+02 9.988002181818181890e-01 9.966119966942150743e-01
5.050000000000000000e+02 1.000104079338842933e+00 9.979818413223139340e-01
5.100000000000000000e+02 9.989345884297522460e-01 9.973890016528924596e-01
5.150000000000000000e+02 9.989249685950412072e-01 9.985044694214874061e-01
5.200000000000000000e+02 1.000886757024793461e+00 9.990475537190081079e-01
5.250000000000000000e+02 9.986525421487602028e-01 9.987221586776859894e-01
5.300000000000000000e+02 9.994563371900826443e-01 9.976870413223141165e-01
5.350000000000000000e+02 9.992004826446280186e-01 9.985949322314049414e-01
5.400000000000000000e+02 9.988024066115702704e-01 9.984817917355371941e-01
5.450000000000000000e+02 9.980288297520661933e-01 9.968595305785123983e-01
5.500000000000000000e+02 9.983073190082645265e-01 9.963146578512397378e-01
5.550000000000000000e+02 9.991733322314051424e-01 9.950136429752067802e-01
5.600000000000000000e+02 9.999960231404958488e-01 9.980141090909091517e-01
5.650000000000000000e+02 1.000095249586776758e+00 9.988969487603306385e-01
5.700000000000000000e+02 9.979539471074380108e-01 9.984667140495867566e-01
5.750000000000000000e+02 1.000210538842975172e+00 9.977631735537189073e-01
5.800000000000000000e+02 9.983822413223141234e-01 9.971557421487604600e-01
5.850000000000000000e+02 9.990364859504131667e-01 9.980830710743802126e-01
5.900000000000000000e+02 9.997461223140498010e-01 9.961273851239669241e-01
5.950000000000000000e+02 1.000455950413223105e+00 9.976998347107437493e-01
6.000000000000000000e+02 9.987867471074380887e-01 9.982780925619835211e-01
6.050000000000000000e+02 1.000113510743801948e+00 9.997159272727274004e-01
6.100000000000000000e+02 1.000269282644628221e+00 9.984556793388428275e-01
6.150000000000000000e+02 9.999372099173555739e-01 9.966247801652892147e-01
6.200000000000000000e+02 9.988894314049586720e-01 9.973588892561984220e-01
6.250000000000000000e+02 9.973738115702477369e-01 9.986050842975207065e-01
6.300000000000000000e+02 9.983813487603306891e-01 9.981455074380166659e-01
6.350000000000000000e+02 9.988242247933885043e-01 1.000285699173553811e+00
6.400000000000000000e+02 9.997045355371900754e-01 9.977221090909089707e-01
6.450000000000000000e+02 9.978537520661155957e-01 9.988119867768594506e-01
6.500000000000000000e+02 1.000895553719008069e+00 9.987254842975206159e-01
6.550000000000000000e+02 1.000299639669421481e+00 9.984905454545452974e-01
6.600000000000000000e+02 9.983639206611568673e-01 9.987803272727273640e-01
6.650000000000000000e+02 9.983117950413223918e-01 9.998169785123967035e-01
6.700000000000000000e+02 1.000621752066115366e+00 9.979522876033056766e-01
6.750000000000000000e+02 9.981463239669421394e-01 9.987789586776859574e-01
6.800000000000000000e+02 9.989346049586776966e-01 9.976275404958677706e-01
6.850000000000000000e+02 9.997099471074382127e-01 9.976345520661157318e-01
6.900000000000000000e+02 9.989703504132231293e-01 9.975488561983469893e-01
6.950000000000000000e+02 9.979738082644628028e-01 9.988959008264461925e-01
7.000000000000000000e+02 9.974246578512397932e-01 9.984889752066115065e-01
7.050000000000000000e+02 9.989383438016528061e-01 9.990277752066114569e-01
7.100000000000000000e+02 1.001151633057851154e+00 9.982487404958677590e-01
7.150000000000000000e+02 9.999811041322315130e-01 9.988803305785125541e-01
7.200000000000000000e+02 9.989114413223140199e-01 9.978486512396692598e-01
7.250000000000000000e+02 9.998723272727272349e-01 9.998628099173554329e-01
7.300000000000000000e+02 9.986576429752064277e-01 9.990497983471074983e-01
7.350000000000000000e+02 9.988473057851239290e-01 9.982850148760329390e-01
7.400000000000000000e+02 9.995675371900825112e-01 9.975537685950411904e-01
7.450000000000000000e+02 9.993782049586776850e-01 9.987658446280990310e-01
7.500000000000000000e+02 1.000382905785123899e+00 9.982387239669421319e-01
7.550000000000000000e+02 1.000164687603305902e+00 9.991622082644626701e-01
7.600000000000000000e+02 9.984907074380163783e-01 1.000742446280991960e+00
7.650000000000000000e+02 9.995742578512396559e-01 9.974101256198346643e-01
7.700000000000000000e+02 9.999243438016527374e-01 9.986605917355371176e-01
7.750000000000000000e+02 9.992937057851239979e-01 9.985122942148760838e-01
7.800000000000000000e+02 9.985544099173552235e-01 1.000253031404958692e+00
7.850000000000000000e+02 9.994072033057850302e-01 1.000272280991735485e+00
7.900000000000000000e+02 9.992138909090909626e-01 9.981659999999999977e-01
7.950000000000000000e+02 9.986779206611571258e-01 9.972462314049586052e-01
8.000000000000000000e+02 9.990616859504133362e-01 9.985712892561983134e-01
8.050000000000000000e+02 9.999713157024793242e-01 9.988093752066115050e-01
8.100000000000000000e+02 9.987066214876032522e-01 9.984853388429751897e-01
8.150000000000000000e+02 9.984915768595039598e-01 1.001324981818181969e+00
8.200000000000000000e+02 9.989361388429749411e-01 9.977406975206610795e-01
8.250000000000000000e+02 9.983503636363636469e-01 9.993678413223140433e-01
8.300000000000000000e+02 9.986177256198347507e-01 9.977636099173553541e-01
8.350000000000000000e+02 9.989993752066114174e-01 9.986527834710745566e-01
8.400000000000000000e+02 9.993969454545454933e-01 1.000766971900826530e+00
8.450000000000000000e+02 9.973998446280990526e-01 9.991010975206611189e-01
8.500000000000000000e+02 9.983277652892560416e-01 9.999338181818181459e-01
8.550000000000000000e+02 9.982915041322313332e-01 9.989602876033056855e-01
8.600000000000000000e+02 9.972903735537190784e-01 9.996349157024793097e-01
8.650000000000000000e+02 9.980090479338843412e-01 9.971364495867767186e-01
8.700000000000000000e+02 9.991798710743798884e-01 9.999883900826447292e-01
8.750000000000000000e+02 1.000388561983471147e+00 9.991171834710742550e-01
8.800000000000000000e+02 9.994164561983469586e-01 1.000228119008264471e+00
8.850000000000000000e+02 9.978117454545454290e-01 9.974172264462811688e-01
8.900000000000000000e+02 1.000189018181818046e+00 9.996960859504131491e-01
8.950000000000000000e+02 9.993144165289254977e-01 9.997817785123969125e-01
9.000000000000000000e+02 1.000035566942148790e+00 1.000440340495867719e+00
9.050000000000000000e+02 9.999296958677683644e-01 9.995067471074380316e-01
9.100000000000000000e+02 9.989324066115701228e-01 9.988227504132231038e-01
9.150000000000000000e+02 9.991972132231404791e-01 9.995005090909090395e-01
9.200000000000000000e+02 9.987178545454545864e-01 1.000418489256198473e+00
9.250000000000000000e+02 9.990540661157023550e-01 9.999969917355370219e-01
9.300000000000000000e+02 1.000235738842975231e+00 9.972666743801651412e-01
9.350000000000000000e+02 9.994864826446280270e-01 1.000690363636363767e+00
9.400000000000000000e+02 9.998605057851237543e-01 9.993753487603305175e-01
9.450000000000000000e+02 9.991649950413223902e-01 1.000323371900826430e+00
9.500000000000000000e+02 9.993588363636363159e-01 1.000205775206611580e+00
9.550000000000000000e+02 9.984614710743802135e-01 1.000781404958677623e+00
9.600000000000000000e+02 9.981634181818181961e-01 9.992709950413221076e-01
9.650000000000000000e+02 9.986684561983472097e-01 9.992726909090908771e-01
9.700000000000000000e+02 9.995628297520660066e-01 9.995171338842974151e-01
9.750000000000000000e+02 9.969961289256197290e-01 9.980004231404958626e-01
9.800000000000000000e+02 1.000408132231404901e+00 1.000478852892561887e+00
9.850000000000000000e+02 9.976376561983471003e-01 1.001685748760330563e+00
9.900000000000000000e+02 9.999025520661156685e-01 9.987862942148760803e-01
9.950000000000000000e+02 9.973853024793388755e-01 1.001296714049586756e+00
