0.000000000000000000e+00 4.636363636363637075e-02 4.636363636363637075e-02
5.000000000000000000e+00 9.684534809917353382e-01 9.238720099173554079e-01
1.000000000000000000e+01 9.758556628099173125e-01 9.358254710743801885e-01
1.500000000000000000e+01 9.781244429752066205e-01 9.381539140495867013e-01
2.000000000000000000e+01 9.792521256198346569e-01 9.398064628099174200e-01
2.500000000000000000e+01 9.819336528925619589e-01 9.445504099173552826e-01
3.000000000000000000e+01 9.827788528925618383e-01 9.466909520661157540e-01
3.500000000000000000e+01 9.860680066115701248e-01 9.467374545454545487e-01
4.000000000000000000e+01 9.878320363636362567e-01 9.495952099173553540e-01
4.500000000000000000e+01 9.855294975206611019e-01 9.496400528925619255e-01
5.000000000000000000e+01 9.886578710743799681e-01 9.521503471074380665e-01
5.500000000000000000e+01 9.899131239669423099e-01 9.535601355371902121e-01
6.000000000000000000e+01 9.902059933884297394e-01 9.535268826446280377e-01
6.500000000000000000e+01 9.902949652892563126e-01 9.553541983471074417e-01
7.000000000000000000e+01 9.901263305785124036e-01 9.563981223140494148e-01
7.500000000000000000e+01 9.903273289256198098e-01 9.585947801652892064e-01
8.000000000000000000e+01 9.899556925619835690e-01 9.567671338842973494e-01
8.500000000000000000e+01 9.912085520661155780e-01 9.610752132231403788e-01
9.000000000000000000e+01 9.910197057851238833e-01 9.611736396694213758e-01
9.500000000000000000e+01 9.926479173553717228e-01 9.595992066115701657e-01
1.000000000000000000e+02 9.910099471074378386e-01 9.620994181818181001e-01
1.050000000000000000e+02 9.934340165289257119e-01 9.643468859504131796e-01
1.100000000000000000e+02 9.926008958677685623e-01 9.640425685950413381e-01
1.150000000000000000e+02 9.951456495867768703e-01 9.642414743801653865e-01
1.200000000000000000e+02 9.930380165289257599e-01 9.653682280991736642e-01
1.250000000000000000e+02 9.937362578512397571e-01 9.658940661157024987e-01
1.300000000000000000e+02 9.932082380165289104e-01 9.682609619834712245e-01
1.350000000000000000e+02 9.931242247933884659e-01 9.666616991735536013e-01
1.400000000000000000e+02 9.944668991735536867e-01 9.659491074380165410e-01
1.450000000000000000e+02 9.946550975206610579e-01 9.686227504132229882e-01
1.500000000000000000e+02 9.951596396694213364e-01 9.698480000000000434e-01
1.550000000000000000e+02 9.972068264462811138e-01 9.681401090909089735e-01
1.600000000000000000e+02 9.965397090909091649e-01 9.699410115702480351e-01
1.650000000000000000e+02 9.952324363636362303e-01 9.712094082644628923e-01
1.700000000000000000e+02 9.963798049586778394e-01 9.712761289256197639e-01
1.750000000000000000e+02 9.949136859504130737e-01 9.735403834710742998e-01
1.800000000000000000e+02 9.955274677685951312e-01 9.712865322314050420e-01
1.850000000000000000e+02 9.951043504132230932e-01 9.720744661157023625e-01
1.900000000000000000e+02 9.971440727272726789e-01 9.745141322314049281e-01
1.950000000000000000e+02 9.970943239669420866e-01 9.751055471074380199e-01
2.000000000000000000e+02 9.958159867768594520e-01 9.725380396694213170e-01
2.050000000000000000e+02 9.976759702479338632e-01 9.756800495867767875e-01
2.100000000000000000e+02 9.978739669421488045e-01 9.770187966942147639e-01
2.150000000000000000e+02 9.961533421487602791e-01 9.754951272727272471e-01
2.200000000000000000e+02 9.975721917355370172e-01 9.750621586776858640e-01
2.250000000000000000e+02 9.970576231404958412e-01 9.789059107438017326e-01
2.300000000000000000e+02 9.955131900826446056e-01 9.777217057851238513e-01
2.350000000000000000e+02 9.973154314049585967e-01 9.797188396694214152e-01
2.400000000000000000e+02 9.967371371900826116e-01 9.771690776859504046e-01
2.450000000000000000e+02 9.953899404958678199e-01 9.769507107438016869e-01
2.500000000000000000e+02 9.962904099173552908e-01 9.803490214876033892e-01
2.550000000000000000e+02 9.972972396694214092e-01 9.792722247933884905e-01
2.600000000000000000e+02 9.973458380165288739e-01 9.778584892561983377e-01
2.650000000000000000e+02 9.974483140495866706e-01 9.784150578512396113e-01
2.700000000000000000e+02 9.974735570247933447e-01 9.792733586776858346e-01
2.750000000000000000e+02 9.956900661157025434e-01 9.810673719008263793e-01
2.800000000000000000e+02 9.967599966942148892e-01 9.800032793388429031e-01
2.850000000000000000e+02 9.959609917355370934e-01 9.795999107438018161e-01
2.900000000000000000e+02 9.961105123966941255e-01 9.821817619834710689e-01
2.950000000000000000e+02 9.978798314049587281e-01 9.803478413223141175e-01
3.000000000000000000e+02 9.968336330578511095e-01 9.805811867768594592e-01
3.050000000000000000e+02 9.973229024793386355e-01 9.840177057851239306e-01
3.100000000000000000e+02 9.965540396694214653e-01 9.831592165289254615e-01
3.150000000000000000e+02 9.982404892561984600e-01 9.838569057851239696e-01
3.200000000000000000e+02 9.972191438016529963e-01 9.844830314049588527e-01
3.250000000000000000e+02 9.984554380165290288e-01 9.846478876033059047e-01
3.300000000000000000e+02 9.977062214876031288e-01 9.848270578512396956e-01
3.350000000000000000e+02 9.965968330578510725e-01 9.854846082644627137e-01
3.400000000000000000e+02 9.988804925619833019e-01 9.853161289256199273e-01
3.450000000000000000e+02 9.974136495867768071e-01 9.846200495867767355e-01
3.500000000000000000e+02 9.987417190082645835e-01 9.851614280991736194e-01
3.550000000000000000e+02 9.969616132231404748e-01 9.858657487603306180e-01
3.600000000000000000e+02 9.978186809917355404e-01 9.857278016528925324e-01
3.650000000000000000e+02 9.979162644628098988e-01 9.854488132231405961e-01
3.700000000000000000e+02 9.994083239669420138e-01 9.858870214876033211e-01
3.750000000000000000e+02 9.987646776859504527e-01 9.885967636363636180e-01
3.800000000000000000e+02 9.976511966942147591e-01 9.881531107438016326e-01
3.850000000000000000e+02 9.984862512396693868e-01 9.881659107438014455e-01
3.900000000000000000e+02 9.981467371900827334e-01 9.882370181818181942e-01
3.950000000000000000e+02 9.989449884297521010e-01 9.870060561983470260e-01
4.000000000000000000e+02 9.992154479338843931e-01 9.871636528925620269e-01
4.050000000000000000e+02 9.990737851239668288e-01 9.893150710743799925e-01
4.100000000000000000e+02 9.969121454545453176e-01 9.906309157024791867e-01
4.150000000000000000e+02 9.980974413223140385e-01 9.881373024793388415e-01
4.200000000000000000e+02 9.980763074380165634e-01 9.884317487603306862e-01
4.250000000000000000e+02 9.987635867768593911e-01 9.910086512396694136e-01
4.300000000000000000e+02 9.989992595041321533e-01 9.901770545454546824e-01
4.350000000000000000e+02 9.977635438016527747e-01 9.882692297520661029e-01
4.400000000000000000e+02 1.000287057851239503e+00 9.907065950413223021e-01
4.450000000000000000e+02 9.990069256198348402e-01 9.898217983471073733e-01
4.500000000000000000e+02 9.997378314049587544e-01 9.903820561983470716e-01
4.550000000000000000e+02 9.985286214876032407e-01 9.890966512396694998e-01
4.600000000000000000e+02 9.973284561983470908e-01 9.902477123966942907e-01
4.650000000000000000e+02 9.988106214876033562e-01 9.914659867768594870e-01
4.700000000000000000e+02 9.989620330578510288e-01 9.910550876033056289e-01
4.750000000000000000e+02 9.984273520661158807e-01 9.904333123966940766e-01
4.800000000000000000e+02 1.000339976859504265e+00 9.924809553719006194e-01
4.850000000000000000e+02 9.990013553719009343e-01 9.925171570247932618e-01
4.900000000000000000e+02 1.000191256198347034e+00 9.914268066115703437e-01
4.950000000000000000e+02 9.982293652892562097e-01 9.926031999999999078e-01
5.000000000000000000e+02 9.988002181818181890e-01 9.921533586776860592e-01
5.050000000000000000e+02 1.000104079338842933e+00 9.942900561983470942e-01
5.100000000000000000e+02 9.989345884297522460e-01 9.939835768595040033e-01
5.150000000000000000e+02 9.989249685950412072e-01 9.933363768595041554e-01
5.200000000000000000e+02 1.000886757024793461e+00 9.936656991735537403e-01
5.250000000000000000e+02 9.986525421487602028e-01 9.936345223140495841e-01
5.300000000000000000e+02 9.994563371900826443e-01 9.931463140495868647e-01
5.350000000000000000e+02 9.992004826446280186e-01 9.932527206611571069e-01
5.400000000000000000e+02 9.988024066115702704e-01 9.942600826446282847e-01
5.450000000000000000e+02 9.980288297520661933e-01 9.929114314049586332e-01
5.500000000000000000e+02 9.983073190082645265e-01 9.940970578512395850e-01
5.550000000000000000e+02 9.991733322314051424e-01 9.930044132231404808e-01
5.600000000000000000e+02 9.999960231404958488e-01 9.940275272727271405e-01
5.650000000000000000e+02 1.000095249586776758e+00 9.938305785123967562e-01
5.700000000000000000e+02 9.979539471074380108e-01 9.930697289256198435e-01
5.750000000000000000e+02 1.000210538842975172e+00 9.940494710743801310e-01
5.800000000000000000e+02 9.983822413223141234e-01 9.936240099173552220e-01
5.850000000000000000e+02 9.990364859504131667e-01 9.943945685950413838e-01
5.900000000000000000e+02 9.997461223140498010e-01 9.943252297520659422e-01
5.950000000000000000e+02 1.000455950413223105e+00 9.938322016528925440e-01
6.000000000000000000e+02 9.987867471074380887e-01 9.940825619834710025e-01
6.050000000000000000e+02 1.000113510743801948e+00 9.948801190082644519e-01
6.100000000000000000e+02 1.000269282644628221e+00 9.923126049586776798e-01
6.150000000000000000e+02 9.999372099173555739e-01 9.951708826446280520e-01
6.200000000000000000e+02 9.988894314049586720e-01 9.933095636363635794e-01
6.250000000000000000e+02 9.973738115702477369e-01 9.974386049586776437e-01
6.300000000000000000e+02 9.983813487603306891e-01 9.934366512396695104e-01
6.350000000000000000e+02 9.988242247933885043e-01 9.956029553719009106e-01
6.400000000000000000e+02 9.997045355371900754e-01 9.960567008264462618e-01
6.450000000000000000e+02 9.978537520661155957e-01 9.963108561983471390e-01
6.500000000000000000e+02 1.000895553719008069e+00 9.942542247933884303e-01
6.550000000000000000e+02 1.000299639669421481e+00 9.955540132231405215e-01
6.600000000000000000e+02 9.983639206611568673e-01 9.923632892561983221e-01
6.650000000000000000e+02 9.983117950413223918e-01 9.966200826446280914e-01
6.700000000000000000e+02 1.000621752066115366e+00 9.942985190082644920e-01
6.750000000000000000e+02 9.981463239669421394e-01 9.927853917355371483e-01
6.800000000000000000e+02 9.989346049586776966e-01 9.957134479338842770e-01
6.850000000000000000e+02 9.997099471074382127e-01 9.958884033057850971e-01
6.900000000000000000e+02 9.989703504132231293e-01 9.938215438016528847e-01
6.950000000000000000e+02 9.979738082644628028e-01 9.943266512396695678e-01
7.000000000000000000e+02 9.974246578512397932e-01 9.956833586776859812e-01
7.050000000000000000e+02 9.989383438016528061e-01 9.946790049586777815e-01
7.100000000000000000e+02 1.001151633057851154e+00 9.952227008264461494e-01
7.150000000000000000e+02 9.999811041322315130e-01 9.967225685950411584e-01
7.200000000000000000e+02 9.989114413223140199e-01 9.959477884297520678e-01
7.250000000000000000e+02 9.998723272727272349e-01 9.956229487603305284e-01
7.300000000000000000e+02 9.986576429752064277e-01 9.947658347107438681e-01
7.350000000000000000e+02 9.988473057851239290e-01 9.948340561983470831e-01
7.400000000000000000e+02 9.995675371900825112e-01 9.957155438016528359e-01
7.450000000000000000e+02 9.993782049586776850e-01 9.940297818181818013e-01
7.500000000000000000e+02 1.000382905785123899e+00 9.951459867768595036e-01
7.550000000000000000e+02 1.000164687603305902e+00 9.950416165289256432e-01
7.600000000000000000e+02 9.984907074380163783e-01 9.973885190082644181e-01
7.650000000000000000e+02 9.995742578512396559e-01 9.949448727272727222e-01
7.700000000000000000e+02 9.999243438016527374e-01 9.957601619834710593e-01
7.750000000000000000e+02 9.992937057851239979e-01 9.960829487603305443e-01
7.800000000000000000e+02 9.985544099173552235e-01 9.970742809917355620e-01
7.850000000000000000e+02 9.994072033057850302e-01 9.940705157024793959e-01
7.900000000000000000e+02 9.992138909090909626e-01 9.952077223140495255e-01
7.950000000000000000e+02 9.986779206611571258e-01 9.967880892561982176e-01
8.000000000000000000e+02 9.990616859504133362e-01 9.982162776859503373e-01
8.050000000000000000e+02 9.999713157024793242e-01 9.960464198347107612e-01
8.100000000000000000e+02 9.987066214876032522e-01 9.959568991735539001e-01
8.150000000000000000e+02 9.984915768595039598e-01 9.958585190082642757e-01
8.200000000000000000e+02 9.989361388429749411e-01 9.962513388429752315e-01
8.250000000000000000e+02 9.983503636363636469e-01 9.969076297520660379e-01
8.300000000000000000e+02 9.986177256198347507e-01 9.948941752066117195e-01
8.350000000000000000e+02 9.989993752066114174e-01 9.975923404958677576e-01
8.400000000000000000e+02 9.993969454545454933e-01 9.958952859504132116e-01
8.450000000000000000e+02 9.973998446280990526e-01 9.968057421487603875e-01
8.500000000000000000e+02 9.983277652892560416e-01 9.941098611570247101e-01
8.550000000000000000e+02 9.982915041322313332e-01 9.953509355371901179e-01
8.600000000000000000e+02 9.972903735537190784e-01 9.971591537190083177e-01
8.650000000000000000e+02 9.980090479338843412e-01 9.974183669421486931e-01
8.700000000000000000e+02 9.991798710743798884e-01 9.972271504132230735e-01
8.750000000000000000e+02 1.000388561983471147e+00 9.964161851239667911e-01
8.800000000000000000e+02 9.994164561983469586e-01 9.960218809917356086e-01
8.850000000000000000e+02 9.978117454545454290e-01 9.959854578512397083e-01
8.900000000000000000e+02 1.000189018181818046e+00 9.970767933884296941e-01
8.950000000000000000e+02 9.993144165289254977e-01 9.971402975206611341e-01
9.000000000000000000e+02 1.000035566942148790e+00 9.964184462809917431e-01
9.050000000000000000e+02 9.999296958677683644e-01 9.973535438016527532e-01
9.100000000000000000e+02 9.989324066115701228e-01 9.984890082644628517e-01
9.150000000000000000e+02 9.991972132231404791e-01 9.950939107438016018e-01
9.200000000000000000e+02 9.987178545454545864e-01 9.967075933884297356e-01
9.250000000000000000e+02 9.990540661157023550e-01 9.963679768595040676e-01
9.300000000000000000e+02 1.000235738842975231e+00 9.947325818181818047e-01
9.350000000000000000e+02 9.994864826446280270e-01 9.961501983471074961e-01
9.400000000000000000e+02 9.998605057851237543e-01 9.960127636363637071e-01
9.450000000000000000e+02 9.991649950413223902e-01 9.962171702479338808e-01
9.500000000000000000e+02 9.993588363636363159e-01 9.960347404958677098e-01
9.550000000000000000e+02 9.984614710743802135e-01 9.969215140495867322e-01
9.600000000000000000e+02 9.981634181818181961e-01 9.988305223140494515e-01
9.650000000000000000e+02 9.986684561983472097e-01 9.966944495867767762e-01
9.700000000000000000e+02 9.995628297520660066e-01 9.968417057851240992e-01
9.750000000000000000e+02 9.969961289256197290e-01 9.967880099173556108e-01
9.800000000000000000e+02 1.000408132231404901e+00 9.981765818181816963e-01
9.850000000000000000e+02 9.976376561983471003e-01 9.959673851239669862e-01
9.900000000000000000e+02 9.999025520661156685e-01 9.955510876033057954e-01
9.950000000000000000e+02 9.973853024793388755e-01 9.976670611570248592e-01
