0.000000000000000000e+00 4.636363636363637075e-02 4.636363636363637075e-02
5.000000000000000000e+00 9.610368132231406069e-01 9.238720099173554079e-01
1.000000000000000000e+01 9.675767603305784892e-01 9.358254710743801885e-01
1.500000000000000000e+01 9.692371471074379130e-01 9.381539140495867013e-01
2.000000000000000000e+01 9.713808264462808761e-01 9.398064628099174200e-01
2.500000000000000000e+01 9.732796661157024909e-01 9.445504099173552826e-01
3.000000000000000000e+01 9.743777024793388586e-01 9.466909520661157540e-01
3.500000000000000000e+01 9.767358611570247096e-01 9.467374545454545487e-01
4.000000000000000000e+01 9.772666743801652345e-01 9.495952099173553540e-01
4.500000000000000000e+01 9.773775867768594861e-01 9.496400528925619255e-01
5.000000000000000000e+01 9.792941851239669315e-01 9.521503471074380665e-01
5.500000000000000000e+01 9.804732694214874922e-01 9.535601355371902121e-01
6.000000000000000000e+01 9.791505752066115287e-01 9.535268826446280377e-01
6.500000000000000000e+01 9.807153983471073033e-01 9.553541983471074417e-01
7.000000000000000000e+01 9.805153190082643855e-01 9.563981223140494148e-01
7.500000000000000000e+01 9.819160429752067376e-01 9.585947801652892064e-01
8.000000000000000000e+01 9.827431438016528409e-01 9.567671338842973494e-01
8.500000000000000000e+01 9.823362975206612058e-01 9.610752132231403788e-01
9.000000000000000000e+01 9.853492099173554175e-01 9.611736396694213758e-01
9.500000000000000000e+01 9.863807107438017363e-01 9.595992066115701657e-01
1.000000000000000000e+02 9.871166148760330827e-01 9.620994181818181001e-01
1.050000000000000000e+02 9.872144925619832367e-01 9.643468859504131796e-01
1.100000000000000000e+02 9.858860066115701093e-01 9.640425685950413381e-01
1.150000000000000000e+02 9.892800694214874957e-01 9.642414743801653865e-01
1.200000000000000000e+02 9.875460099173553052e-01 9.653682280991736642e-01
1.250000000000000000e+02 9.887191272727271496e-01 9.658940661157024987e-01
1.300000000000000000e+02 9.879287107438015081e-01 9.682609619834712245e-01
1.350000000000000000e+02 9.902988165289254852e-01 9.666616991735536013e-01
1.400000000000000000e+02 9.875337884297520352e-01 9.659491074380165410e-01
1.450000000000000000e+02 9.880985586776859231e-01 9.686227504132229882e-01
1.500000000000000000e+02 9.907707305785125040e-01 9.698480000000000434e-01
1.550000000000000000e+02 9.902908595041320927e-01 9.681401090909089735e-01
1.600000000000000000e+02 9.904825685950413572e-01 9.699410115702480351e-01
1.650000000000000000e+02 9.899795834710743980e-01 9.712094082644628923e-01
1.700000000000000000e+02 9.892483999999998057e-01 9.712761289256197639e-01
1.750000000000000000e+02 9.923232165289256335e-01 9.735403834710742998e-01
1.800000000000000000e+02 9.928235008264462147e-01 9.712865322314050420e-01
1.850000000000000000e+02 9.919705652892563119e-01 9.720744661157023625e-01
1.900000000000000000e+02 9.920961851239669116e-01 9.745141322314049281e-01
1.950000000000000000e+02 9.905778181818181150e-01 9.751055471074380199e-01
2.000000000000000000e+02 9.911412330578512897e-01 9.725380396694213170e-01
2.050000000000000000e+02 9.927511735537188908e-01 9.756800495867767875e-01
2.100000000000000000e+02 9.931608595041323539e-01 9.770187966942147639e-01
2.150000000000000000e+02 9.927302280991735506e-01 9.754951272727272471e-01
2.200000000000000000e+02 9.938008000000000397e-01 9.750621586776858640e-01
2.250000000000000000e+02 9.926910148760329511e-01 9.789059107438017326e-01
2.300000000000000000e+02 9.922212033057851155e-01 9.777217057851238513e-01
2.350000000000000000e+02 9.931264066115701450e-01 9.797188396694214152e-01
2.400000000000000000e+02 9.933297157024794100e-01 9.771690776859504046e-01
2.450000000000000000e+02 9.942600396694215581e-01 9.769507107438016869e-01
2.500000000000000000e+02 9.952895966942147954e-01 9.803490214876033892e-01
2.550000000000000000e+02 9.946770413223141594e-01 9.792722247933884905e-01
2.600000000000000000e+02 9.953138743801650534e-01 9.778584892561983377e-01
2.650000000000000000e+02 9.936413256198346478e-01 9.784150578512396113e-01
2.700000000000000000e+02 9.925234181818183288e-01 9.792733586776858346e-01
2.750000000000000000e+02 9.938669256198346957e-01 9.810673719008263793e-01
2.800000000000000000e+02 9.938021024793387559e-01 9.800032793388429031e-01
2.850000000000000000e+02 9.950433123966939686e-01 9.795999107438018161e-01
2.900000000000000000e+02 9.962254578512397263e-01 9.821817619834710689e-01
2.950000000000000000e+02 9.961118082644627725e-01 9.803478413223141175e-01
3.000000000000000000e+02 9.942921685950413258e-01 9.805811867768594592e-01
3.050000000000000000e+02 9.977723272727272441e-01 9.840177057851239306e-01
3.100000000000000000e+02 9.971422479338842848e-01 9.831592165289254615e-01
3.150000000000000000e+02 9.959319900826445471e-01 9.838569057851239696e-01
3.200000000000000000e+02 9.959506214876032715e-01 9.844830314049588527e-01
3.250000000000000000e+02 9.981675371900825544e-01 9.846478876033059047e-01
3.300000000000000000e+02 9.961516165289256985e-01 9.848270578512396956e-01
3.350000000000000000e+02 9.967710545454545601e-01 9.854846082644627137e-01
3.400000000000000000e+02 9.958174611570248524e-01 9.853161289256199273e-01
3.450000000000000000e+02 9.954360264462810415e-01 9.846200495867767355e-01
3.500000000000000000e+02 9.940943900826445523e-01 9.851614280991736194e-01
3.550000000000000000e+02 9.973862413223141266e-01 9.858657487603306180e-01
3.600000000000000000e+02 9.961695272727272288e-01 9.857278016528925324e-01
3.650000000000000000e+02 9.972110545454546671e-01 9.854488132231405961e-01
3.700000000000000000e+02 9.967073454545454236e-01 9.858870214876033211e-01
3.750000000000000000e+02 9.983364793388430636e-01 9.885967636363636180e-01
3.800000000000000000e+02 9.959348793388427268e-01 9.881531107438016326e-01
3.850000000000000000e+02 9.980290479338842502e-01 9.881659107438014455e-01
3.900000000000000000e+02 9.989861024793389443e-01 9.882370181818181942e-01
3.950000000000000000e+02 9.978007239669419715e-01 9.870060561983470260e-01
4.000000000000000000e+02 9.972955272727273002e-01 9.871636528925620269e-01
4.050000000000000000e+02 9.991473388429751301e-01 9.893150710743799925e-01
4.100000000000000000e+02 9.971637057851239216e-01 9.906309157024791867e-01
4.150000000000000000e+02 9.984804132231406282e-01 9.881373024793388415e-01
4.200000000000000000e+02 9.981677190082643980e-01 9.884317487603306862e-01
4.250000000000000000e+02 9.983907008264463201e-01 9.910086512396694136e-01
4.300000000000000000e+02 9.986269090909090096e-01 9.901770545454546824e-01
4.350000000000000000e+02 9.973812297520658898e-01 9.882692297520661029e-01
4.400000000000000000e+02 9.977033223140496787e-01 9.907065950413223021e-01
4.450000000000000000e+02 9.964745586776858621e-01 9.898217983471073733e-01
4.500000000000000000e+02 9.957512892561982687e-01 9.903820561983470716e-01
4.550000000000000000e+02 9.978112628099171655e-01 9.890966512396694998e-01
4.600000000000000000e+02 9.980766082644627613e-01 9.902477123966942907e-01
4.650000000000000000e+02 9.966244727272725035e-01 9.914659867768594870e-01
4.700000000000000000e+02 9.970730512396693834e-01 9.910550876033056289e-01
4.750000000000000000e+02 9.979157454545456440e-01 9.904333123966940766e-01
4.800000000000000000e+02 9.978120297520660653e-01 9.924809553719006194e-01
4.850000000000000000e+02 9.970264264462811443e-01 9.925171570247932618e-01
4.900000000000000000e+02 9.961608099173553388e-01 9.914268066115703437e-01
4.950000000000000000e+02 9.964166578512397843e-01 9.926031999999999078e-01
5.000000000000000000e+02 9.966119966942150743e-01 9.921533586776860592e-01
5.050000000000000000e+02 9.979818413223139340e-01 9.942900561983470942e-01
5.100000000000000000e+02 9.973890016528924596e-01 9.939835768595040033e-01
5.150000000000000000e+02 9.985044694214874061e-01 9.933363768595041554e-01
5.200000000000000000e+02 9.990475537190081079e-01 9.936656991735537403e-01
5.250000000000000000e+02 9.987221586776859894e-01 9.936345223140495841e-01
5.300000000000000000e+02 9.976870413223141165e-01 9.931463140495868647e-01
5.350000000000000000e+02 9.985949322314049414e-01 9.932527206611571069e-01
5.400000000000000000e+02 9.984817917355371941e-01 9.942600826446282847e-01
5.450000000000000000e+02 9.968595305785123983e-01 9.929114314049586332e-01
5.500000000000000000e+02 9.963146578512397378e-01 9.940970578512395850e-01
5.550000000000000000e+02 9.950136429752067802e-01 9.930044132231404808e-01
5.600000000000000000e+02 9.980141090909091517e-01 9.940275272727271405e-01
5.650000000000000000e+02 9.988969487603306385e-01 9.938305785123967562e-01
5.700000000000000000e+02 9.984667140495867566e-01 9.930697289256198435e-01
5.750000000000000000e+02 9.977631735537189073e-01 9.940494710743801310e-01
5.800000000000000000e+02 9.971557421487604600e-01 9.936240099173552220e-01
5.850000000000000000e+02 9.980830710743802126e-01 9.943945685950413838e-01
5.900000000000000000e+02 9.961273851239669241e-01 9.943252297520659422e-01
5.950000000000000000e+02 9.976998347107437493e-01 9.938322016528925440e-01
6.000000000000000000e+02 9.982780925619835211e-01 9.940825619834710025e-01
6.050000000000000000e+02 9.997159272727274004e-01 9.948801190082644519e-01
6.100000000000000000e+02 9.984556793388428275e-01 9.923126049586776798e-01
6.150000000000000000e+02 9.966247801652892147e-01 9.951708826446280520e-01
6.200000000000000000e+02 9.973588892561984220e-01 9.933095636363635794e-01
6.250000000000000000e+02 9.986050842975207065e-01 9.974386049586776437e-01
6.300000000000000000e+02 9.981455074380166659e-01 9.934366512396695104e-01
6.350000000000000000e+02 1.000285699173553811e+00 9.956029553719009106e-01
6.400000000000000000e+02 9.977221090909089707e-01 9.960567008264462618e-01
6.450000000000000000e+02 9.988119867768594506e-01 9.963108561983471390e-01
6.500000000000000000e+02 9.987254842975206159e-01 9.942542247933884303e-01
6.550000000000000000e+02 9.984905454545452974e-01 9.955540132231405215e-01
6.600000000000000000e+02 9.987803272727273640e-01 9.923632892561983221e-01
6.650000000000000000e+02 9.998169785123967035e-01 9.966200826446280914e-01
6.700000000000000000e+02 9.979522876033056766e-01 9.942985190082644920e-01
6.750000000000000000e+02 9.987789586776859574e-01 9.927853917355371483e-01
6.800000000000000000e+02 9.976275404958677706e-01 9.957134479338842770e-01
6.850000000000000000e+02 9.976345520661157318e-01 9.958884033057850971e-01
6.900000000000000000e+02 9.975488561983469893e-01 9.938215438016528847e-01
6.950000000000000000e+02 9.988959008264461925e-01 9.943266512396695678e-01
7.000000000000000000e+02 9.984889752066115065e-01 9.956833586776859812e-01
7.050000000000000000e+02 9.990277752066114569e-01 9.946790049586777815e-01
7.100000000000000000e+02 9.982487404958677590e-01 9.952227008264461494e-01
7.150000000000000000e+02 9.988803305785125541e-01 9.967225685950411584e-01
7.200000000000000000e+02 9.978486512396692598e-01 9.959477884297520678e-01
7.250000000000000000e+02 9.998628099173554329e-01 9.956229487603305284e-01
7.300000000000000000e+02 9.990497983471074983e-01 9.947658347107438681e-01
7.350000000000000000e+02 9.982850148760329390e-01 9.948340561983470831e-01
7.400000000000000000e+02 9.975537685950411904e-01 9.957155438016528359e-01
7.450000000000000000e+02 9.987658446280990310e-01 9.940297818181818013e-01
7.500000000000000000e+02 9.982387239669421319e-01 9.951459867768595036e-01
7.550000000000000000e+02 9.991622082644626701e-01 9.950416165289256432e-01
7.600000000000000000e+02 1.000742446280991960e+00 9.973885190082644181e-01
7.650000000000000000e+02 9.974101256198346643e-01 9.949448727272727222e-01
7.700000000000000000e+02 9.986605917355371176e-01 9.957601619834710593e-01
7.750000000000000000e+02 9.985122942148760838e-01 9.960829487603305443e-01
7.800000000000000000e+02 1.000253031404958692e+00 9.970742809917355620e-01
7.850000000000000000e+02 1.000272280991735485e+00 9.940705157024793959e-01
7.900000000000000000e+02 9.981659999999999977e-01 9.952077223140495255e-01
7.950000000000000000e+02 9.972462314049586052e-01 9.967880892561982176e-01
8.000000000000000000e+02 9.985712892561983134e-01 9.982162776859503373e-01
8.050000000000000000e+02 9.988093752066115050e-01 9.960464198347107612e-01
8.100000000000000000e+02 9.984853388429751897e-01 9.959568991735539001e-01
8.150000000000000000e+02 1.001324981818181969e+00 9.958585190082642757e-01
8.200000000000000000e+02 9.977406975206610795e-01 9.962513388429752315e-01
8.250000000000000000e+02 9.993678413223140433e-01 9.969076297520660379e-01
8.300000000000000000e+02 9.977636099173553541e-01 9.948941752066117195e-01
8.350000000000000000e+02 9.986527834710745566e-01 9.975923404958677576e-01
8.400000000000000000e+02 1.000766971900826530e+00 9.958952859504132116e-01
8.450000000000000000e+02 9.991010975206611189e-01 9.968057421487603875e-01
8.500000000000000000e+02 9.999338181818181459e-01 9.941098611570247101e-01
8.550000000000000000e+02 9.989602876033056855e-01 9.953509355371901179e-01
8.600000000000000000e+02 9.996349157024793097e-01 9.971591537190083177e-01
8.650000000000000000e+02 9.971364495867767186e-01 9.974183669421486931e-01
8.700000000000000000e+02 9.999883900826447292e-01 9.972271504132230735e-01
8.750000000000000000e+02 9.991171834710742550e-01 9.964161851239667911e-01
8.800000000000000000e+02 1.000228119008264471e+00 9.960218809917356086e-01
8.850000000000000000e+02 9.974172264462811688e-01 9.959854578512397083e-01
8.900000000000000000e+02 9.996960859504131491e-01 9.970767933884296941e-01
8.950000000000000000e+02 9.997817785123969125e-01 9.971402975206611341e-01
9.000000000000000000e+02 1.000440340495867719e+00 9.964184462809917431e-01
9.050000000000000000e+02 9.995067471074380316e-01 9.973535438016527532e-01
9.100000000000000000e+02 9.988227504132231038e-01 9.984890082644628517e-01
9.150000000000000000e+02 9.995005090909090395e-01 9.950939107438016018e-01
9.200000000000000000e+02 1.000418489256198473e+00 9.967075933884297356e-01
9.250000000000000000e+02 9.999969917355370219e-01 9.963679768595040676e-01
9.300000000000000000e+02 9.972666743801651412e-01 9.947325818181818047e-01
9.350000000000000000e+02 1.000690363636363767e+00 9.961501983471074961e-01
9.400000000000000000e+02 9.993753487603305175e-01 9.960127636363637071e-01
9.450000000000000000e+02 1.000323371900826430e+00 9.962171702479338808e-01
9.500000000000000000e+02 1.000205775206611580e+00 9.960347404958677098e-01
9.550000000000000000e+02 1.000781404958677623e+00 9.969215140495867322e-01
9.600000000000000000e+02 9.992709950413221076e-01 9.988305223140494515e-01
9.650000000000000000e+02 9.992726909090908771e-01 9.966944495867767762e-01
9.700000000000000000e+02 9.995171338842974151e-01 9.968417057851240992e-01
9.750000000000000000e+02 9.980004231404958626e-01 9.967880099173556108e-01
9.800000000000000000e+02 1.000478852892561887e+00 9.981765818181816963e-01
9.850000000000000000e+02 1.001685748760330563e+00 9.959673851239669862e-01
9.900000000000000000e+02 9.987862942148760803e-01 9.955510876033057954e-01
9.950000000000000000e+02 1.001296714049586756e+00 9.976670611570248592e-01
