0.000000000000000000e+00 4.636363636363637075e-02 4.636363636363637075e-02
5.000000000000000000e+00 9.816561553719008737e-01 9.238720099173554079e-01
1.000000000000000000e+01 9.842998082644628388e-01 9.358254710743801885e-01
1.500000000000000000e+01 9.838407305785125123e-01 9.381539140495867013e-01
2.000000000000000000e+01 9.858713057851240524e-01 9.398064628099174200e-01
2.500000000000000000e+01 9.893007338842976228e-01 9.445504099173552826e-01
3.000000000000000000e+01 9.898433388429751512e-01 9.466909520661157540e-01
3.500000000000000000e+01 9.903401652892561691e-01 9.467374545454545487e-01
4.000000000000000000e+01 9.909682743801655480e-01 9.495952099173553540e-01
4.500000000000000000e+01 9.894047867768595017e-01 9.496400528925619255e-01
5.000000000000000000e+01 9.909353322314050638e-01 9.521503471074380665e-01
5.500000000000000000e+01 9.900896595041320802e-01 9.535601355371902121e-01
6.000000000000000000e+01 9.923390545454543465e-01 9.535268826446280377e-01
6.500000000000000000e+01 9.913296099173555254e-01 9.553541983471074417e-01
7.000000000000000000e+01 9.931158909090909148e-01 9.563981223140494148e-01
7.500000000000000000e+01 9.904540297520660896e-01 9.585947801652892064e-01
8.000000000000000000e+01 9.932077388429751963e-01 9.567671338842973494e-01
8.500000000000000000e+01 9.927559239669421220e-01 9.610752132231403788e-01
9.000000000000000000e+01 9.931550909090907098e-01 9.611736396694213758e-01
9.500000000000000000e+01 9.943536727272727083e-01 9.595992066115701657e-01
1.000000000000000000e+02 9.928330809917353950e-01 9.620994181818181001e-01
1.050000000000000000e+02 9.938279438016527356e-01 9.643468859504131796e-01
1.100000000000000000e+02 9.939811471074380123e-01 9.640425685950413381e-01
1.150000000000000000e+02 9.945947933884295988e-01 9.642414743801653865e-01
1.200000000000000000e+02 9.960480363636363688e-01 9.653682280991736642e-01
1.250000000000000000e+02 9.935147107438015990e-01 9.658940661157024987e-01
1.300000000000000000e+02 9.955052264462809219e-01 9.682609619834712245e-01
1.350000000000000000e+02 9.932702578512397906e-01 9.666616991735536013e-01
1.400000000000000000e+02 9.963117685950413360e-01 9.659491074380165410e-01
1.450000000000000000e+02 9.931140826446279712e-01 9.686227504132229882e-01
1.500000000000000000e+02 9.943652099173553305e-01 9.698480000000000434e-01
1.550000000000000000e+02 9.953489289256198802e-01 9.681401090909089735e-01
1.600000000000000000e+02 9.953623471074379836e-01 9.699410115702480351e-01
1.650000000000000000e+02 9.942441322314049534e-01 9.712094082644628923e-01
1.700000000000000000e+02 9.954121487603304619e-01 9.712761289256197639e-01
1.750000000000000000e+02 9.940968661157022490e-01 9.735403834710742998e-01
1.800000000000000000e+02 9.949253123966942391e-01 9.712865322314050420e-01
1.850000000000000000e+02 9.954544231404958143e-01 9.720744661157023625e-01
1.900000000000000000e+02 9.961998115702479506e-01 9.745141322314049281e-01
1.950000000000000000e+02 9.942158942148759948e-01 9.751055471074380199e-01
2.000000000000000000e+02 9.963991735537192085e-01 9.725380396694213170e-01
2.050000000000000000e+02 9.951989487603304374e-01 9.756800495867767875e-01
2.100000000000000000e+02 9.948836297520660121e-01 9.770187966942147639e-01
2.150000000000000000e+02 9.976136363636364246e-01 9.754951272727272471e-01
2.200000000000000000e+02 9.950239140495868995e-01 9.750621586776858640e-01
2.250000000000000000e+02 9.964812462809918836e-01 9.789059107438017326e-01
2.300000000000000000e+02 9.954194578512396419e-01 9.777217057851238513e-01
2.350000000000000000e+02 9.964282611570247639e-01 9.797188396694214152e-01
2.400000000000000000e+02 9.969453421487604050e-01 9.771690776859504046e-01
2.450000000000000000e+02 9.970933090909090968e-01 9.769507107438016869e-01
2.500000000000000000e+02 9.962261818181816775e-01 9.803490214876033892e-01
2.550000000000000000e+02 9.976935404958678921e-01 9.792722247933884905e-01
2.600000000000000000e+02 9.973225553719007319e-01 9.778584892561983377e-01
2.650000000000000000e+02 9.941917355371900911e-01 9.784150578512396113e-01
2.700000000000000000e+02 9.974581950413223819e-01 9.792733586776858346e-01
2.750000000000000000e+02 9.950274578512396939e-01 9.810673719008263793e-01
2.800000000000000000e+02 9.952409057851239194e-01 9.800032793388429031e-01
2.850000000000000000e+02 9.965030876033058593e-01 9.795999107438018161e-01
2.900000000000000000e+02 9.955600991735537031e-01 9.821817619834710689e-01
2.950000000000000000e+02 9.966373157024792651e-01 9.803478413223141175e-01
3.000000000000000000e+02 9.961007504132231016e-01 9.805811867768594592e-01
3.050000000000000000e+02 9.978573190082643540e-01 9.840177057851239306e-01
3.100000000000000000e+02 9.963718214876031709e-01 9.831592165289254615e-01
3.150000000000000000e+02 9.976141421487604299e-01 9.838569057851239696e-01
3.200000000000000000e+02 9.982195768595041319e-01 9.844830314049588527e-01
3.250000000000000000e+02 9.975376859504132554e-01 9.846478876033059047e-01
3.300000000000000000e+02 9.969861289256197745e-01 9.848270578512396956e-01
3.350000000000000000e+02 9.956364396694216135e-01 9.854846082644627137e-01
3.400000000000000000e+02 9.985333157024793849e-01 9.853161289256199273e-01
3.450000000000000000e+02 9.953703603305784631e-01 9.846200495867767355e-01
3.500000000000000000e+02 9.978763041322314953e-01 9.851614280991736194e-01
3.550000000000000000e+02 9.977009983471074595e-01 9.858657487603306180e-01
3.600000000000000000e+02 9.992317322314049344e-01 9.857278016528925324e-01
3.650000000000000000e+02 9.971569256198347109e-01 9.854488132231405961e-01
3.700000000000000000e+02 9.968066413223141131e-01 9.858870214876033211e-01
3.750000000000000000e+02 9.990014247933883818e-01 9.885967636363636180e-01
3.800000000000000000e+02 9.974924198347107085e-01 9.881531107438016326e-01
3.850000000000000000e+02 9.972606214876034159e-01 9.881659107438014455e-01
3.900000000000000000e+02 9.981922644628099528e-01 9.882370181818181942e-01
3.950000000000000000e+02 9.977109719008264710e-01 9.870060561983470260e-01
4.000000000000000000e+02 9.978173322314048965e-01 9.871636528925620269e-01
4.050000000000000000e+02 9.972761123966943364e-01 9.893150710743799925e-01
4.100000000000000000e+02 9.967330347107438149e-01 9.906309157024791867e-01
4.150000000000000000e+02 9.955280363636364038e-01 9.881373024793388415e-01
4.200000000000000000e+02 9.993975140495866549e-01 9.884317487603306862e-01
4.250000000000000000e+02 9.983315239669421359e-01 9.910086512396694136e-01
4.300000000000000000e+02 9.977574942148759174e-01 9.901770545454546824e-01
4.350000000000000000e+02 9.992210545454545123e-01 9.882692297520661029e-01
4.400000000000000000e+02 9.985912330578512464e-01 9.907065950413223021e-01
4.450000000000000000e+02 9.976738975206611570e-01 9.898217983471073733e-01
4.500000000000000000e+02 9.979958942148761114e-01 9.903820561983470716e-01
4.550000000000000000e+02 9.972415041322312268e-01 9.890966512396694998e-01
4.600000000000000000e+02 9.979438016528924260e-01 9.902477123966942907e-01
4.650000000000000000e+02 9.969170743801653023e-01 9.914659867768594870e-01
4.700000000000000000e+02 9.973213884297520426e-01 9.910550876033056289e-01
4.750000000000000000e+02 9.981454975206613955e-01 9.904333123966940766e-01
4.800000000000000000e+02 1.001047447933884227e+00 9.924809553719006194e-01
4.850000000000000000e+02 9.994089752066115384e-01 9.925171570247932618e-01
4.900000000000000000e+02 9.982417355371900891e-01 9.914268066115703437e-01
4.950000000000000000e+02 9.984926942148758533e-01 9.926031999999999078e-01
5.000000000000000000e+02 9.988032231404957439e-01 9.921533586776860592e-01
5.050000000000000000e+02 9.992847636363636488e-01 9.942900561983470942e-01
5.100000000000000000e+02 9.988449355371897820e-01 9.939835768595040033e-01
5.150000000000000000e+02 9.994254743801652685e-01 9.933363768595041554e-01
5.200000000000000000e+02 9.991044363636362169e-01 9.936656991735537403e-01
5.250000000000000000e+02 9.973512892561983145e-01 9.936345223140495841e-01
5.300000000000000000e+02 9.996665157024791082e-01 9.931463140495868647e-01
5.350000000000000000e+02 9.995545917355371790e-01 9.932527206611571069e-01
5.400000000000000000e+02 9.982762975206609379e-01 9.942600826446282847e-01
5.450000000000000000e+02 9.979493024793388845e-01 9.929114314049586332e-01
5.500000000000000000e+02 9.989085652892562006e-01 9.940970578512395850e-01
5.550000000000000000e+02 9.998437851239669882e-01 9.930044132231404808e-01
5.600000000000000000e+02 9.988968958677686416e-01 9.940275272727271405e-01
5.650000000000000000e+02 9.989302743801653506e-01 9.938305785123967562e-01
5.700000000000000000e+02 9.989404561983470376e-01 9.930697289256198435e-01
5.750000000000000000e+02 9.992063471074379422e-01 9.940494710743801310e-01
5.800000000000000000e+02 9.986165090909089326e-01 9.936240099173552220e-01
5.850000000000000000e+02 1.000607847933884242e+00 9.943945685950413838e-01
5.900000000000000000e+02 9.988468165289254852e-01 9.943252297520659422e-01
5.950000000000000000e+02 1.001215467768595158e+00 9.938322016528925440e-01
6.000000000000000000e+02 9.990621123966940687e-01 9.940825619834710025e-01
6.050000000000000000e+02 1.000792690909090954e+00 9.948801190082644519e-01
6.100000000000000000e+02 9.984358247933885488e-01 9.923126049586776798e-01
6.150000000000000000e+02 9.983859471074379988e-01 9.951708826446280520e-01
6.200000000000000000e+02 9.985463371900827889e-01 9.933095636363635794e-01
6.250000000000000000e+02 9.979543966942149291e-01 9.974386049586776437e-01
6.300000000000000000e+02 9.973825123966941764e-01 9.934366512396695104e-01
6.350000000000000000e+02 9.973897752066116507e-01 9.956029553719009106e-01
6.400000000000000000e+02 9.987752363636361874e-01 9.960567008264462618e-01
6.450000000000000000e+02 9.971379008264463772e-01 9.963108561983471390e-01
6.500000000000000000e+02 9.995620495867768573e-01 9.942542247933884303e-01
6.550000000000000000e+02 9.971661190082643511e-01 9.955540132231405215e-01
6.600000000000000000e+02 9.998399570247933354e-01 9.923632892561983221e-01
6.650000000000000000e+02 9.986114413223139419e-01 9.966200826446280914e-01
6.700000000000000000e+02 9.995481917355372170e-01 9.942985190082644920e-01
6.750000000000000000e+02 9.987786512396695793e-01 9.927853917355371483e-01
6.800000000000000000e+02 9.990810876033057175e-01 9.957134479338842770e-01
6.850000000000000000e+02 9.976749388429750898e-01 9.958884033057850971e-01
6.900000000000000000e+02 1.000143130578512451e+00 9.938215438016528847e-01
6.950000000000000000e+02 9.990243371900827674e-01 9.943266512396695678e-01
7.000000000000000000e+02 9.979977818181818838e-01 9.956833586776859812e-01
7.050000000000000000e+02 9.978836859504133239e-01 9.946790049586777815e-01
7.100000000000000000e+02 1.000576439669421447e+00 9.952227008264461494e-01
7.150000000000000000e+02 9.972368297520661784e-01 9.967225685950411584e-01
7.200000000000000000e+02 9.988155900826445333e-01 9.959477884297520678e-01
7.250000000000000000e+02 1.000258714049586883e+00 9.956229487603305284e-01
7.300000000000000000e+02 9.984021322314051705e-01 9.947658347107438681e-01
7.350000000000000000e+02 1.000450519008264205e+00 9.948340561983470831e-01
7.400000000000000000e+02 9.997023504132229732e-01 9.957155438016528359e-01
7.450000000000000000e+02 9.986834743801653591e-01 9.940297818181818013e-01
7.500000000000000000e+02 9.999429123966940836e-01 9.951459867768595036e-01
7.550000000000000000e+02 1.001343980165289249e+00 9.950416165289256432e-01
7.600000000000000000e+02 9.996058115702479707e-01 9.973885190082644181e-01
7.650000000000000000e+02 1.000872469421487665e+00 9.949448727272727222e-01
7.700000000000000000e+02 9.997815305785124895e-01 9.957601619834710593e-01
7.750000000000000000e+02 9.985204826446280046e-01 9.960829487603305443e-01
7.800000000000000000e+02 1.000980502479338785e+00 9.970742809917355620e-01
7.850000000000000000e+02 1.000765153719008094e+00 9.940705157024793959e-01
7.900000000000000000e+02 9.991501785123967361e-01 9.952077223140495255e-01
7.950000000000000000e+02 9.988456760330578499e-01 9.967880892561982176e-01
8.000000000000000000e+02 9.992168595041320822e-01 9.982162776859503373e-01
8.050000000000000000e+02 9.999569289256198257e-01 9.960464198347107612e-01
8.100000000000000000e+02 9.999294049586777700e-01 9.959568991735539001e-01
8.150000000000000000e+02 9.981589652892560727e-01 9.958585190082642757e-01
8.200000000000000000e+02 1.001290429752066391e+00 9.962513388429752315e-01
8.250000000000000000e+02 1.000325821487603184e+00 9.969076297520660379e-01
8.300000000000000000e+02 9.983260694214874942e-01 9.948941752066117195e-01
8.350000000000000000e+02 1.000524538842975097e+00 9.975923404958677576e-01
8.400000000000000000e+02 9.983571504132232599e-01 9.958952859504132116e-01
8.450000000000000000e+02 9.991202082644627946e-01 9.968057421487603875e-01
8.500000000000000000e+02 9.979315206611569788e-01 9.941098611570247101e-01
8.550000000000000000e+02 9.998931603305785121e-01 9.953509355371901179e-01
8.600000000000000000e+02 1.001043104132231409e+00 9.971591537190083177e-01
8.650000000000000000e+02 1.000505199999999872e+00 9.974183669421486931e-01
8.700000000000000000e+02 9.997697719008264983e-01 9.972271504132230735e-01
8.750000000000000000e+02 1.001117576859503977e+00 9.964161851239667911e-01
8.800000000000000000e+02 9.998531206611568356e-01 9.960218809917356086e-01
8.850000000000000000e+02 1.000240975206611704e+00 9.959854578512397083e-01
8.900000000000000000e+02 1.002135735537190042e+00 9.970767933884296941e-01
8.950000000000000000e+02 9.980475107438016025e-01 9.971402975206611341e-01
9.000000000000000000e+02 1.001001500826446122e+00 9.964184462809917431e-01
9.050000000000000000e+02 9.996380561983471136e-01 9.973535438016527532e-01
9.100000000000000000e+02 9.997091140495868444e-01 9.984890082644628517e-01
9.150000000000000000e+02 9.991806082644627551e-01 9.950939107438016018e-01
9.200000000000000000e+02 9.985278479338843827e-01 9.967075933884297356e-01
9.250000000000000000e+02 1.000024608264462822e+00 9.963679768595040676e-01
9.300000000000000000e+02 1.000523659504132246e+00 9.947325818181818047e-01
9.350000000000000000e+02 1.000544532231405048e+00 9.961501983471074961e-01
9.400000000000000000e+02 9.999296033057850641e-01 9.960127636363637071e-01
9.450000000000000000e+02 9.981468363636363250e-01 9.962171702479338808e-01
9.500000000000000000e+02 9.987706347107436766e-01 9.960347404958677098e-01
9.550000000000000000e+02 9.995158809917356058e-01 9.969215140495867322e-01
9.600000000000000000e+02 9.975535041322315388e-01 9.988305223140494515e-01
9.650000000000000000e+02 9.987057785123967246e-01 9.966944495867767762e-01
9.700000000000000000e+02 9.987550876033057801e-01 9.968417057851240992e-01
9.750000000000000000e+02 1.000401398347107174e+00 9.967880099173556108e-01
9.800000000000000000e+02 1.000155646280991739e+00 9.981765818181816963e-01
9.850000000000000000e+02 9.982725355371900866e-01 9.959673851239669862e-01
9.900000000000000000e+02 1.000173861157024557e+00 9.955510876033057954e-01
9.950000000000000000e+02 9.971878512396692429e-01 9.976670611570248592e-01
