0.000000000000000000e+00 4.636363636363637075e-02 4.636363636363637075e-02
5.000000000000000000e+00 9.758503999999998957e-01 9.816561553719008737e-01
1.000000000000000000e+01 9.791383867768594929e-01 9.842998082644628388e-01
1.500000000000000000e+01 9.804655537190083425e-01 9.838407305785125123e-01
2.000000000000000000e+01 9.841865520661157163e-01 9.858713057851240524e-01
2.500000000000000000e+01 9.855968528925620475e-01 9.893007338842976228e-01
3.000000000000000000e+01 9.851870181818179750e-01 9.898433388429751512e-01
3.500000000000000000e+01 9.867031272727271318e-01 9.903401652892561691e-01
4.000000000000000000e+01 9.870361851239668471e-01 9.909682743801655480e-01
4.500000000000000000e+01 9.880445090909090178e-01 9.894047867768595017e-01
5.000000000000000000e+01 9.886125752066116101e-01 9.909353322314050638e-01
5.500000000000000000e+01 9.897184165289256708e-01 9.900896595041320802e-01
6.000000000000000000e+01 9.890021454545454560e-01 9.923390545454543465e-01
6.500000000000000000e+01 9.886471933884296570e-01 9.913296099173555254e-01
7.000000000000000000e+01 9.896796760330579534e-01 9.931158909090909148e-01
7.500000000000000000e+01 9.906516595041322537e-01 9.904540297520660896e-01
8.000000000000000000e+01 9.907474314049586894e-01 9.932077388429751963e-01
8.500000000000000000e+01 9.914366710743802713e-01 9.927559239669421220e-01
9.000000000000000000e+01 9.922525818181817669e-01 9.931550909090907098e-01
9.500000000000000000e+01 9.915234512396693400e-01 9.943536727272727083e-01
1.000000000000000000e+02 9.923836826446281734e-01 9.928330809917353950e-01
1.050000000000000000e+02 9.916925289256198761e-01 9.938279438016527356e-01
1.100000000000000000e+02 9.916094677685951542e-01 9.939811471074380123e-01
1.150000000000000000e+02 9.911319669421487788e-01 9.945947933884295988e-01
1.200000000000000000e+02 9.932517223140496787e-01 9.960480363636363688e-01
1.250000000000000000e+02 9.946988165289256667e-01 9.935147107438015990e-01
1.300000000000000000e+02 9.932767603305784343e-01 9.955052264462809219e-01
1.350000000000000000e+02 9.923291107438014791e-01 9.932702578512397906e-01
1.400000000000000000e+02 9.954199801652890978e-01 9.963117685950413360e-01
1.450000000000000000e+02 9.959435140495866978e-01 9.931140826446279712e-01
1.500000000000000000e+02 9.939650115702480804e-01 9.943652099173553305e-01
1.550000000000000000e+02 9.936932099173553246e-01 9.953489289256198802e-01
1.600000000000000000e+02 9.930342644628098459e-01 9.953623471074379836e-01
1.650000000000000000e+02 9.938986115702478363e-01 9.942441322314049534e-01
1.700000000000000000e+02 9.933379471074379463e-01 9.954121487603304619e-01
1.750000000000000000e+02 9.956052892561982892e-01 9.940968661157022490e-01
1.800000000000000000e+02 9.938869157024793344e-01 9.949253123966942391e-01
1.850000000000000000e+02 9.950921652892562586e-01 9.954544231404958143e-01
1.900000000000000000e+02 9.954098247933884647e-01 9.961998115702479506e-01
1.950000000000000000e+02 9.945662214876032081e-01 9.942158942148759948e-01
2.000000000000000000e+02 9.951571999999998530e-01 9.963991735537192085e-01
2.050000000000000000e+02 9.946509752066114984e-01 9.951989487603304374e-01
2.100000000000000000e+02 9.952206809917356622e-01 9.948836297520660121e-01
2.150000000000000000e+02 9.958591834710743829e-01 9.976136363636364246e-01
2.200000000000000000e+02 9.933823074380165874e-01 9.950239140495868995e-01
2.250000000000000000e+02 9.961103933884297712e-01 9.964812462809918836e-01
2.300000000000000000e+02 9.959763206611571551e-01 9.954194578512396419e-01
2.350000000000000000e+02 9.950547603305786026e-01 9.964282611570247639e-01
2.400000000000000000e+02 9.942075371900827019e-01 9.969453421487604050e-01
2.450000000000000000e+02 9.959477421487601401e-01 9.970933090909090968e-01
2.500000000000000000e+02 9.952470479338844100e-01 9.962261818181816775e-01
2.550000000000000000e+02 9.959557950413222560e-01 9.976935404958678921e-01
2.600000000000000000e+02 9.946141685950411482e-01 9.973225553719007319e-01
2.650000000000000000e+02 9.963405950413222190e-01 9.941917355371900911e-01
2.700000000000000000e+02 9.942415107438016264e-01 9.974581950413223819e-01
2.750000000000000000e+02 9.955800462809918372e-01 9.950274578512396939e-01
2.800000000000000000e+02 9.961820231404958648e-01 9.952409057851239194e-01
2.850000000000000000e+02 9.950183272727273209e-01 9.965030876033058593e-01
2.900000000000000000e+02 9.977328958677686987e-01 9.955600991735537031e-01
2.950000000000000000e+02 9.945632099173554730e-01 9.966373157024792651e-01
3.000000000000000000e+02 9.963632198347107671e-01 9.961007504132231016e-01
3.050000000000000000e+02 9.963813322314051257e-01 9.978573190082643540e-01
3.100000000000000000e+02 9.976817322314047720e-01 9.963718214876031709e-01
3.150000000000000000e+02 9.940581289256199549e-01 9.976141421487604299e-01
3.200000000000000000e+02 9.978613652892562857e-01 9.982195768595041319e-01
3.250000000000000000e+02 9.969319801652893887e-01 9.975376859504132554e-01
3.300000000000000000e+02 9.971839537190083647e-01 9.969861289256197745e-01
3.350000000000000000e+02 9.970758115702478275e-01 9.956364396694216135e-01
3.400000000000000000e+02 9.965325223140496513e-01 9.985333157024793849e-01
3.450000000000000000e+02 9.946617090909091186e-01 9.953703603305784631e-01
3.500000000000000000e+02 9.982759834710742686e-01 9.978763041322314953e-01
3.550000000000000000e+02 9.970841685950414535e-01 9.977009983471074595e-01
3.600000000000000000e+02 9.956457884297519323e-01 9.992317322314049344e-01
3.650000000000000000e+02 9.958232793388429593e-01 9.971569256198347109e-01
3.700000000000000000e+02 9.975122380165289959e-01 9.968066413223141131e-01
3.750000000000000000e+02 9.963558479338845419e-01 9.990014247933883818e-01
3.800000000000000000e+02 9.967256661157024578e-01 9.974924198347107085e-01
3.850000000000000000e+02 9.973197785123966153e-01 9.972606214876034159e-01
3.900000000000000000e+02 9.964233024793388571e-01 9.981922644628099528e-01
3.950000000000000000e+02 9.970684330578512000e-01 9.977109719008264710e-01
4.000000000000000000e+02 9.973106247933885005e-01 9.978173322314048965e-01
4.050000000000000000e+02 9.977242314049588057e-01 9.972761123966943364e-01
4.100000000000000000e+02 9.967866876033057988e-01 9.967330347107438149e-01
4.150000000000000000e+02 9.964583140495868463e-01 9.955280363636364038e-01
4.200000000000000000e+02 9.974467008264463752e-01 9.993975140495866549e-01
4.250000000000000000e+02 9.961669454545452052e-01 9.983315239669421359e-01
4.300000000000000000e+02 9.977068165289256774e-01 9.977574942148759174e-01
4.350000000000000000e+02 9.970136826446278633e-01 9.992210545454545123e-01
4.400000000000000000e+02 9.975350842975204690e-01 9.985912330578512464e-01
4.450000000000000000e+02 9.991409190082645164e-01 9.976738975206611570e-01
4.500000000000000000e+02 9.980608363636364055e-01 9.979958942148761114e-01
4.550000000000000000e+02 9.978479438016527592e-01 9.972415041322312268e-01
4.600000000000000000e+02 9.965925553719007235e-01 9.979438016528924260e-01
4.650000000000000000e+02 9.972337223140496087e-01 9.969170743801653023e-01
4.700000000000000000e+02 9.976256330578513465e-01 9.973213884297520426e-01
4.750000000000000000e+02 9.979080727272725548e-01 9.981454975206613955e-01
4.800000000000000000e+02 9.982973322314048215e-01 1.001047447933884227e+00
4.850000000000000000e+02 9.976836495867769106e-01 9.994089752066115384e-01
4.900000000000000000e+02 9.977545652892562122e-01 9.982417355371900891e-01
4.950000000000000000e+02 9.971187471074379749e-01 9.984926942148758533e-01
5.000000000000000000e+02 9.979032429752067168e-01 9.988032231404957439e-01
5.050000000000000000e+02 9.973772297520661079e-01 9.992847636363636488e-01
5.100000000000000000e+02 9.990781719008264838e-01 9.988449355371897820e-01
5.150000000000000000e+02 9.984273157024794454e-01 9.994254743801652685e-01
5.200000000000000000e+02 9.972008892561984306e-01 9.991044363636362169e-01
5.250000000000000000e+02 9.975473223140495227e-01 9.973512892561983145e-01
5.300000000000000000e+02 9.981550677685950834e-01 9.996665157024791082e-01
5.350000000000000000e+02 9.985644330578514749e-01 9.995545917355371790e-01
5.400000000000000000e+02 9.973985520661156068e-01 9.982762975206609379e-01
5.450000000000000000e+02 9.983545421487602933e-01 9.979493024793388845e-01
5.500000000000000000e+02 9.994895107438015458e-01 9.989085652892562006e-01
5.550000000000000000e+02 9.982177355371900651e-01 9.998437851239669882e-01
5.600000000000000000e+02 9.962482611570246949e-01 9.988968958677686416e-01
5.650000000000000000e+02 9.984144363636364705e-01 9.989302743801653506e-01
5.700000000000000000e+02 9.986126214876032137e-01 9.989404561983470376e-01
5.750000000000000000e+02 9.986542743801651856e-01 9.992063471074379422e-01
5.800000000000000000e+02 9.970763933884299046e-01 9.986165090909089326e-01
5.850000000000000000e+02 9.985938842975207175e-01 1.000607847933884242e+00
5.900000000000000000e+02 9.980961024793387759e-01 9.988468165289254852e-01
5.950000000000000000e+02 9.994523041322314061e-01 1.001215467768595158e+00
6.000000000000000000e+02 9.981360694214874707e-01 9.990621123966940687e-01
6.050000000000000000e+02 9.995074545454546433e-01 1.000792690909090954e+00
6.100000000000000000e+02 9.984837818181817592e-01 9.984358247933885488e-01
6.150000000000000000e+02 9.980643702479339296e-01 9.983859471074379988e-01
6.200000000000000000e+02 9.988766446280991085e-01 9.985463371900827889e-01
6.250000000000000000e+02 9.981582942148762294e-01 9.979543966942149291e-01
6.300000000000000000e+02 9.977644099173554881e-01 9.973825123966941764e-01
6.350000000000000000e+02 9.984013123966942738e-01 9.973897752066116507e-01
6.400000000000000000e+02 1.000026747107437997e+00 9.987752363636361874e-01
6.450000000000000000e+02 9.995888462809915387e-01 9.971379008264463772e-01
6.500000000000000000e+02 9.971706644628099969e-01 9.995620495867768573e-01
6.550000000000000000e+02 9.965727966942148353e-01 9.971661190082643511e-01
6.600000000000000000e+02 9.976866314049587237e-01 9.998399570247933354e-01
6.650000000000000000e+02 9.982905619834709920e-01 9.986114413223139419e-01
6.700000000000000000e+02 9.986786082644627527e-01 9.995481917355372170e-01
6.750000000000000000e+02 9.974091338842974164e-01 9.987786512396695793e-01
6.800000000000000000e+02 1.000941378512396618e+00 9.990810876033057175e-01
6.850000000000000000e+02 9.985646909090910572e-01 9.976749388429750898e-01
6.900000000000000000e+02 1.000339973553719064e+00 1.000143130578512451e+00
6.950000000000000000e+02 9.994283504132230878e-01 9.990243371900827674e-01
7.000000000000000000e+02 9.983926314049587081e-01 9.979977818181818838e-01
7.050000000000000000e+02 9.988328132231403256e-01 9.978836859504133239e-01
7.100000000000000000e+02 9.986110809917354558e-01 1.000576439669421447e+00
7.150000000000000000e+02 9.992528760330581239e-01 9.972368297520661784e-01
7.200000000000000000e+02 9.998066842975206203e-01 9.988155900826445333e-01
7.250000000000000000e+02 9.996790148760330563e-01 1.000258714049586883e+00
7.300000000000000000e+02 9.984370809917356704e-01 9.984021322314051705e-01
7.350000000000000000e+02 9.977800363636364356e-01 1.000450519008264205e+00
7.400000000000000000e+02 9.998729057851238888e-01 9.997023504132229732e-01
7.450000000000000000e+02 9.997144793388429429e-01 9.986834743801653591e-01
7.500000000000000000e+02 1.000123454545454482e+00 9.999429123966940836e-01
7.550000000000000000e+02 9.995490677685949787e-01 1.001343980165289249e+00
7.600000000000000000e+02 9.984364528925621096e-01 9.996058115702479707e-01
7.650000000000000000e+02 9.977058380165286788e-01 1.000872469421487665e+00
7.700000000000000000e+02 1.000415411570247937e+00 9.997815305785124895e-01
7.750000000000000000e+02 9.989096595041322413e-01 9.985204826446280046e-01
7.800000000000000000e+02 9.986473619834711490e-01 1.000980502479338785e+00
7.850000000000000000e+02 9.996714644628099666e-01 1.000765153719008094e+00
7.900000000000000000e+02 9.973406611570247993e-01 9.991501785123967361e-01
7.950000000000000000e+02 9.978865190082645276e-01 9.988456760330578499e-01
8.000000000000000000e+02 9.991750677685951043e-01 9.992168595041320822e-01
8.050000000000000000e+02 9.992299471074380657e-01 9.999569289256198257e-01
8.100000000000000000e+02 9.989015900826446748e-01 9.999294049586777700e-01
8.150000000000000000e+02 9.989914314049587185e-01 9.981589652892560727e-01
8.200000000000000000e+02 9.986525983471075119e-01 1.001290429752066391e+00
8.250000000000000000e+02 9.991200958677686206e-01 1.000325821487603184e+00
8.300000000000000000e+02 9.985204595041320408e-01 9.983260694214874942e-01
8.350000000000000000e+02 1.000699236363636446e+00 1.000524538842975097e+00
8.400000000000000000e+02 9.985579867768594742e-01 9.983571504132232599e-01
8.450000000000000000e+02 9.981320033057849983e-01 9.991202082644627946e-01
8.500000000000000000e+02 1.001719272727272569e+00 9.979315206611569788e-01
8.550000000000000000e+02 9.992431801652891243e-01 9.998931603305785121e-01
8.600000000000000000e+02 9.988142710743801445e-01 1.001043104132231409e+00
8.650000000000000000e+02 1.000170509090909210e+00 1.000505199999999872e+00
8.700000000000000000e+02 9.992830280991734648e-01 9.997697719008264983e-01
8.750000000000000000e+02 9.997888958677686455e-01 1.001117576859503977e+00
8.800000000000000000e+02 9.998351933884299658e-01 9.998531206611568356e-01
8.850000000000000000e+02 9.994206181818181545e-01 1.000240975206611704e+00
8.900000000000000000e+02 9.996868595041323857e-01 1.002135735537190042e+00
8.950000000000000000e+02 9.990261619834710505e-01 9.980475107438016025e-01
9.000000000000000000e+02 9.992792628099174124e-01 1.001001500826446122e+00
9.050000000000000000e+02 1.000199642975206471e+00 9.996380561983471136e-01
9.100000000000000000e+02 9.988681950413222932e-01 9.997091140495868444e-01
9.150000000000000000e+02 1.000077259504132288e+00 9.991806082644627551e-01
9.200000000000000000e+02 9.995807504132230292e-01 9.985278479338843827e-01
9.250000000000000000e+02 9.998736165289254796e-01 1.000024608264462822e+00
9.300000000000000000e+02 9.990063008264462585e-01 1.000523659504132246e+00
9.350000000000000000e+02 9.983649123966943373e-01 1.000544532231405048e+00
9.400000000000000000e+02 1.000058079338842942e+00 9.999296033057850641e-01
9.450000000000000000e+02 1.000334889256198290e+00 9.981468363636363250e-01
9.500000000000000000e+02 9.988807570247931755e-01 9.987706347107436766e-01
9.550000000000000000e+02 9.985718446280993366e-01 9.995158809917356058e-01
9.600000000000000000e+02 9.992818181818183820e-01 9.975535041322315388e-01
9.650000000000000000e+02 1.001062287603305734e+00 9.987057785123967246e-01
9.700000000000000000e+02 9.990849057851238779e-01 9.987550876033057801e-01
9.750000000000000000e+02 9.996116396694214590e-01 1.000401398347107174e+00
9.800000000000000000e+02 9.993531338842973621e-01 1.000155646280991739e+00
9.850000000000000000e+02 1.001450502479338756e+00 9.982725355371900866e-01
9.900000000000000000e+02 9.989756793388430145e-01 1.000173861157024557e+00
9.950000000000000000e+02 9.989184595041322723e-01 9.971878512396692429e-01
