0.000000000000000000e+00 4.636363636363637075e-02 4.636363636363637075e-02
5.000000000000000000e+00 9.758503999999998957e-01 9.610368132231406069e-01
1.000000000000000000e+01 9.791383867768594929e-01 9.675767603305784892e-01
1.500000000000000000e+01 9.804655537190083425e-01 9.692371471074379130e-01
2.000000000000000000e+01 9.841865520661157163e-01 9.713808264462808761e-01
2.500000000000000000e+01 9.855968528925620475e-01 9.732796661157024909e-01
3.000000000000000000e+01 9.851870181818179750e-01 9.743777024793388586e-01
3.500000000000000000e+01 9.867031272727271318e-01 9.767358611570247096e-01
4.000000000000000000e+01 9.870361851239668471e-01 9.772666743801652345e-01
4.500000000000000000e+01 9.880445090909090178e-01 9.773775867768594861e-01
5.000000000000000000e+01 9.886125752066116101e-01 9.792941851239669315e-01
5.500000000000000000e+01 9.897184165289256708e-01 9.804732694214874922e-01
6.000000000000000000e+01 9.890021454545454560e-01 9.791505752066115287e-01
6.500000000000000000e+01 9.886471933884296570e-01 9.807153983471073033e-01
7.000000000000000000e+01 9.896796760330579534e-01 9.805153190082643855e-01
7.500000000000000000e+01 9.906516595041322537e-01 9.819160429752067376e-01
8.000000000000000000e+01 9.907474314049586894e-01 9.827431438016528409e-01
8.500000000000000000e+01 9.914366710743802713e-01 9.823362975206612058e-01
9.000000000000000000e+01 9.922525818181817669e-01 9.853492099173554175e-01
9.500000000000000000e+01 9.915234512396693400e-01 9.863807107438017363e-01
1.000000000000000000e+02 9.923836826446281734e-01 9.871166148760330827e-01
1.050000000000000000e+02 9.916925289256198761e-01 9.872144925619832367e-01
1.100000000000000000e+02 9.916094677685951542e-01 9.858860066115701093e-01
1.150000000000000000e+02 9.911319669421487788e-01 9.892800694214874957e-01
1.200000000000000000e+02 9.932517223140496787e-01 9.875460099173553052e-01
1.250000000000000000e+02 9.946988165289256667e-01 9.887191272727271496e-01
1.300000000000000000e+02 9.932767603305784343e-01 9.879287107438015081e-01
1.350000000000000000e+02 9.923291107438014791e-01 9.902988165289254852e-01
1.400000000000000000e+02 9.954199801652890978e-01 9.875337884297520352e-01
1.450000000000000000e+02 9.959435140495866978e-01 9.880985586776859231e-01
1.500000000000000000e+02 9.939650115702480804e-01 9.907707305785125040e-01
1.550000000000000000e+02 9.936932099173553246e-01 9.902908595041320927e-01
1.600000000000000000e+02 9.930342644628098459e-01 9.904825685950413572e-01
1.650000000000000000e+02 9.938986115702478363e-01 9.899795834710743980e-01
1.700000000000000000e+02 9.933379471074379463e-01 9.892483999999998057e-01
1.750000000000000000e+02 9.956052892561982892e-01 9.923232165289256335e-01
1.800000000000000000e+02 9.938869157024793344e-01 9.928235008264462147e-01
1.850000000000000000e+02 9.950921652892562586e-01 9.919705652892563119e-01
1.900000000000000000e+02 9.954098247933884647e-01 9.920961851239669116e-01
1.950000000000000000e+02 9.945662214876032081e-01 9.905778181818181150e-01
2.000000000000000000e+02 9.951571999999998530e-01 9.911412330578512897e-01
2.050000000000000000e+02 9.946509752066114984e-01 9.927511735537188908e-01
2.100000000000000000e+02 9.952206809917356622e-01 9.931608595041323539e-01
2.150000000000000000e+02 9.958591834710743829e-01 9.927302280991735506e-01
2.200000000000000000e+02 9.933823074380165874e-01 9.938008000000000397e-01
2.250000000000000000e+02 9.961103933884297712e-01 9.926910148760329511e-01
2.300000000000000000e+02 9.959763206611571551e-01 9.922212033057851155e-01
2.350000000000000000e+02 9.950547603305786026e-01 9.931264066115701450e-01
2.400000000000000000e+02 9.942075371900827019e-01 9.933297157024794100e-01
2.450000000000000000e+02 9.959477421487601401e-01 9.942600396694215581e-01
2.500000000000000000e+02 9.952470479338844100e-01 9.952895966942147954e-01
2.550000000000000000e+02 9.959557950413222560e-01 9.946770413223141594e-01
2.600000000000000000e+02 9.946141685950411482e-01 9.953138743801650534e-01
2.650000000000000000e+02 9.963405950413222190e-01 9.936413256198346478e-01
2.700000000000000000e+02 9.942415107438016264e-01 9.925234181818183288e-01
2.750000000000000000e+02 9.955800462809918372e-01 9.938669256198346957e-01
2.800000000000000000e+02 9.961820231404958648e-01 9.938021024793387559e-01
2.850000000000000000e+02 9.950183272727273209e-01 9.950433123966939686e-01
2.900000000000000000e+02 9.977328958677686987e-01 9.962254578512397263e-01
2.950000000000000000e+02 9.945632099173554730e-01 9.961118082644627725e-01
3.000000000000000000e+02 9.963632198347107671e-01 9.942921685950413258e-01
3.050000000000000000e+02 9.963813322314051257e-01 9.977723272727272441e-01
3.100000000000000000e+02 9.976817322314047720e-01 9.971422479338842848e-01
3.150000000000000000e+02 9.940581289256199549e-01 9.959319900826445471e-01
3.200000000000000000e+02 9.978613652892562857e-01 9.959506214876032715e-01
3.250000000000000000e+02 9.969319801652893887e-01 9.981675371900825544e-01
3.300000000000000000e+02 9.971839537190083647e-01 9.961516165289256985e-01
3.350000000000000000e+02 9.970758115702478275e-01 9.967710545454545601e-01
3.400000000000000000e+02 9.965325223140496513e-01 9.958174611570248524e-01
3.450000000000000000e+02 9.946617090909091186e-01 9.954360264462810415e-01
3.500000000000000000e+02 9.982759834710742686e-01 9.940943900826445523e-01
3.550000000000000000e+02 9.970841685950414535e-01 9.973862413223141266e-01
3.600000000000000000e+02 9.956457884297519323e-01 9.961695272727272288e-01
3.650000000000000000e+02 9.958232793388429593e-01 9.972110545454546671e-01
3.700000000000000000e+02 9.975122380165289959e-01 9.967073454545454236e-01
3.750000000000000000e+02 9.963558479338845419e-01 9.983364793388430636e-01
3.800000000000000000e+02 9.967256661157024578e-01 9.959348793388427268e-01
3.850000000000000000e+02 9.973197785123966153e-01 9.980290479338842502e-01
3.900000000000000000e+02 9.964233024793388571e-01 9.989861024793389443e-01
3.950000000000000000e+02 9.970684330578512000e-01 9.978007239669419715e-01
4.000000000000000000e+02 9.973106247933885005e-01 9.972955272727273002e-01
4.050000000000000000e+02 9.977242314049588057e-01 9.991473388429751301e-01
4.100000000000000000e+02 9.967866876033057988e-01 9.971637057851239216e-01
4.150000000000000000e+02 9.964583140495868463e-01 9.984804132231406282e-01
4.200000000000000000e+02 9.974467008264463752e-01 9.981677190082643980e-01
4.250000000000000000e+02 9.961669454545452052e-01 9.983907008264463201e-01
4.300000000000000000e+02 9.977068165289256774e-01 9.986269090909090096e-01
4.350000000000000000e+02 9.970136826446278633e-01 9.973812297520658898e-01
4.400000000000000000e+02 9.975350842975204690e-01 9.977033223140496787e-01
4.450000000000000000e+02 9.991409190082645164e-01 9.964745586776858621e-01
4.500000000000000000e+02 9.980608363636364055e-01 9.957512892561982687e-01
4.550000000000000000e+02 9.978479438016527592e-01 9.978112628099171655e-01
4.600000000000000000e+02 9.965925553719007235e-01 9.980766082644627613e-01
4.650000000000000000e+02 9.972337223140496087e-01 9.966244727272725035e-01
4.700000000000000000e+02 9.976256330578513465e-01 9.970730512396693834e-01
4.750000000000000000e+02 9.979080727272725548e-01 9.979157454545456440e-01
4.800000000000000000e+02 9.982973322314048215e-01 9.978120297520660653e-01
4.850000000000000000e+02 9.976836495867769106e-01 9.970264264462811443e-01
4.900000000000000000e+02 9.977545652892562122e-01 9.961608099173553388e-01
4.950000000000000000e+02 9.971187471074379749e-01 9.964166578512397843e-01
5.000000000000000000e+02 9.979032429752067168e-01 9.966119966942150743e-01
5.050000000000000000e+02 9.973772297520661079e-01 9.979818413223139340e-01
5.100000000000000000e+02 9.990781719008264838e-01 9.973890016528924596e-01
5.150000000000000000e+02 9.984273157024794454e-01 9.985044694214874061e-01
5.200000000000000000e+02 9.972008892561984306e-01 9.990475537190081079e-01
5.250000000000000000e+02 9.975473223140495227e-01 9.987221586776859894e-01
5.300000000000000000e+02 9.981550677685950834e-01 9.976870413223141165e-01
5.350000000000000000e+02 9.985644330578514749e-01 9.985949322314049414e-01
5.400000000000000000e+02 9.973985520661156068e-01 9.984817917355371941e-01
5.450000000000000000e+02 9.983545421487602933e-01 9.968595305785123983e-01
5.500000000000000000e+02 9.994895107438015458e-01 9.963146578512397378e-01
5.550000000000000000e+02 9.982177355371900651e-01 9.950136429752067802e-01
5.600000000000000000e+02 9.962482611570246949e-01 9.980141090909091517e-01
5.650000000000000000e+02 9.984144363636364705e-01 9.988969487603306385e-01
5.700000000000000000e+02 9.986126214876032137e-01 9.984667140495867566e-01
5.750000000000000000e+02 9.986542743801651856e-01 9.977631735537189073e-01
5.800000000000000000e+02 9.970763933884299046e-01 9.971557421487604600e-01
5.850000000000000000e+02 9.985938842975207175e-01 9.980830710743802126e-01
5.900000000000000000e+02 9.980961024793387759e-01 9.961273851239669241e-01
5.950000000000000000e+02 9.994523041322314061e-01 9.976998347107437493e-01
6.000000000000000000e+02 9.981360694214874707e-01 9.982780925619835211e-01
6.050000000000000000e+02 9.995074545454546433e-01 9.997159272727274004e-01
6.100000000000000000e+02 9.984837818181817592e-01 9.984556793388428275e-01
6.150000000000000000e+02 9.980643702479339296e-01 9.966247801652892147e-01
6.200000000000000000e+02 9.988766446280991085e-01 9.973588892561984220e-01
6.250000000000000000e+02 9.981582942148762294e-01 9.986050842975207065e-01
6.300000000000000000e+02 9.977644099173554881e-01 9.981455074380166659e-01
6.350000000000000000e+02 9.984013123966942738e-01 1.000285699173553811e+00
6.400000000000000000e+02 1.000026747107437997e+00 9.977221090909089707e-01
6.450000000000000000e+02 9.995888462809915387e-01 9.988119867768594506e-01
6.500000000000000000e+02 9.971706644628099969e-01 9.987254842975206159e-01
6.550000000000000000e+02 9.965727966942148353e-01 9.984905454545452974e-01
6.600000000000000000e+02 9.976866314049587237e-01 9.987803272727273640e-01
6.650000000000000000e+02 9.982905619834709920e-01 9.998169785123967035e-01
6.700000000000000000e+02 9.986786082644627527e-01 9.979522876033056766e-01
6.750000000000000000e+02 9.974091338842974164e-01 9.987789586776859574e-01
6.800000000000000000e+02 1.000941378512396618e+00 9.976275404958677706e-01
6.850000000000000000e+02 9.985646909090910572e-01 9.976345520661157318e-01
6.900000000000000000e+02 1.000339973553719064e+00 9.975488561983469893e-01
6.950000000000000000e+02 9.994283504132230878e-01 9.988959008264461925e-01
7.000000000000000000e+02 9.983926314049587081e-01 9.984889752066115065e-01
7.050000000000000000e+02 9.988328132231403256e-01 9.990277752066114569e-01
7.100000000000000000e+02 9.986110809917354558e-01 9.982487404958677590e-01
7.150000000000000000e+02 9.992528760330581239e-01 9.988803305785125541e-01
7.200000000000000000e+02 9.998066842975206203e-01 9.978486512396692598e-01
7.250000000000000000e+02 9.996790148760330563e-01 9.998628099173554329e-01
7.300000000000000000e+02 9.984370809917356704e-01 9.990497983471074983e-01
7.350000000000000000e+02 9.977800363636364356e-01 9.982850148760329390e-01
7.400000000000000000e+02 9.998729057851238888e-01 9.975537685950411904e-01
7.450000000000000000e+02 9.997144793388429429e-01 9.987658446280990310e-01
7.500000000000000000e+02 1.000123454545454482e+00 9.982387239669421319e-01
7.550000000000000000e+02 9.995490677685949787e-01 9.991622082644626701e-01
7.600000000000000000e+02 9.984364528925621096e-01 1.000742446280991960e+00
7.650000000000000000e+02 9.977058380165286788e-01 9.974101256198346643e-01
7.700000000000000000e+02 1.000415411570247937e+00 9.986605917355371176e-01
7.750000000000000000e+02 9.989096595041322413e-01 9.985122942148760838e-01
7.800000000000000000e+02 9.986473619834711490e-01 1.000253031404958692e+00
7.850000000000000000e+02 9.996714644628099666e-01 1.000272280991735485e+00
7.900000000000000000e+02 9.973406611570247993e-01 9.981659999999999977e-01
7.950000000000000000e+02 9.978865190082645276e-01 9.972462314049586052e-01
8.000000000000000000e+02 9.991750677685951043e-01 9.985712892561983134e-01
8.050000000000000000e+02 9.992299471074380657e-01 9.988093752066115050e-01
8.100000000000000000e+02 9.989015900826446748e-01 9.984853388429751897e-01
8.150000000000000000e+02 9.989914314049587185e-01 1.001324981818181969e+00
8.200000000000000000e+02 9.986525983471075119e-01 9.977406975206610795e-01
8.250000000000000000e+02 9.991200958677686206e-01 9.993678413223140433e-01
8.300000000000000000e+02 9.985204595041320408e-01 9.977636099173553541e-01
8.350000000000000000e+02 1.000699236363636446e+00 9.986527834710745566e-01
8.400000000000000000e+02 9.985579867768594742e-01 1.000766971900826530e+00
8.450000000000000000e+02 9.981320033057849983e-01 9.991010975206611189e-01
8.500000000000000000e+02 1.001719272727272569e+00 9.999338181818181459e-01
8.550000000000000000e+02 9.992431801652891243e-01 9.989602876033056855e-01
8.600000000000000000e+02 9.988142710743801445e-01 9.996349157024793097e-01
8.650000000000000000e+02 1.000170509090909210e+00 9.971364495867767186e-01
8.700000000000000000e+02 9.992830280991734648e-01 9.999883900826447292e-01
8.750000000000000000e+02 9.997888958677686455e-01 9.991171834710742550e-01
8.800000000000000000e+02 9.998351933884299658e-01 1.000228119008264471e+00
8.850000000000000000e+02 9.994206181818181545e-01 9.974172264462811688e-01
8.900000000000000000e+02 9.996868595041323857e-01 9.996960859504131491e-01
8.950000000000000000e+02 9.990261619834710505e-01 9.997817785123969125e-01
9.000000000000000000e+02 9.992792628099174124e-01 1.000440340495867719e+00
9.050000000000000000e+02 1.000199642975206471e+00 9.995067471074380316e-01
9.100000000000000000e+02 9.988681950413222932e-01 9.988227504132231038e-01
9.150000000000000000e+02 1.000077259504132288e+00 9.995005090909090395e-01
9.200000000000000000e+02 9.995807504132230292e-01 1.000418489256198473e+00
9.250000000000000000e+02 9.998736165289254796e-01 9.999969917355370219e-01
9.300000000000000000e+02 9.990063008264462585e-01 9.972666743801651412e-01
9.350000000000000000e+02 9.983649123966943373e-01 1.000690363636363767e+00
9.400000000000000000e+02 1.000058079338842942e+00 9.993753487603305175e-01
9.450000000000000000e+02 1.000334889256198290e+00 1.000323371900826430e+00
9.500000000000000000e+02 9.988807570247931755e-01 1.000205775206611580e+00
9.550000000000000000e+02 9.985718446280993366e-01 1.000781404958677623e+00
9.600000000000000000e+02 9.992818181818183820e-01 9.992709950413221076e-01
9.650000000000000000e+02 1.001062287603305734e+00 9.992726909090908771e-01
9.700000000000000000e+02 9.990849057851238779e-01 9.995171338842974151e-01
9.750000000000000000e+02 9.996116396694214590e-01 9.980004231404958626e-01
9.800000000000000000e+02 9.993531338842973621e-01 1.000478852892561887e+00
9.850000000000000000e+02 1.001450502479338756e+00 1.001685748760330563e+00
9.900000000000000000e+02 9.989756793388430145e-01 9.987862942148760803e-01
9.950000000000000000e+02 9.989184595041322723e-01 1.001296714049586756e+00
