0.000000000000000000e+00 0.000000000000000000e+00 0.000000000000000000e+00 0.000000000000000000e+00 0.000000000000000000e+00 0.000000000000000000e+00 0.000000000000000000e+00
5.000000000000000000e+00 6.242252911049378516e-01 3.569742692845366827e-01 1.000000000000000000e+00 1.000000000000000000e+00 1.045738922031258789e-01 9.547298931025939572e-02
1.000000000000000000e+01 5.618899019281642371e-01 5.136352098519563203e-01 1.000000000000000000e+00 1.000000000000000000e+00 1.233510212469914324e-01 8.670773877401544150e-02
1.500000000000000000e+01 5.906899540924888115e-01 5.595712176076583777e-01 1.000000000000000000e+00 1.000000000000000000e+00 8.147197520223252443e-02 1.028401861883287277e-01
2.000000000000000000e+01 4.756483351451605834e-01 4.056947829389114801e-01 1.000000000000000000e+00 1.000000000000000000e+00 1.077573889289236281e-01 8.046441949768712298e-02
2.500000000000000000e+01 6.128416736976849410e-01 4.662730652729304981e-01 1.000000000000000000e+00 1.000000000000000000e+00 1.131220544881098300e-01 8.577350423680669966e-02
3.000000000000000000e+01 5.913773718410776370e-01 3.792513620978248956e-01 1.000000000000000000e+00 1.000000000000000000e+00 1.038913656919721040e-01 8.032042824435695061e-02
3.500000000000000000e+01 5.139368837557111158e-01 4.730166854793589337e-01 1.000000000000000000e+00 1.000000000000000000e+00 1.079283058146428415e-01 6.754975366904845957e-02
4.000000000000000000e+01 5.072539106309987833e-01 5.302031024654556557e-01 1.000000000000000000e+00 1.000000000000000000e+00 1.024247399692868737e-01 9.411477843852948666e-02
4.500000000000000000e+01 4.438763224360640081e-01 4.518952859306111236e-01 1.000000000000000000e+00 1.000000000000000000e+00 1.078139463151205346e-01 9.174094707067510790e-02
5.000000000000000000e+01 3.212629631228776650e-01 2.839428048941767813e-01 1.000000000000000000e+00 0.000000000000000000e+00 8.230046913688096599e-02 9.185328098919555428e-02
5.500000000000000000e+01 3.827371881552179000e-01 3.845672297605593482e-01 1.000000000000000000e+00 1.000000000000000000e+00 1.049519278224189389e-01 9.938612252943984648e-02
6.000000000000000000e+01 4.082458011741454951e-01 4.740363290849660127e-01 1.000000000000000000e+00 1.000000000000000000e+00 9.737092697380951567e-02 1.118822569687393520e-01
6.500000000000000000e+01 2.675740004184916643e-01 4.763450783754737405e-01 0.000000000000000000e+00 1.000000000000000000e+00 9.134957298036028295e-02 9.782732813979799769e-02
7.000000000000000000e+01 4.689383320274290168e-01 3.369611454137058093e-01 1.000000000000000000e+00 1.000000000000000000e+00 1.007668976208941219e-01 7.001447734134910728e-02
7.500000000000000000e+01 3.690213387735338246e-01 3.654872043931358672e-01 1.000000000000000000e+00 1.000000000000000000e+00 7.339572394548403433e-02 9.191602488879145605e-02
8.000000000000000000e+01 3.721923589450774061e-01 4.097222245206519342e-01 0.000000000000000000e+00 1.000000000000000000e+00 1.101626243404993655e-01 9.706989767114970746e-02
8.500000000000000000e+01 2.826766262633405025e-01 3.341824637221833538e-01 0.000000000000000000e+00 0.000000000000000000e+00 8.047829983906347462e-02 1.029294132642211840e-01
9.000000000000000000e+01 3.792844547841628944e-01 3.575637162427902638e-01 1.000000000000000000e+00 0.000000000000000000e+00 8.202400116784906714e-02 1.548094777899069741e-01
9.500000000000000000e+01 3.248704645424239645e-01 2.779818975306724282e-01 0.000000000000000000e+00 1.000000000000000000e+00 1.049930957262021763e-01 7.583359128850718223e-02
1.000000000000000000e+02 2.784699880484919898e-01 4.108599947568437605e-01 0.000000000000000000e+00 1.000000000000000000e+00 7.938334839274248378e-02 8.391512046358581833e-02
1.050000000000000000e+02 3.147284028068574324e-01 2.975409801673560839e-01 1.000000000000000000e+00 0.000000000000000000e+00 6.160235847611454651e-02 1.087287602604992826e-01
1.100000000000000000e+02 3.018720266914275419e-01 2.393646319361713015e-01 1.000000000000000000e+00 0.000000000000000000e+00 8.209146948508684594e-02 9.741591748091384118e-02
1.150000000000000000e+02 4.573571589774673707e-01 4.694373432077492692e-01 1.000000000000000000e+00 1.000000000000000000e+00 1.056722535708864985e-01 1.004254946260946801e-01
1.200000000000000000e+02 9.858853229489931980e-02 3.069815007527182393e-01 0.000000000000000000e+00 0.000000000000000000e+00 8.250704532229943822e-02 1.095075053015825556e-01
1.250000000000000000e+02 3.420818493681671013e-01 1.744141434410098612e-01 1.000000000000000000e+00 0.000000000000000000e+00 9.239883780092797427e-02 1.089504177868937107e-01
1.300000000000000000e+02 1.298501146687864316e-01 1.004928817661507046e-01 0.000000000000000000e+00 0.000000000000000000e+00 7.239313717728183828e-02 9.058455215375964265e-02
1.350000000000000000e+02 2.847029508822535582e-01 3.345662180348382142e-01 1.000000000000000000e+00 0.000000000000000000e+00 7.481787136687077788e-02 1.122193880174561231e-01
1.400000000000000000e+02 4.027529627621723174e-01 2.771565950652092880e-01 1.000000000000000000e+00 0.000000000000000000e+00 6.761747308368201703e-02 1.150562333039250179e-01
1.450000000000000000e+02 3.154928160124106373e-01 3.112393266269667946e-01 1.000000000000000000e+00 0.000000000000000000e+00 7.871494792444277966e-02 1.148221694243156538e-01
1.500000000000000000e+02 3.005837693680551426e-01 3.420799654374605536e-01 1.000000000000000000e+00 1.000000000000000000e+00 6.640343606952106570e-02 7.607292588206078510e-02
1.550000000000000000e+02 2.727532480496005496e-01 2.618254352064127710e-01 0.000000000000000000e+00 0.000000000000000000e+00 8.053772592959124177e-02 8.620096279612839141e-02
1.600000000000000000e+02 1.902924485254226805e-01 3.181783815765518719e-01 0.000000000000000000e+00 0.000000000000000000e+00 9.563652305846534474e-02 1.161571930813923154e-01
1.650000000000000000e+02 2.389697516467918226e-01 2.879353365830028544e-01 0.000000000000000000e+00 0.000000000000000000e+00 1.037904700575274786e-01 1.142142675947001307e-01
1.700000000000000000e+02 2.412104559990911334e-01 2.325235415003188422e-01 0.000000000000000000e+00 0.000000000000000000e+00 7.802342152822684673e-02 9.146700039962163409e-02
1.750000000000000000e+02 2.645303190365984602e-01 2.228584470525933336e-01 0.000000000000000000e+00 0.000000000000000000e+00 8.229356497250124580e-02 9.117493879623365938e-02
1.800000000000000000e+02 2.311863410271891017e-01 2.326279430722795194e-01 0.000000000000000000e+00 0.000000000000000000e+00 8.591973097529639891e-02 8.913811685370644222e-02
1.850000000000000000e+02 2.365679967091765812e-01 2.663162827666692989e-01 0.000000000000000000e+00 0.000000000000000000e+00 9.460038834702826083e-02 8.145178545379706814e-02
1.900000000000000000e+02 2.172688523317562181e-01 3.270025909833862432e-01 0.000000000000000000e+00 0.000000000000000000e+00 7.827767691434840691e-02 1.118117335870176116e-01
1.950000000000000000e+02 3.290235430738304712e-01 2.274127430118896842e-01 1.000000000000000000e+00 0.000000000000000000e+00 7.006374077603919059e-02 9.687409761243181983e-02
2.000000000000000000e+02 3.362904725136673934e-01 2.448241100321248420e-01 0.000000000000000000e+00 0.000000000000000000e+00 1.010555000173902762e-01 1.188278526789001560e-01
2.050000000000000000e+02 1.620544127889609332e-01 2.133849270938053821e-01 0.000000000000000000e+00 0.000000000000000000e+00 9.579993600994358982e-02 1.009753885394648332e-01
2.100000000000000000e+02 3.443770012355535926e-01 1.210200354243639309e-01 1.000000000000000000e+00 0.000000000000000000e+00 9.138694801450268634e-02 1.055298929107758715e-01
2.150000000000000000e+02 1.079982094300575152e-01 2.652019130163315586e-01 0.000000000000000000e+00 0.000000000000000000e+00 7.993907123130858383e-02 1.079080573805979021e-01
2.200000000000000000e+02 2.024557376221255700e-01 2.301088084587742666e-01 0.000000000000000000e+00 0.000000000000000000e+00 7.886295406900682703e-02 9.606759481699933545e-02
2.250000000000000000e+02 3.792585488962343376e-01 2.047376477102675063e-01 1.000000000000000000e+00 0.000000000000000000e+00 9.107341683577732661e-02 1.249952847937159106e-01
2.300000000000000000e+02 8.134236111741453834e-02 2.314634550358697085e-01 0.000000000000000000e+00 0.000000000000000000e+00 1.001659919657570813e-01 8.497461233666077363e-02
2.350000000000000000e+02 7.211222356296265179e-02 3.401639464538828150e-01 0.000000000000000000e+00 1.000000000000000000e+00 8.279237407894210476e-02 8.406777767694817438e-02
2.400000000000000000e+02 2.083123180514616091e-01 3.003196226231247268e-01 0.000000000000000000e+00 0.000000000000000000e+00 6.789802897650899782e-02 1.016558236244753943e-01
2.450000000000000000e+02 1.212346004652599951e-01 1.502788372387584004e-01 0.000000000000000000e+00 0.000000000000000000e+00 7.802541467456801383e-02 9.955061480215886272e-02
2.500000000000000000e+02 2.274407510807001098e-01 2.484810535996867242e-01 0.000000000000000000e+00 0.000000000000000000e+00 7.934843771099196752e-02 9.564826580916808985e-02
2.550000000000000000e+02 1.063994405668038101e-01 1.299317395235062289e-01 0.000000000000000000e+00 0.000000000000000000e+00 8.753392568337871327e-02 7.890457622119567693e-02
2.600000000000000000e+02 2.380487259394826194e-01 2.561189810970813663e-01 0.000000000000000000e+00 0.000000000000000000e+00 8.984963248475855147e-02 8.909014548642192610e-02
2.650000000000000000e+02 1.824766120561625571e-01 2.796036532576685607e-01 0.000000000000000000e+00 0.000000000000000000e+00 9.255798419226798912e-02 8.739555414720703852e-02
2.700000000000000000e+02 1.590689786633806002e-01 3.146479967223146934e-01 0.000000000000000000e+00 0.000000000000000000e+00 7.206638753060316815e-02 1.093121537916092595e-01
2.750000000000000000e+02 1.451132679995846830e-01 2.968377063168458063e-01 0.000000000000000000e+00 0.000000000000000000e+00 9.297032338504704341e-02 9.100356999794635693e-02
2.800000000000000000e+02 1.850602991621683457e-01 1.887968485468640156e-01 0.000000000000000000e+00 0.000000000000000000e+00 9.144563719591314310e-02 9.888392150703950723e-02
2.850000000000000000e+02 3.464628431830552024e-01 2.166456458696116860e-01 1.000000000000000000e+00 0.000000000000000000e+00 9.281019278637503422e-02 7.125994364260010427e-02
2.900000000000000000e+02 2.528056174079295615e-01 1.695068233022552495e-01 0.000000000000000000e+00 0.000000000000000000e+00 8.792958679550832990e-02 8.108451757894280520e-02
2.950000000000000000e+02 7.118391442646927747e-02 2.213624711025870551e-01 0.000000000000000000e+00 0.000000000000000000e+00 7.529627672333022437e-02 6.532441532889360358e-02
3.000000000000000000e+02 1.663677040948058905e-01 1.753592456014027856e-01 0.000000000000000000e+00 0.000000000000000000e+00 9.140281648345353893e-02 6.449795362268183341e-02
3.050000000000000000e+02 1.811320934258618676e-01 2.328861996967678538e-01 0.000000000000000000e+00 0.000000000000000000e+00 6.596673485510994028e-02 9.054613759693271036e-02
3.100000000000000000e+02 1.675737991594191401e-01 1.532353938014244799e-01 0.000000000000000000e+00 0.000000000000000000e+00 1.068878893055351664e-01 1.187772532755445171e-01
3.150000000000000000e+02 2.391886018061143704e-01 1.543713142049259468e-01 0.000000000000000000e+00 0.000000000000000000e+00 7.391957516371910897e-02 6.225874170514973660e-02
3.200000000000000000e+02 9.516908491600460651e-02 2.082880520044252948e-01 0.000000000000000000e+00 0.000000000000000000e+00 9.159050024888862329e-02 9.852268390975355006e-02
3.250000000000000000e+02 1.860711051326229548e-01 2.696315306863908412e-01 0.000000000000000000e+00 0.000000000000000000e+00 1.028677696446387013e-01 9.789781788146612040e-02
3.300000000000000000e+02 2.556383168164259034e-01 1.918278269141390491e-01 1.000000000000000000e+00 0.000000000000000000e+00 6.881240965746035498e-02 6.802270145600043671e-02
3.350000000000000000e+02 8.103218301194654860e-02 3.204823248457560059e-01 0.000000000000000000e+00 1.000000000000000000e+00 1.016415986243955211e-01 7.358430639340450552e-02
3.400000000000000000e+02 1.546201705937110538e-01 1.950218056567035174e-01 0.000000000000000000e+00 0.000000000000000000e+00 7.386623367785899452e-02 8.003430788608838220e-02
3.450000000000000000e+02 2.143578465089175378e-01 2.297722999935697952e-01 0.000000000000000000e+00 0.000000000000000000e+00 9.428837519739620421e-02 7.636106469372500039e-02
3.500000000000000000e+02 1.359758425837792051e-01 2.793360028137757411e-01 0.000000000000000000e+00 0.000000000000000000e+00 8.127199186198365288e-02 8.915801419409663531e-02
3.550000000000000000e+02 2.041825523975942525e-01 1.039988703283245136e-01 0.000000000000000000e+00 0.000000000000000000e+00 9.328179451072322881e-02 7.856521487131534753e-02
3.600000000000000000e+02 1.096364976590040452e-01 1.463907915039682761e-01 0.000000000000000000e+00 0.000000000000000000e+00 1.023594679819204434e-01 1.041992518326970429e-01
3.650000000000000000e+02 1.053682860733183152e-01 1.741680330124285581e-01 0.000000000000000000e+00 1.000000000000000000e+00 8.734884415319571493e-02 4.629802001648475329e-02
3.700000000000000000e+02 1.494816264757636015e-01 9.975758605401896517e-02 0.000000000000000000e+00 0.000000000000000000e+00 6.180284395287947291e-02 4.886596938068996088e-02
3.750000000000000000e+02 9.960513129807804789e-02 2.248559686801891444e-01 0.000000000000000000e+00 0.000000000000000000e+00 8.480996138738330914e-02 9.671106771758965215e-02
3.800000000000000000e+02 1.734377718719553041e-01 2.552075890742315223e-01 0.000000000000000000e+00 0.000000000000000000e+00 6.968609325185959325e-02 1.095012996146897816e-01
3.850000000000000000e+02 8.011637470395735483e-02 8.470585790327024578e-02 0.000000000000000000e+00 0.000000000000000000e+00 6.801249731258392217e-02 5.633449989280761572e-02
3.900000000000000000e+02 1.084117215821003011e-01 1.043284371637403785e-01 0.000000000000000000e+00 0.000000000000000000e+00 7.907547440094472857e-02 7.774326299244016525e-02
3.950000000000000000e+02 2.325532968610401208e-01 2.153381656584169579e-01 0.000000000000000000e+00 0.000000000000000000e+00 8.382783899200786648e-02 8.699562223342342804e-02
4.000000000000000000e+02 7.486618933766164830e-02 2.339023656851162425e-01 0.000000000000000000e+00 0.000000000000000000e+00 8.111298342967925012e-02 8.174063100319468866e-02
4.050000000000000000e+02 2.067715448871649264e-01 1.013819287849295481e-01 0.000000000000000000e+00 0.000000000000000000e+00 7.223756081204740775e-02 9.234147185524456403e-02
4.100000000000000000e+02 1.911246087059331189e-01 2.148943460660573679e-01 0.000000000000000000e+00 0.000000000000000000e+00 8.229744338006671212e-02 1.323082133069932997e-01
4.150000000000000000e+02 1.333842876930871890e-01 1.505444236229038224e-01 0.000000000000000000e+00 0.000000000000000000e+00 1.082598061996943167e-01 6.764009296319008213e-02
4.200000000000000000e+02 2.143066314404951656e-01 6.675869951796867263e-02 0.000000000000000000e+00 0.000000000000000000e+00 7.728080368797710098e-02 7.949461324613708857e-02
4.250000000000000000e+02 9.977614328247530473e-02 1.048271176673013783e-01 0.000000000000000000e+00 0.000000000000000000e+00 8.917893006887260554e-02 9.347601362646555667e-02
4.300000000000000000e+02 2.534552231776897591e-01 1.387778126509910115e-01 0.000000000000000000e+00 0.000000000000000000e+00 8.063479803510327504e-02 7.865484112418018314e-02
4.350000000000000000e+02 8.421862146645006653e-02 1.799823297053795845e-01 0.000000000000000000e+00 0.000000000000000000e+00 4.605088763252703637e-02 8.418514911553534597e-02
4.400000000000000000e+02 6.262841643584995954e-02 1.688697083361693496e-01 0.000000000000000000e+00 0.000000000000000000e+00 7.642810703962892027e-02 8.633326537676434820e-02
4.450000000000000000e+02 1.878268785621505788e-01 1.935402179139706635e-01 0.000000000000000000e+00 0.000000000000000000e+00 7.330582683873358707e-02 8.399839660658264817e-02
4.500000000000000000e+02 9.431933425132614512e-02 2.340853399630736242e-01 0.000000000000000000e+00 0.000000000000000000e+00 8.069433562608992194e-02 7.024781872020974260e-02
4.550000000000000000e+02 1.271607402217271310e-01 1.179069189030012288e-01 0.000000000000000000e+00 0.000000000000000000e+00 8.656433106811944889e-02 6.148964476481576930e-02
4.600000000000000000e+02 1.713146959739068609e-01 2.012315761214842902e-01 0.000000000000000000e+00 0.000000000000000000e+00 6.263688177933689205e-02 9.784717726463908194e-02
4.650000000000000000e+02 1.667654687515142120e-01 1.263001484958540255e-01 0.000000000000000000e+00 0.000000000000000000e+00 1.026051655359897508e-01 6.051816672878060355e-02
4.700000000000000000e+02 8.479696768620541281e-02 1.620182832332313638e-01 0.000000000000000000e+00 0.000000000000000000e+00 7.703716380402118868e-02 6.416187829072315940e-02
4.750000000000000000e+02 2.580889169093626423e-01 1.744822013466999500e-01 0.000000000000000000e+00 0.000000000000000000e+00 9.950830735259343085e-02 9.664951487524080231e-02
4.800000000000000000e+02 7.611701153452281321e-02 2.649809336307750729e-01 0.000000000000000000e+00 0.000000000000000000e+00 9.175993967211662494e-02 8.464162911669886880e-02
4.850000000000000000e+02 2.013739047205523602e-01 1.100303646182328315e-01 1.000000000000000000e+00 0.000000000000000000e+00 5.419053484813381172e-02 8.683535377621051654e-02
4.900000000000000000e+02 1.187279217293229217e-01 1.377159859560979083e-01 0.000000000000000000e+00 0.000000000000000000e+00 7.700564184682541502e-02 9.291632857065051931e-02
4.950000000000000000e+02 2.142240466359364159e-01 7.202956276727531804e-02 0.000000000000000000e+00 0.000000000000000000e+00 9.256912934264470427e-02 8.232895652605097536e-02
