0.000000000000000000e+00 0.000000000000000000e+00 0.000000000000000000e+00 0.000000000000000000e+00 0.000000000000000000e+00 0.000000000000000000e+00 0.000000000000000000e+00
5.000000000000000000e+00 1.368338946661298960e+00 1.230761774897036309e+00 1.000000000000000000e+00 1.000000000000000000e+00 1.211570437111957194e-01 9.493010643647423197e-02
1.000000000000000000e+01 1.471896347270517769e+00 1.022587996677207789e+00 1.000000000000000000e+00 1.000000000000000000e+00 1.098459899291952813e-01 6.355783250448497623e-02
1.500000000000000000e+01 1.077502654324457243e+00 8.852239402359151077e-01 1.000000000000000000e+00 1.000000000000000000e+00 1.243875319862597500e-01 1.163209221234475371e-01
2.000000000000000000e+01 8.962678952278946287e-01 8.897202765474979680e-01 1.000000000000000000e+00 1.000000000000000000e+00 7.978128665292968935e-02 1.007992343737451058e-01
2.500000000000000000e+01 1.012899281502795734e+00 7.492191079596892678e-01 1.000000000000000000e+00 1.000000000000000000e+00 8.841583873139946537e-02 1.260411357150890699e-01
3.000000000000000000e+01 9.566316273899581057e-01 4.868648618125756000e-01 1.000000000000000000e+00 1.000000000000000000e+00 1.272631770702100651e-01 1.176765722076256460e-01
3.500000000000000000e+01 8.458817057802603401e-01 4.888707543737192962e-01 1.000000000000000000e+00 1.000000000000000000e+00 1.441066209681397536e-01 1.361916265012345917e-01
4.000000000000000000e+01 7.958108251433713143e-01 5.754834169037228442e-01 1.000000000000000000e+00 1.000000000000000000e+00 1.223958345064118242e-01 1.326355896676949808e-01
4.500000000000000000e+01 6.760847387329778080e-01 3.091684162015673754e-01 1.000000000000000000e+00 0.000000000000000000e+00 1.196381194683295429e-01 1.289065163275461279e-01
5.000000000000000000e+01 8.280058057260830662e-01 3.466164302205590464e-01 1.000000000000000000e+00 0.000000000000000000e+00 1.519889098133282157e-01 1.414978681324829957e-01
5.500000000000000000e+01 8.145673216113188397e-01 3.169731957806867229e-01 1.000000000000000000e+00 0.000000000000000000e+00 1.311522578251646254e-01 1.288796084814285425e-01
6.000000000000000000e+01 7.306445173246248759e-01 3.489892378341099000e-01 1.000000000000000000e+00 0.000000000000000000e+00 1.502709968196655754e-01 1.459387696960081915e-01
6.500000000000000000e+01 5.798966534093261682e-01 2.358196887227173022e-01 1.000000000000000000e+00 0.000000000000000000e+00 1.099406726618305241e-01 1.043215486046533552e-01
7.000000000000000000e+01 6.175774239246096808e-01 3.261788259888822594e-01 1.000000000000000000e+00 0.000000000000000000e+00 1.144656346833850813e-01 1.171437494662370127e-01
7.500000000000000000e+01 6.316686522732001263e-01 2.157026657208316323e-01 1.000000000000000000e+00 0.000000000000000000e+00 1.216639244066060610e-01 9.787981110921172012e-02
8.000000000000000000e+01 5.434471532104078184e-01 3.434548882318816387e-01 1.000000000000000000e+00 0.000000000000000000e+00 1.459295394320262174e-01 1.220816987170286472e-01
8.500000000000000000e+01 6.908900520379903654e-01 2.646284294653570290e-01 1.000000000000000000e+00 0.000000000000000000e+00 1.322690498746441901e-01 1.237801134950006626e-01
9.000000000000000000e+01 4.858529577946316680e-01 2.737666425172894935e-01 1.000000000000000000e+00 0.000000000000000000e+00 1.099653430028437462e-01 1.481228125938552631e-01
9.500000000000000000e+01 3.855289342976278566e-01 1.932796979534024406e-01 0.000000000000000000e+00 0.000000000000000000e+00 1.191208855344408624e-01 1.284325279703977529e-01
1.000000000000000000e+02 3.532646548686022570e-01 2.832408693179151449e-01 0.000000000000000000e+00 0.000000000000000000e+00 1.025314906188559000e-01 1.367502253094687870e-01
1.050000000000000000e+02 4.472587013014279189e-01 3.524697501544389877e-01 1.000000000000000000e+00 0.000000000000000000e+00 1.201993318225566681e-01 1.307016847468040477e-01
1.100000000000000000e+02 6.080586592160163173e-01 3.779145170765431105e-01 1.000000000000000000e+00 0.000000000000000000e+00 1.230952799619244864e-01 1.304002535297116849e-01
1.150000000000000000e+02 4.812244399689982188e-01 2.841571781106411732e-01 0.000000000000000000e+00 0.000000000000000000e+00 1.436476000434805944e-01 9.234947272381460737e-02
1.200000000000000000e+02 4.448781996064206656e-01 2.907965753738798176e-01 0.000000000000000000e+00 0.000000000000000000e+00 1.350794561969896335e-01 1.250108431991433233e-01
1.250000000000000000e+02 4.577084505163314110e-01 3.230913644194770007e-01 1.000000000000000000e+00 0.000000000000000000e+00 1.241704882138399968e-01 1.169810545571754457e-01
1.300000000000000000e+02 5.033270222678256633e-01 2.672951328665843507e-01 1.000000000000000000e+00 0.000000000000000000e+00 1.346332883716995499e-01 1.194879284527558400e-01
1.350000000000000000e+02 5.818820078664065365e-01 2.346369909224230166e-01 1.000000000000000000e+00 0.000000000000000000e+00 1.364442375034586874e-01 1.071417190986980877e-01
1.400000000000000000e+02 3.396362196036407655e-01 2.002563235897095173e-01 0.000000000000000000e+00 0.000000000000000000e+00 1.691131777734476982e-01 1.518458661164303614e-01
1.450000000000000000e+02 3.077266343685181038e-01 2.641456741646887041e-01 0.000000000000000000e+00 0.000000000000000000e+00 1.332096674911759648e-01 1.232148159640187174e-01
1.500000000000000000e+02 3.519147603498621324e-01 2.230915012992356061e-01 0.000000000000000000e+00 0.000000000000000000e+00 1.451274033574407318e-01 1.188279637340129008e-01
1.550000000000000000e+02 5.221902121620312087e-01 2.838378770694987563e-01 0.000000000000000000e+00 0.000000000000000000e+00 1.528902950165435259e-01 1.288079674695660759e-01
1.600000000000000000e+02 4.391670731017242590e-01 2.442121054010337189e-01 1.000000000000000000e+00 0.000000000000000000e+00 1.221715678983453512e-01 1.227578370824448373e-01
1.650000000000000000e+02 3.783773210782531704e-01 3.593550392087579981e-01 0.000000000000000000e+00 0.000000000000000000e+00 1.363849214791721387e-01 1.150166796942730801e-01
1.700000000000000000e+02 3.712500074901022851e-01 3.591636724740782105e-01 0.000000000000000000e+00 0.000000000000000000e+00 1.292120912290008750e-01 1.232270029872514355e-01
1.750000000000000000e+02 2.956187209196233789e-01 3.010026669316407388e-01 0.000000000000000000e+00 0.000000000000000000e+00 1.029072917417834659e-01 1.573122384202301494e-01
1.800000000000000000e+02 2.052156709744731022e-01 2.079047483168245114e-01 0.000000000000000000e+00 0.000000000000000000e+00 9.334750607604967720e-02 7.759982515021798810e-02
1.850000000000000000e+02 4.183659053787884829e-01 3.417950798985150418e-01 0.000000000000000000e+00 1.000000000000000000e+00 1.169303241770018598e-01 8.853985194820973570e-02
1.900000000000000000e+02 3.718306812213943990e-01 2.729989739074603072e-01 1.000000000000000000e+00 0.000000000000000000e+00 9.521868862114567234e-02 9.390997952756260925e-02
1.950000000000000000e+02 4.898196751507869484e-01 2.765660269060737919e-01 0.000000000000000000e+00 0.000000000000000000e+00 1.509526912275930555e-01 1.182440112084268830e-01
2.000000000000000000e+02 3.608490849924504973e-01 3.402741151131200015e-01 0.000000000000000000e+00 0.000000000000000000e+00 1.436234297481888689e-01 1.013935488475058710e-01
2.050000000000000000e+02 4.319243848478468983e-01 2.408890818440077020e-01 0.000000000000000000e+00 0.000000000000000000e+00 1.791573685123755144e-01 1.059428904521880765e-01
2.100000000000000000e+02 2.550248263631772483e-01 2.309373982157825189e-01 0.000000000000000000e+00 0.000000000000000000e+00 1.323954678997471546e-01 1.282544239879479520e-01
2.150000000000000000e+02 2.259789069749949808e-01 3.571424240542346307e-01 0.000000000000000000e+00 0.000000000000000000e+00 1.643948355802197780e-01 1.174618661063030201e-01
2.200000000000000000e+02 3.579027231122177133e-01 2.682871450974759209e-01 0.000000000000000000e+00 0.000000000000000000e+00 1.452031058777753514e-01 1.230435331418732459e-01
2.250000000000000000e+02 5.499424536013914899e-01 3.134698137698742060e-01 0.000000000000000000e+00 0.000000000000000000e+00 1.595269048051161653e-01 1.307885962501031674e-01
2.300000000000000000e+02 3.888342033784726315e-01 3.436032350174890171e-01 0.000000000000000000e+00 0.000000000000000000e+00 1.413507101802742028e-01 1.193022161639069184e-01
2.350000000000000000e+02 5.311089259959937969e-01 3.771971390095611998e-01 0.000000000000000000e+00 1.000000000000000000e+00 1.575985781787610507e-01 1.048231536237669986e-01
2.400000000000000000e+02 4.002917601239177614e-01 2.508890369657693076e-01 0.000000000000000000e+00 0.000000000000000000e+00 1.304657623396625055e-01 9.731987563392371920e-02
2.450000000000000000e+02 3.509982982570787335e-01 2.210445481782906119e-01 0.000000000000000000e+00 0.000000000000000000e+00 1.820118960031367195e-01 8.547804358445069972e-02
2.500000000000000000e+02 2.312829249097124173e-01 1.056766732115842072e-01 0.000000000000000000e+00 0.000000000000000000e+00 1.294058723392940424e-01 8.333036127430090700e-02
2.550000000000000000e+02 3.457918567923268793e-01 1.905503011001798419e-01 0.000000000000000000e+00 0.000000000000000000e+00 1.491246551277646826e-01 1.266599506145801302e-01
2.600000000000000000e+02 2.428744098511219640e-01 2.326257262112613466e-01 0.000000000000000000e+00 0.000000000000000000e+00 1.177292293215381758e-01 1.164765233123011695e-01
2.650000000000000000e+02 2.731103408599252491e-01 2.280621671067477596e-01 0.000000000000000000e+00 0.000000000000000000e+00 1.214607418986267673e-01 9.533421292434834937e-02
2.700000000000000000e+02 2.828215089074264110e-01 2.721222948197160596e-01 0.000000000000000000e+00 0.000000000000000000e+00 1.275463304753012839e-01 1.042172326475999805e-01
2.750000000000000000e+02 3.385609598393630737e-01 1.576383080961677174e-01 0.000000000000000000e+00 0.000000000000000000e+00 1.414417936173707480e-01 1.036365536996833314e-01
2.800000000000000000e+02 3.412627755577239963e-01 2.273336110240102848e-01 0.000000000000000000e+00 0.000000000000000000e+00 1.234818492640242654e-01 1.456443655261859260e-01
2.850000000000000000e+02 2.646941228826481529e-01 8.316324556115491096e-02 0.000000000000000000e+00 0.000000000000000000e+00 1.265774514625404856e-01 1.316360955004680089e-01
2.900000000000000000e+02 4.018365678242247219e-01 1.320506689941943479e-01 0.000000000000000000e+00 0.000000000000000000e+00 1.356701102245141399e-01 8.926144919649832421e-02
2.950000000000000000e+02 3.328135920202225928e-01 1.206920574496334747e-01 0.000000000000000000e+00 0.000000000000000000e+00 1.485161042331941406e-01 1.400822779151425501e-01
3.000000000000000000e+02 3.511936777852647795e-01 1.035553440492115174e-01 0.000000000000000000e+00 0.000000000000000000e+00 1.506825714891839585e-01 1.066114963015430128e-01
3.050000000000000000e+02 2.104586196900197215e-01 1.710955628826237584e-01 0.000000000000000000e+00 0.000000000000000000e+00 1.507720537792706372e-01 1.134201490558492120e-01
3.100000000000000000e+02 2.274284749205421341e-01 8.086945120729686909e-02 0.000000000000000000e+00 0.000000000000000000e+00 1.176414103051645343e-01 1.165942484443883986e-01
3.150000000000000000e+02 2.857390813832421106e-01 2.069297294614195759e-01 0.000000000000000000e+00 0.000000000000000000e+00 1.202383689644314912e-01 8.056463570496293081e-02
3.200000000000000000e+02 2.444112404331219290e-01 1.980544377404842848e-01 0.000000000000000000e+00 0.000000000000000000e+00 1.331057883533065256e-01 9.662983454618907786e-02
3.250000000000000000e+02 2.906862893559177263e-01 2.494218207423275491e-01 0.000000000000000000e+00 0.000000000000000000e+00 1.333495730412828928e-01 1.322228198394879706e-01
3.300000000000000000e+02 2.407993827227804806e-01 1.226336645911288992e-01 0.000000000000000000e+00 0.000000000000000000e+00 1.077627070493504674e-01 1.218445487909476238e-01
3.350000000000000000e+02 1.821670847034849716e-01 1.402620087263942439e-01 0.000000000000000000e+00 0.000000000000000000e+00 1.409072385900319857e-01 1.158548471323594536e-01
3.400000000000000000e+02 3.945311166557058380e-01 2.292121684222638289e-01 0.000000000000000000e+00 0.000000000000000000e+00 1.290516797205321087e-01 1.044421793253725583e-01
3.450000000000000000e+02 3.129288858925097783e-01 2.492855400594074788e-01 0.000000000000000000e+00 0.000000000000000000e+00 1.334874134620543107e-01 8.494196672155482353e-02
3.500000000000000000e+02 3.430540543656670494e-01 2.573898809556778855e-01 0.000000000000000000e+00 0.000000000000000000e+00 1.109981662067160285e-01 8.946293428843138384e-02
3.550000000000000000e+02 3.028359784351939421e-01 2.743925083246050445e-01 0.000000000000000000e+00 0.000000000000000000e+00 1.719964709089999988e-01 9.166711088811776986e-02
3.600000000000000000e+02 2.979637517062784791e-01 2.382986558422074963e-01 0.000000000000000000e+00 0.000000000000000000e+00 1.135592835876405721e-01 1.193280589598820912e-01
3.650000000000000000e+02 2.274605810009803497e-01 2.675951413671479040e-01 0.000000000000000000e+00 0.000000000000000000e+00 1.669514715878809008e-01 7.486078301490591003e-02
3.700000000000000000e+02 3.073599110703549853e-01 2.828358977372302241e-01 0.000000000000000000e+00 0.000000000000000000e+00 1.042588468840436322e-01 1.089380837301067995e-01
3.750000000000000000e+02 2.653183573150382779e-01 1.014168368890508987e-01 0.000000000000000000e+00 0.000000000000000000e+00 1.129299309388865080e-01 1.307558565620749735e-01
3.800000000000000000e+02 3.195384909381088212e-01 2.112740944188448433e-01 0.000000000000000000e+00 0.000000000000000000e+00 1.011359452243527912e-01 1.242283125308601133e-01
3.850000000000000000e+02 3.111566219828683644e-01 2.701192293059908045e-01 0.000000000000000000e+00 1.000000000000000000e+00 1.303577239877839189e-01 6.937412430640241268e-02
3.900000000000000000e+02 1.777766811585169415e-01 2.171731022930460109e-01 0.000000000000000000e+00 0.000000000000000000e+00 1.037662285523685557e-01 9.468272927823824514e-02
3.950000000000000000e+02 3.088424008893382866e-01 2.910618104342023726e-01 0.000000000000000000e+00 0.000000000000000000e+00 1.297385770887852507e-01 1.001100958633069776e-01
4.000000000000000000e+02 3.392642395321646687e-01 2.055499575179209337e-01 0.000000000000000000e+00 0.000000000000000000e+00 1.502118979071078997e-01 1.096938821309890455e-01
4.050000000000000000e+02 3.318058412219501152e-01 2.575438749020317886e-01 0.000000000000000000e+00 0.000000000000000000e+00 1.283930216920154688e-01 9.889321708914784737e-02
4.100000000000000000e+02 4.231468395264136317e-01 2.573140861603679941e-01 0.000000000000000000e+00 0.000000000000000000e+00 1.495073461783802959e-01 9.557621987240204342e-02
4.150000000000000000e+02 3.371656939247906215e-01 1.597940752546927190e-01 0.000000000000000000e+00 0.000000000000000000e+00 1.204915837343886326e-01 1.159634792614536586e-01
4.200000000000000000e+02 1.964677129150318169e-01 6.572893443966389138e-02 0.000000000000000000e+00 0.000000000000000000e+00 8.867990925688937209e-02 1.079753981223350867e-01
4.250000000000000000e+02 2.419937141016506588e-01 9.007903030529411381e-02 0.000000000000000000e+00 0.000000000000000000e+00 1.486375242064567614e-01 7.372519837815028065e-02
4.300000000000000000e+02 3.998316062212466937e-01 1.881787149402355808e-01 1.000000000000000000e+00 0.000000000000000000e+00 1.087487278894154197e-01 7.409447619411248243e-02
4.350000000000000000e+02 2.225471237784750200e-01 9.439475401131827703e-02 0.000000000000000000e+00 0.000000000000000000e+00 1.039629586147570312e-01 9.373807725527114054e-02
4.400000000000000000e+02 1.427355004188251286e-01 1.396330363306273470e-01 0.000000000000000000e+00 0.000000000000000000e+00 1.087140165373112616e-01 8.610287532343638417e-02
4.450000000000000000e+02 1.764905875336875707e-01 7.691595895936259586e-02 0.000000000000000000e+00 0.000000000000000000e+00 1.076756618530412546e-01 9.869779325814741211e-02
4.500000000000000000e+02 3.678589752489503928e-01 1.455411498514794233e-01 1.000000000000000000e+00 0.000000000000000000e+00 7.434311987725644721e-02 1.310382714572570773e-01
4.550000000000000000e+02 2.548469177652060713e-01 1.310604663700825623e-01 0.000000000000000000e+00 0.000000000000000000e+00 9.764631471685716879e-02 9.549820356057889259e-02
4.600000000000000000e+02 1.965581709347173356e-01 3.311990687019530921e-02 0.000000000000000000e+00 0.000000000000000000e+00 1.200503071688045209e-01 1.103177582040399396e-01
4.650000000000000000e+02 2.357469377529624877e-01 1.524657530794758520e-01 0.000000000000000000e+00 0.000000000000000000e+00 1.450630085470100139e-01 1.275366448320429114e-01
4.700000000000000000e+02 2.537571294757890450e-01 2.414506942044163385e-01 0.000000000000000000e+00 0.000000000000000000e+00 1.085850971379269392e-01 1.120694179627475667e-01
4.750000000000000000e+02 2.421656952543895791e-01 2.405627234833932759e-01 0.000000000000000000e+00 0.000000000000000000e+00 1.265698000295995274e-01 1.030942264541907932e-01
4.800000000000000000e+02 1.764051476301345678e-01 1.235786358454742384e-01 0.000000000000000000e+00 0.000000000000000000e+00 1.032589116975208277e-01 9.245989274713435624e-02
4.850000000000000000e+02 1.385682719423127485e-01 3.195996554372479426e-01 0.000000000000000000e+00 0.000000000000000000e+00 1.202588221960139980e-01 1.164025788735123662e-01
4.900000000000000000e+02 2.967354673043201552e-01 2.516267467149523873e-01 0.000000000000000000e+00 0.000000000000000000e+00 1.290479345550162027e-01 8.747939554900767412e-02
4.950000000000000000e+02 1.965574871271235646e-01 1.343129421003232127e-01 0.000000000000000000e+00 0.000000000000000000e+00 1.141959132000460730e-01 7.771729035863414459e-02
