0.000000000000000000e+00 0.000000000000000000e+00 0.000000000000000000e+00 0.000000000000000000e+00 0.000000000000000000e+00 0.000000000000000000e+00 0.000000000000000000e+00
5.000000000000000000e+00 2.019218908387148959e-01 3.248641159075368323e-01 0.000000000000000000e+00 0.000000000000000000e+00 1.046697193778928503e-01 9.684744946060236392e-02
1.000000000000000000e+01 2.265859390889872760e-01 4.742278931110713858e-01 0.000000000000000000e+00 0.000000000000000000e+00 1.276423423075165042e-01 1.486872193114663898e-01
1.500000000000000000e+01 1.702406533391357946e-01 3.329835524355064247e-01 0.000000000000000000e+00 0.000000000000000000e+00 9.989345287374776228e-02 1.135455773226679010e-01
2.000000000000000000e+01 3.496559798969465782e-01 2.974230156518047341e-01 0.000000000000000000e+00 0.000000000000000000e+00 1.001560239167592903e-01 1.202603106943277989e-01
2.500000000000000000e+01 2.916102854647358300e-01 3.256385755805318860e-01 0.000000000000000000e+00 0.000000000000000000e+00 1.092703293368252060e-01 1.255244257688267195e-01
3.000000000000000000e+01 2.720942618953020586e-01 3.608109916934544859e-01 0.000000000000000000e+00 0.000000000000000000e+00 1.474578454964180496e-01 1.569730571951979681e-01
3.500000000000000000e+01 2.152253321977818934e-01 2.354276133577088981e-01 0.000000000000000000e+00 0.000000000000000000e+00 9.926459319090412403e-02 1.266763005755689175e-01
4.000000000000000000e+01 2.037871197035853454e-01 3.499871516844050290e-01 0.000000000000000000e+00 0.000000000000000000e+00 6.885658853959115977e-02 1.344070891271009482e-01
4.500000000000000000e+01 1.774786572329184742e-01 3.342933044987939084e-01 0.000000000000000000e+00 0.000000000000000000e+00 9.002032970203605045e-02 1.335852050745173492e-01
5.000000000000000000e+01 4.281840490586506509e-01 1.868754927429131796e-01 0.000000000000000000e+00 0.000000000000000000e+00 1.416461201714017404e-01 1.215208377917349897e-01
5.500000000000000000e+01 9.415036645004311311e-02 2.471629025731628126e-01 0.000000000000000000e+00 0.000000000000000000e+00 7.963408098013813330e-02 1.294395712917925101e-01
6.000000000000000000e+01 4.771657262203651273e-01 2.745953040569111270e-01 1.000000000000000000e+00 0.000000000000000000e+00 9.071210043539887358e-02 1.282612643490518567e-01
6.500000000000000000e+01 2.387746578813836340e-01 3.197559115214237968e-01 0.000000000000000000e+00 0.000000000000000000e+00 1.263582663096983749e-01 1.297039696455116742e-01
7.000000000000000000e+01 3.636232007441375647e-01 4.184136343993093976e-01 0.000000000000000000e+00 0.000000000000000000e+00 1.502538137360958925e-01 1.738699559363874603e-01
7.500000000000000000e+01 3.753113927169312025e-01 1.649394474770985997e-01 1.000000000000000000e+00 0.000000000000000000e+00 1.005172231558398438e-01 9.217158980610030972e-02
8.000000000000000000e+01 2.710529227821927845e-01 2.993203950085641107e-01 0.000000000000000000e+00 0.000000000000000000e+00 1.076804555846859607e-01 1.550803379173393282e-01
8.500000000000000000e+01 1.339230698482902215e-01 2.935941147007614660e-01 0.000000000000000000e+00 0.000000000000000000e+00 8.766298864488313025e-02 1.048657276713513276e-01
9.000000000000000000e+01 2.857552044359339405e-01 2.795161156094047028e-01 0.000000000000000000e+00 0.000000000000000000e+00 1.107600809523132945e-01 1.367117918231176288e-01
9.500000000000000000e+01 6.641250061747412670e-02 2.396834796004117807e-01 0.000000000000000000e+00 0.000000000000000000e+00 9.662222132158611310e-02 1.269981441741416806e-01
1.000000000000000000e+02 2.897443384064429250e-01 3.351343162116203755e-01 1.000000000000000000e+00 0.000000000000000000e+00 7.229726132372071845e-02 1.604903715778498718e-01
1.050000000000000000e+02 2.718048023708874439e-01 3.271728188269723003e-01 0.000000000000000000e+00 0.000000000000000000e+00 1.210864678379024312e-01 1.233063168728059794e-01
1.100000000000000000e+02 1.911100756049249338e-01 3.623733602000286380e-01 0.000000000000000000e+00 0.000000000000000000e+00 1.093367667206092547e-01 1.423568877650114584e-01
1.150000000000000000e+02 2.566711111192120920e-01 3.455578795751579890e-01 0.000000000000000000e+00 0.000000000000000000e+00 1.169393278673178799e-01 1.383852544044689159e-01
1.200000000000000000e+02 8.439029615036017229e-02 1.207151938070529784e-01 0.000000000000000000e+00 0.000000000000000000e+00 8.938385033335922991e-02 9.753060870852937880e-02
1.250000000000000000e+02 2.526323303285405997e-01 3.678756186191733391e-01 0.000000000000000000e+00 0.000000000000000000e+00 1.187716731608279147e-01 1.472291933928197571e-01
1.300000000000000000e+02 2.025507066087366970e-01 2.028504249437380891e-01 0.000000000000000000e+00 0.000000000000000000e+00 1.003802395786948520e-01 1.480525004498242647e-01
1.350000000000000000e+02 1.813959167234179826e-01 2.519568399371742706e-01 0.000000000000000000e+00 0.000000000000000000e+00 9.942022758187178677e-02 1.641894217582227367e-01
1.400000000000000000e+02 3.326240657072794260e-01 3.459924893459104256e-01 0.000000000000000000e+00 0.000000000000000000e+00 1.119117680645458912e-01 1.291076573032981789e-01
1.450000000000000000e+02 2.815812224828899701e-01 3.927968574436927485e-01 0.000000000000000000e+00 0.000000000000000000e+00 9.482013121353764784e-02 1.389405971238650561e-01
1.500000000000000000e+02 3.511787922894438752e-01 3.374143270853489640e-01 0.000000000000000000e+00 0.000000000000000000e+00 1.256860720702734913e-01 1.282258617656265032e-01
1.550000000000000000e+02 1.648587684717638946e-01 3.576424972604113073e-01 0.000000000000000000e+00 0.000000000000000000e+00 1.218894657679424898e-01 1.009487357088384440e-01
1.600000000000000000e+02 2.581828230207691144e-01 3.838213914108701830e-01 0.000000000000000000e+00 0.000000000000000000e+00 1.080400944374761141e-01 1.439395428587950387e-01
1.650000000000000000e+02 1.815920215753892564e-01 3.229644285343084009e-01 0.000000000000000000e+00 0.000000000000000000e+00 7.531801034464627453e-02 1.080611445123473846e-01
1.700000000000000000e+02 3.532129092619805399e-02 3.633853066775116214e-01 0.000000000000000000e+00 0.000000000000000000e+00 4.113515843626280866e-02 1.544071922751789061e-01
1.750000000000000000e+02 2.221431073548373047e-01 2.564415999009401759e-01 0.000000000000000000e+00 0.000000000000000000e+00 8.540089201764983207e-02 1.444179500808688843e-01
1.800000000000000000e+02 7.924374303142715792e-02 3.660886427278665090e-01 0.000000000000000000e+00 0.000000000000000000e+00 7.508373370494220156e-02 1.676760916614332131e-01
1.850000000000000000e+02 2.280396515935251001e-01 1.984448553129733728e-01 0.000000000000000000e+00 0.000000000000000000e+00 8.253483703503439184e-02 1.152239709502466541e-01
1.900000000000000000e+02 1.562157118764195829e-01 2.584832538711719918e-01 0.000000000000000000e+00 0.000000000000000000e+00 1.071197453533464516e-01 1.502909276700375996e-01
1.950000000000000000e+02 2.154494144528406596e-01 3.908218145584234637e-01 0.000000000000000000e+00 1.000000000000000000e+00 1.195029966807045346e-01 1.090302295567477792e-01
2.000000000000000000e+02 1.504755173387379297e-01 1.846977350176913224e-01 0.000000000000000000e+00 0.000000000000000000e+00 8.267217890851233375e-02 1.340798326289263098e-01
2.050000000000000000e+02 1.680264902463482479e-01 2.150072542154252697e-01 0.000000000000000000e+00 0.000000000000000000e+00 9.922590669573808086e-02 1.267678208145926744e-01
2.100000000000000000e+02 2.473151596402945740e-01 3.536242474904078836e-01 0.000000000000000000e+00 0.000000000000000000e+00 9.662747404060942347e-02 1.188814314748257439e-01
2.150000000000000000e+02 1.377299318338257028e-01 2.476502331520385736e-01 0.000000000000000000e+00 0.000000000000000000e+00 1.094003393897303444e-01 7.876201532122163729e-02
2.200000000000000000e+02 1.864115643263220268e-01 2.383537896866755046e-01 0.000000000000000000e+00 0.000000000000000000e+00 7.618031310250654442e-02 1.049027371022133448e-01
2.250000000000000000e+02 6.912292282971703450e-02 3.403427071497396872e-01 0.000000000000000000e+00 0.000000000000000000e+00 6.254477571128017055e-02 1.390237553029119999e-01
2.300000000000000000e+02 3.372334247192451673e-01 2.751691002118005214e-01 1.000000000000000000e+00 0.000000000000000000e+00 9.417303294767775945e-02 1.380104084753209781e-01
2.350000000000000000e+02 2.584577581196572660e-01 2.132036244697760596e-01 0.000000000000000000e+00 0.000000000000000000e+00 8.532868442173689727e-02 1.116042880520923125e-01
2.400000000000000000e+02 1.561393389329175929e-01 4.936360933739630252e-01 0.000000000000000000e+00 1.000000000000000000e+00 5.359789313929395893e-02 9.574307488464187110e-02
2.450000000000000000e+02 2.626151415015974266e-01 2.320102794238648458e-01 0.000000000000000000e+00 0.000000000000000000e+00 1.035123170261615794e-01 1.162237969121548559e-01
2.500000000000000000e+02 2.420267435935272715e-01 4.009769794626014128e-01 0.000000000000000000e+00 0.000000000000000000e+00 1.224847674143386828e-01 1.308780885062161004e-01
2.550000000000000000e+02 2.742933357835276587e-01 2.026018287216504454e-01 0.000000000000000000e+00 0.000000000000000000e+00 1.138887072494507713e-01 1.228684470389239253e-01
2.600000000000000000e+02 1.594451108458019017e-01 3.615526336701327947e-01 0.000000000000000000e+00 0.000000000000000000e+00 8.484890360183794389e-02 1.523656028959242681e-01
2.650000000000000000e+02 1.994286366311167347e-01 1.877686356070648321e-01 0.000000000000000000e+00 0.000000000000000000e+00 7.868604616063691604e-02 1.234420686918576288e-01
2.700000000000000000e+02 1.193639116057800403e-01 2.319935853102098877e-01 0.000000000000000000e+00 0.000000000000000000e+00 1.390624851914868398e-01 1.536206025802939745e-01
2.750000000000000000e+02 1.002785774457869844e-01 2.320915606650347240e-01 0.000000000000000000e+00 0.000000000000000000e+00 7.331213970878565356e-02 1.461939291193704027e-01
2.800000000000000000e+02 2.064768741397485508e-01 2.632593432165083458e-01 0.000000000000000000e+00 0.000000000000000000e+00 7.427430798967708803e-02 1.197715205936185634e-01
2.850000000000000000e+02 2.093990624104901388e-01 3.912797364136570422e-01 0.000000000000000000e+00 0.000000000000000000e+00 8.838872015707180396e-02 1.387782593324540514e-01
2.900000000000000000e+02 2.734633435196875961e-01 3.140824897320653175e-01 0.000000000000000000e+00 0.000000000000000000e+00 8.789255463578428407e-02 1.703433871515430131e-01
2.950000000000000000e+02 3.577632425534589267e-01 2.287834051035106953e-01 1.000000000000000000e+00 0.000000000000000000e+00 7.598401332528893770e-02 1.273827071775774089e-01
3.000000000000000000e+02 1.141758712735881087e-01 3.677449184801432347e-01 0.000000000000000000e+00 0.000000000000000000e+00 6.962066521432361266e-02 1.352710940403806239e-01
3.050000000000000000e+02 2.705894421367329161e-01 2.610980520845511132e-01 0.000000000000000000e+00 0.000000000000000000e+00 1.146008868922046148e-01 1.023061638971028836e-01
3.100000000000000000e+02 3.414059965448433265e-01 2.948845019389999544e-01 0.000000000000000000e+00 0.000000000000000000e+00 1.168847084946388754e-01 1.225407638386445119e-01
3.150000000000000000e+02 1.726784622356362375e-01 3.463862647344179702e-01 0.000000000000000000e+00 0.000000000000000000e+00 1.005246865450002552e-01 1.510028758705933283e-01
3.200000000000000000e+02 2.463484565754938682e-01 3.041760537046185320e-01 0.000000000000000000e+00 0.000000000000000000e+00 9.708272397848416446e-02 1.475650718197027145e-01
3.250000000000000000e+02 3.871431823965402197e-01 1.631311612179942583e-01 1.000000000000000000e+00 0.000000000000000000e+00 8.916378151823606268e-02 1.459891004241926638e-01
3.300000000000000000e+02 2.043967764265212650e-01 3.972717969763762125e-01 0.000000000000000000e+00 0.000000000000000000e+00 9.315797068231490563e-02 1.672425163265579273e-01
3.350000000000000000e+02 1.964860511522243114e-01 1.559620549601375417e-01 0.000000000000000000e+00 0.000000000000000000e+00 9.764587730864833504e-02 1.503591425039209895e-01
3.400000000000000000e+02 2.561096432805310963e-01 2.779642177037168760e-01 0.000000000000000000e+00 0.000000000000000000e+00 1.078056101170152548e-01 1.334343270717196772e-01
3.450000000000000000e+02 1.431048760436367251e-01 2.255814762468286716e-01 0.000000000000000000e+00 0.000000000000000000e+00 1.152079736852185815e-01 1.499970942424250220e-01
3.500000000000000000e+02 4.077301606779525356e-01 2.352760379437380256e-01 0.000000000000000000e+00 0.000000000000000000e+00 1.240645702959593533e-01 1.564487997958072529e-01
3.550000000000000000e+02 2.201068423520101958e-01 2.674128632546047823e-01 0.000000000000000000e+00 0.000000000000000000e+00 1.442014570888606184e-01 1.269389895393896184e-01
3.600000000000000000e+02 1.146490793765487515e-01 1.686581367693021360e-01 0.000000000000000000e+00 0.000000000000000000e+00 1.120991717743762550e-01 1.232290804200958934e-01
3.650000000000000000e+02 2.501183122264782899e-01 2.603474268576203565e-01 0.000000000000000000e+00 0.000000000000000000e+00 1.182730321892178360e-01 1.278297475228918623e-01
3.700000000000000000e+02 2.493851561678539497e-01 2.576335667332175783e-01 0.000000000000000000e+00 0.000000000000000000e+00 1.347337877321424793e-01 1.130958817922450982e-01
3.750000000000000000e+02 1.339948366386072565e-01 1.663362157892784299e-01 0.000000000000000000e+00 0.000000000000000000e+00 9.772148220769262539e-02 1.540142061551057762e-01
3.800000000000000000e+02 1.584667959688728089e-01 1.012555632357744761e-01 0.000000000000000000e+00 0.000000000000000000e+00 9.339244579012949410e-02 9.259727575163001489e-02
3.850000000000000000e+02 1.918992722990328637e-01 1.168483987749745767e-01 0.000000000000000000e+00 0.000000000000000000e+00 9.904498278900561448e-02 9.067770042762282601e-02
3.900000000000000000e+02 2.499429413329972982e-01 3.287573017340794101e-01 0.000000000000000000e+00 0.000000000000000000e+00 1.266481894866592905e-01 1.584413689080240162e-01
3.950000000000000000e+02 3.055170373498017899e-01 3.129612950700609852e-01 0.000000000000000000e+00 0.000000000000000000e+00 1.214615437531822995e-01 1.224219693418595878e-01
4.000000000000000000e+02 2.815907934938641222e-01 1.910641510561049972e-01 1.000000000000000000e+00 0.000000000000000000e+00 7.047498833491316894e-02 1.263101169799632217e-01
4.050000000000000000e+02 1.762365644534306108e-01 1.896890355088029501e-01 0.000000000000000000e+00 0.000000000000000000e+00 1.167534405088938299e-01 8.711858703842224882e-02
4.100000000000000000e+02 3.445062941905784326e-01 2.640293185759562400e-01 0.000000000000000000e+00 0.000000000000000000e+00 1.256584636555452827e-01 1.735151852196686328e-01
4.150000000000000000e+02 3.568100836539356280e-01 3.755292156195065290e-01 0.000000000000000000e+00 0.000000000000000000e+00 1.145231806934410984e-01 1.683156226103411091e-01
4.200000000000000000e+02 1.222941259309956175e-01 3.001052933415719326e-01 0.000000000000000000e+00 0.000000000000000000e+00 7.693015602381879370e-02 1.318277412657224423e-01
4.250000000000000000e+02 2.793493654207207522e-01 2.273083357261399817e-01 0.000000000000000000e+00 0.000000000000000000e+00 1.296609944058449981e-01 1.105027819622386581e-01
4.300000000000000000e+02 2.803745746327304111e-01 3.869989045427433272e-01 0.000000000000000000e+00 1.000000000000000000e+00 1.202909308907459118e-01 8.936734753125531727e-02
4.350000000000000000e+02 2.005234088182200891e-01 1.482817395975938590e-01 0.000000000000000000e+00 0.000000000000000000e+00 1.188235876331919516e-01 1.521098804881832467e-01
4.400000000000000000e+02 8.973161824621107840e-02 2.192254587603915950e-01 0.000000000000000000e+00 0.000000000000000000e+00 1.035182242880446774e-01 1.341545900366325206e-01
4.450000000000000000e+02 2.484805450302139673e-01 1.519374495452142648e-01 0.000000000000000000e+00 0.000000000000000000e+00 1.115510143008424104e-01 9.494600265824834628e-02
4.500000000000000000e+02 2.267135619444699268e-01 2.261054846052573397e-01 0.000000000000000000e+00 0.000000000000000000e+00 1.201770501370507255e-01 1.346581493934132512e-01
4.550000000000000000e+02 2.547530458880694071e-01 2.649314759758486515e-01 0.000000000000000000e+00 0.000000000000000000e+00 9.189640971241649914e-02 1.257974010515886532e-01
4.600000000000000000e+02 1.599276547151618488e-01 2.871311005784088488e-01 0.000000000000000000e+00 0.000000000000000000e+00 1.121296756170608727e-01 1.308594375124619014e-01
4.650000000000000000e+02 2.663024462577003315e-01 3.331626404572423650e-01 0.000000000000000000e+00 0.000000000000000000e+00 1.411674597247896401e-01 1.369133638919302620e-01
4.700000000000000000e+02 2.491333090587831145e-01 1.509234118401064084e-01 0.000000000000000000e+00 0.000000000000000000e+00 9.082896991099090322e-02 1.396501574003499446e-01
4.750000000000000000e+02 3.207543045277433391e-01 2.841539232108373780e-01 0.000000000000000000e+00 0.000000000000000000e+00 1.302213146753103679e-01 1.172289952245276212e-01
4.800000000000000000e+02 2.595848115463856298e-01 1.556281615149100739e-01 0.000000000000000000e+00 0.000000000000000000e+00 1.163565405093667515e-01 1.249599548939435978e-01
4.850000000000000000e+02 3.933211811725167428e-01 2.152421706858602124e-01 1.000000000000000000e+00 0.000000000000000000e+00 1.096954162762176083e-01 1.321286995847039125e-01
4.900000000000000000e+02 3.238073155673742987e-01 1.752512890407351698e-01 0.000000000000000000e+00 0.000000000000000000e+00 9.135392682297795164e-02 5.838768568518808155e-02
4.950000000000000000e+02 2.459787732061728405e-01 3.158106135735693210e-01 0.000000000000000000e+00 0.000000000000000000e+00 7.348926756863111143e-02 1.202348063307216997e-01
