0.000000000000000000e+00 0.000000000000000000e+00 0.000000000000000000e+00 0.000000000000000000e+00 0.000000000000000000e+00 0.000000000000000000e+00 0.000000000000000000e+00
5.000000000000000000e+00 6.642768173380642072e-01 4.214184608360631579e-01 1.000000000000000000e+00 0.000000000000000000e+00 9.064229145809923893e-02 1.225562772026805580e-01
1.000000000000000000e+01 5.818434914333179275e-01 5.325164144118972320e-01 1.000000000000000000e+00 1.000000000000000000e+00 1.481157962727887578e-01 1.304542255104858828e-01
1.500000000000000000e+01 6.303525977153568993e-01 4.850411465068685812e-01 1.000000000000000000e+00 1.000000000000000000e+00 1.264270599250529592e-01 1.343269275487218029e-01
2.000000000000000000e+01 5.730432028926635279e-01 4.212087347185079489e-01 1.000000000000000000e+00 1.000000000000000000e+00 1.387381257216012409e-01 1.082987052215333007e-01
2.500000000000000000e+01 6.026749475864537908e-01 5.262146005195069698e-01 1.000000000000000000e+00 1.000000000000000000e+00 1.336782647236058608e-01 1.288933918695194802e-01
3.000000000000000000e+01 5.481314427224226460e-01 4.855321149554051030e-01 0.000000000000000000e+00 1.000000000000000000e+00 1.594398360052919905e-01 1.193284853379192600e-01
3.500000000000000000e+01 5.197039642331365839e-01 4.737613410972882910e-01 0.000000000000000000e+00 0.000000000000000000e+00 1.722800786512720117e-01 1.464669689018474330e-01
4.000000000000000000e+01 5.967989542162014382e-01 4.569704576191068179e-01 1.000000000000000000e+00 1.000000000000000000e+00 1.454818543907043238e-01 1.263062761600768635e-01
4.500000000000000000e+01 4.233449824749653811e-01 4.096261095434140520e-01 0.000000000000000000e+00 0.000000000000000000e+00 1.484626082512226775e-01 1.458988628879504534e-01
5.000000000000000000e+01 3.235234268465704832e-01 5.034276029203398339e-01 0.000000000000000000e+00 0.000000000000000000e+00 1.107571850698252369e-01 1.541486463444826926e-01
5.500000000000000000e+01 4.751105463391888106e-01 4.375999560098005614e-01 0.000000000000000000e+00 1.000000000000000000e+00 1.356444674110503512e-01 1.106949191665284465e-01
6.000000000000000000e+01 5.905272885800240124e-01 5.097838807793456661e-01 1.000000000000000000e+00 1.000000000000000000e+00 1.520113586691771435e-01 1.374381561267691010e-01
6.500000000000000000e+01 3.837428357482099983e-01 3.843922826560911554e-01 0.000000000000000000e+00 0.000000000000000000e+00 1.238862531920403576e-01 1.327309061587324812e-01
7.000000000000000000e+01 4.542993393839208638e-01 4.052339504921446678e-01 0.000000000000000000e+00 0.000000000000000000e+00 1.543578190327906108e-01 1.147189843763314343e-01
7.500000000000000000e+01 5.538131774844547994e-01 5.856489873606989249e-01 1.000000000000000000e+00 1.000000000000000000e+00 1.306877582969711848e-01 1.295492760445502711e-01
8.000000000000000000e+01 4.014787411013961416e-01 3.299866221977031389e-01 0.000000000000000000e+00 0.000000000000000000e+00 1.515946656449354557e-01 1.241827556070200511e-01
8.500000000000000000e+01 3.564213317005342496e-01 6.367453655698451787e-01 0.000000000000000000e+00 1.000000000000000000e+00 1.060436868758755646e-01 1.395982489884844691e-01
9.000000000000000000e+01 2.628263596925020096e-01 3.793707171335663486e-01 0.000000000000000000e+00 0.000000000000000000e+00 1.114310247992800207e-01 1.809520640688815074e-01
9.500000000000000000e+01 3.657692177340313711e-01 3.156229497182939103e-01 0.000000000000000000e+00 0.000000000000000000e+00 1.250733641964313081e-01 1.103134891221737995e-01
1.000000000000000000e+02 4.731615988671126205e-01 3.672465950808596613e-01 1.000000000000000000e+00 0.000000000000000000e+00 1.233239220728927638e-01 1.255537648607080448e-01
1.050000000000000000e+02 4.156284474446506616e-01 3.907002552503904269e-01 0.000000000000000000e+00 0.000000000000000000e+00 1.738117356815269965e-01 1.424245094740639594e-01
1.100000000000000000e+02 3.558455142016256345e-01 5.238552134470324528e-01 0.000000000000000000e+00 0.000000000000000000e+00 1.499175987043022129e-01 1.787705992274240541e-01
1.150000000000000000e+02 3.217924117762338554e-01 4.820648430236419979e-01 0.000000000000000000e+00 1.000000000000000000e+00 1.054471470126722571e-01 1.294436827352021535e-01
1.200000000000000000e+02 3.089580489400111096e-01 4.886835953584015013e-01 0.000000000000000000e+00 1.000000000000000000e+00 1.591048723476094773e-01 1.146919221138980316e-01
1.250000000000000000e+02 4.228241028682880875e-01 4.399825540071164443e-01 0.000000000000000000e+00 0.000000000000000000e+00 1.659924864178306259e-01 1.270618382637300758e-01
1.300000000000000000e+02 2.695064164290391640e-01 4.233532594248087255e-01 0.000000000000000000e+00 0.000000000000000000e+00 1.363999999022412479e-01 1.525993993135001114e-01
1.350000000000000000e+02 3.612160288894786797e-01 4.305488599318009202e-01 0.000000000000000000e+00 1.000000000000000000e+00 1.493399001962192607e-01 1.152275508757805711e-01
1.400000000000000000e+02 5.199385253196409096e-01 3.950403537430879353e-01 1.000000000000000000e+00 0.000000000000000000e+00 1.289568038470859379e-01 1.563005081882448688e-01
1.450000000000000000e+02 4.271637597248233997e-01 5.310104590585960072e-01 0.000000000000000000e+00 1.000000000000000000e+00 1.500063060665803027e-01 1.315637375012747023e-01
1.500000000000000000e+02 5.217817152839153705e-01 3.887704443752154071e-01 1.000000000000000000e+00 0.000000000000000000e+00 1.123219874134185753e-01 1.501739979242555090e-01
1.550000000000000000e+02 3.763521821386482946e-01 4.609689091059905874e-01 0.000000000000000000e+00 0.000000000000000000e+00 1.267238959883734695e-01 1.405285808607137643e-01
1.600000000000000000e+02 4.449522539158706769e-01 3.958426708239569658e-01 0.000000000000000000e+00 0.000000000000000000e+00 1.474998317084584842e-01 1.121764727675797352e-01
1.650000000000000000e+02 4.199918618399090531e-01 3.795010000718479493e-01 0.000000000000000000e+00 0.000000000000000000e+00 1.587841474024255795e-01 1.313685448886160734e-01
1.700000000000000000e+02 3.989809614454732367e-01 2.801414465228442841e-01 0.000000000000000000e+00 0.000000000000000000e+00 1.581918850825955181e-01 1.597707433264739796e-01
1.750000000000000000e+02 4.718198401974320610e-01 2.289363614231649247e-01 0.000000000000000000e+00 0.000000000000000000e+00 1.407531634190657410e-01 1.256051179810796503e-01
1.800000000000000000e+02 3.958787598706225430e-01 2.853286827276169113e-01 0.000000000000000000e+00 0.000000000000000000e+00 1.423209917507568256e-01 1.626713009061484527e-01
1.850000000000000000e+02 3.397830054413657486e-01 3.724268429656211743e-01 0.000000000000000000e+00 0.000000000000000000e+00 1.090221551653833276e-01 1.459472334612820499e-01
1.900000000000000000e+02 2.857702243194683023e-01 2.397622568416277744e-01 0.000000000000000000e+00 0.000000000000000000e+00 1.302466702677489430e-01 1.078972895825042744e-01
1.950000000000000000e+02 2.721120465459789250e-01 2.867178206298088283e-01 1.000000000000000000e+00 0.000000000000000000e+00 7.456260474414799777e-02 1.613403526993555659e-01
2.000000000000000000e+02 4.185953867772366221e-01 2.965927746005738719e-01 0.000000000000000000e+00 0.000000000000000000e+00 1.343463219415292897e-01 1.314860704564336236e-01
2.050000000000000000e+02 2.534770078227555623e-01 3.198680539556520985e-01 0.000000000000000000e+00 0.000000000000000000e+00 1.478775997191784930e-01 1.543201202757905899e-01
2.100000000000000000e+02 3.878276009386105172e-01 2.586494274890251410e-01 0.000000000000000000e+00 0.000000000000000000e+00 1.294415114361823216e-01 1.492443300576904441e-01
2.150000000000000000e+02 2.749741181415300550e-01 1.919422285955672547e-01 0.000000000000000000e+00 0.000000000000000000e+00 9.495730132512252009e-02 1.374640197301759681e-01
2.200000000000000000e+02 2.281587377355166202e-01 2.547707213895671896e-01 0.000000000000000000e+00 0.000000000000000000e+00 1.380967423061629229e-01 1.674100904939125889e-01
2.250000000000000000e+02 3.996063197484583385e-01 3.908417818200565774e-01 0.000000000000000000e+00 0.000000000000000000e+00 1.441973967185264660e-01 1.477331666356937190e-01
2.300000000000000000e+02 2.758013179224654277e-01 2.987117972199563321e-01 0.000000000000000000e+00 0.000000000000000000e+00 1.403072110058434518e-01 1.321021755875412262e-01
2.350000000000000000e+02 2.355728624390480697e-01 4.271375730941622817e-01 0.000000000000000000e+00 0.000000000000000000e+00 1.405788997820430763e-01 1.525128571065485772e-01
2.400000000000000000e+02 3.982499903612285452e-01 3.511086502127879205e-01 0.000000000000000000e+00 0.000000000000000000e+00 1.295402479485429081e-01 1.453410018932304870e-01
2.450000000000000000e+02 2.637488846108007601e-01 3.885611832711517999e-01 0.000000000000000000e+00 0.000000000000000000e+00 1.335641325074982955e-01 1.260901266338182447e-01
2.500000000000000000e+02 3.418888866795678494e-01 2.552221795334733145e-01 0.000000000000000000e+00 0.000000000000000000e+00 1.383342194359634958e-01 1.343469398197442433e-01
2.550000000000000000e+02 2.672113052203641259e-01 3.423401066765254241e-01 0.000000000000000000e+00 0.000000000000000000e+00 1.312736744842610270e-01 1.445909935013983683e-01
2.600000000000000000e+02 2.913899509128690113e-01 2.590061794085937175e-01 0.000000000000000000e+00 0.000000000000000000e+00 1.357529270133910893e-01 1.265532874079476067e-01
2.650000000000000000e+02 1.682558612363182216e-01 3.353345332635949694e-01 0.000000000000000000e+00 0.000000000000000000e+00 9.111432925929682791e-02 1.273114740710149517e-01
2.700000000000000000e+02 2.897461155576911418e-01 3.517533259305198889e-01 0.000000000000000000e+00 0.000000000000000000e+00 1.246488663018128357e-01 1.388920360345191618e-01
2.750000000000000000e+02 2.524599206646730987e-01 2.327737216149773913e-01 0.000000000000000000e+00 0.000000000000000000e+00 1.178268823813532207e-01 1.211231359968243382e-01
2.800000000000000000e+02 2.953763459826573845e-01 2.871520296287140006e-01 0.000000000000000000e+00 0.000000000000000000e+00 1.265621533429232559e-01 1.537340045854913573e-01
2.850000000000000000e+02 4.124109035574113347e-01 3.716020563362830709e-01 0.000000000000000000e+00 0.000000000000000000e+00 1.297578740795952146e-01 1.298310595475199170e-01
2.900000000000000000e+02 3.679263916983239180e-01 2.469991327323647068e-01 0.000000000000000000e+00 0.000000000000000000e+00 1.766445317850627028e-01 1.214540830918540010e-01
2.950000000000000000e+02 2.348779068577680484e-01 2.774494087433653222e-01 0.000000000000000000e+00 0.000000000000000000e+00 1.101689109205340883e-01 1.266782678107006288e-01
3.000000000000000000e+02 2.768087643783835872e-01 3.367211121987130351e-01 0.000000000000000000e+00 0.000000000000000000e+00 1.147777501061679611e-01 1.689333505668126900e-01
3.050000000000000000e+02 1.981722150659222803e-01 2.136547986308613700e-01 0.000000000000000000e+00 0.000000000000000000e+00 1.061807106375039361e-01 1.015271844210993424e-01
3.100000000000000000e+02 2.922621068103152253e-01 2.893454864296431395e-01 0.000000000000000000e+00 0.000000000000000000e+00 1.178442132625625027e-01 1.230987894177136277e-01
3.150000000000000000e+02 3.223641124896234889e-01 2.954910791194974573e-01 0.000000000000000000e+00 1.000000000000000000e+00 1.022875188570721433e-01 7.566569267106423857e-02
3.200000000000000000e+02 2.368071326682554267e-01 2.645202843996571351e-01 0.000000000000000000e+00 0.000000000000000000e+00 1.394960335566746146e-01 1.005206724228873000e-01
3.250000000000000000e+02 2.068333280848032862e-01 2.920195095868903801e-01 0.000000000000000000e+00 0.000000000000000000e+00 1.473099849946191420e-01 1.213921532087445798e-01
3.300000000000000000e+02 3.255495966964709331e-01 2.294477406937887043e-01 0.000000000000000000e+00 0.000000000000000000e+00 1.604214697892365205e-01 8.456962452425262344e-02
3.350000000000000000e+02 2.308044791919734995e-01 2.663302679114179505e-01 0.000000000000000000e+00 0.000000000000000000e+00 1.291715924313293906e-01 1.200170683576606556e-01
3.400000000000000000e+02 2.340008841367341164e-01 2.849382436146020714e-01 0.000000000000000000e+00 0.000000000000000000e+00 1.489365449328724222e-01 1.210696451714321359e-01
3.450000000000000000e+02 1.734780111369420286e-01 3.311703499098497261e-01 0.000000000000000000e+00 0.000000000000000000e+00 1.279994145553166041e-01 1.053860407406383287e-01
3.500000000000000000e+02 1.933108066879778986e-01 4.597641877043178726e-01 0.000000000000000000e+00 1.000000000000000000e+00 1.269804536838001208e-01 1.090663867749759736e-01
3.550000000000000000e+02 2.981157129116446258e-01 2.416598290316300801e-01 0.000000000000000000e+00 0.000000000000000000e+00 1.412872558383729549e-01 1.356080282360158928e-01
3.600000000000000000e+02 1.965669972036651614e-01 2.876135094064178888e-01 0.000000000000000000e+00 0.000000000000000000e+00 1.540454833915198274e-01 1.321800523394341953e-01
3.650000000000000000e+02 1.738256225536643218e-01 1.722630218384734735e-01 0.000000000000000000e+00 0.000000000000000000e+00 1.023149331524188937e-01 1.147441037073986536e-01
3.700000000000000000e+02 2.374815779491118994e-01 3.407904578536272155e-01 0.000000000000000000e+00 0.000000000000000000e+00 1.208486847871810682e-01 1.226215620662574335e-01
3.750000000000000000e+02 1.250775560090114091e-01 2.399024500021357809e-01 0.000000000000000000e+00 0.000000000000000000e+00 1.116377317976610661e-01 1.651418715998922981e-01
3.800000000000000000e+02 1.949973190835513348e-01 2.712232412549570038e-01 0.000000000000000000e+00 0.000000000000000000e+00 1.144400073813097302e-01 9.501649550213904505e-02
3.850000000000000000e+02 2.347738292189631704e-01 2.663260182138190157e-01 0.000000000000000000e+00 0.000000000000000000e+00 8.299163976530948839e-02 1.122398764027821294e-01
3.900000000000000000e+02 3.323227764064902723e-01 3.562073618321214274e-01 0.000000000000000000e+00 0.000000000000000000e+00 1.202225300259927576e-01 1.236743245971234917e-01
3.950000000000000000e+02 2.870772239976546181e-01 2.604355651745182687e-01 0.000000000000000000e+00 0.000000000000000000e+00 9.238447405830535475e-02 1.281740522948622008e-01
4.000000000000000000e+02 2.278219685152196305e-01 3.013289740357373292e-01 0.000000000000000000e+00 0.000000000000000000e+00 9.361290219278900482e-02 1.336149546497653329e-01
4.050000000000000000e+02 2.311543384376733568e-01 2.374154838534524858e-01 0.000000000000000000e+00 0.000000000000000000e+00 1.150365564659756729e-01 1.363168537590713492e-01
4.100000000000000000e+02 2.157033629144526066e-01 4.327153966331984125e-01 0.000000000000000000e+00 1.000000000000000000e+00 1.215746812068006499e-01 1.193966121241883810e-01
4.150000000000000000e+02 1.704424571511636843e-01 3.081184646136369554e-01 0.000000000000000000e+00 0.000000000000000000e+00 1.115316830308964169e-01 1.170828253971364641e-01
4.200000000000000000e+02 2.485091847916395813e-01 3.125277987672675506e-01 0.000000000000000000e+00 0.000000000000000000e+00 9.982379460229352797e-02 1.392452071991818197e-01
4.250000000000000000e+02 2.044095191233156472e-01 1.883156566017418210e-01 0.000000000000000000e+00 0.000000000000000000e+00 1.436050311596374640e-01 1.104658115550601061e-01
4.300000000000000000e+02 2.880371160933363206e-01 3.405317364348660614e-01 0.000000000000000000e+00 0.000000000000000000e+00 1.008626109903389967e-01 1.301066664027474007e-01
4.350000000000000000e+02 1.737384719632992236e-01 2.972086941866335374e-01 0.000000000000000000e+00 0.000000000000000000e+00 1.170891206711987681e-01 1.302890742820318193e-01
4.400000000000000000e+02 2.447299010073250014e-01 2.443401859676828936e-01 0.000000000000000000e+00 0.000000000000000000e+00 1.026424784759383813e-01 1.232513777753412726e-01
4.450000000000000000e+02 2.618591085283393238e-01 2.618993430070461481e-01 0.000000000000000000e+00 0.000000000000000000e+00 7.805636393557362218e-02 1.203809898262532957e-01
4.500000000000000000e+02 1.982122636372505575e-01 3.729045791993395587e-01 0.000000000000000000e+00 1.000000000000000000e+00 1.235594849515714161e-01 9.983066099511905822e-02
4.550000000000000000e+02 2.264047813703981560e-01 2.861480691067678217e-01 0.000000000000000000e+00 0.000000000000000000e+00 1.238363790799057035e-01 1.421685050631706082e-01
4.600000000000000000e+02 3.129002748946836387e-01 1.785361617835492243e-01 0.000000000000000000e+00 0.000000000000000000e+00 1.363888532563137801e-01 1.263688070007152053e-01
4.650000000000000000e+02 2.726792588763075065e-01 4.025251462637696731e-01 0.000000000000000000e+00 0.000000000000000000e+00 1.226859067695825617e-01 1.175978422924282146e-01
4.700000000000000000e+02 1.500639227611292592e-01 3.357450667034356795e-01 0.000000000000000000e+00 0.000000000000000000e+00 1.394018367773370570e-01 1.212124018524969177e-01
4.750000000000000000e+02 3.277588008352700366e-01 2.024172070275321311e-01 0.000000000000000000e+00 0.000000000000000000e+00 1.458353012518881497e-01 1.022372420006094629e-01
4.800000000000000000e+02 2.542231644806759450e-01 1.989459759663074756e-01 0.000000000000000000e+00 0.000000000000000000e+00 1.527457930854625445e-01 1.296418453215328614e-01
4.850000000000000000e+02 1.955470615064394402e-01 2.928035614534197917e-01 0.000000000000000000e+00 0.000000000000000000e+00 1.107763686939205322e-01 1.246306945411861933e-01
4.900000000000000000e+02 1.703456339531111696e-01 3.090872639688856949e-01 0.000000000000000000e+00 0.000000000000000000e+00 1.143607224596703692e-01 1.308337606945431941e-01
4.950000000000000000e+02 3.142468233240548470e-01 2.822156232028996126e-01 0.000000000000000000e+00 0.000000000000000000e+00 1.281134913103052220e-01 1.385529368405585271e-01
