0.000000000000000000e+00 0.000000000000000000e+00 0.000000000000000000e+00 0.000000000000000000e+00 0.000000000000000000e+00 0.000000000000000000e+00 0.000000000000000000e+00
5.000000000000000000e+00 1.661288333580689947e-01 2.951702710354104919e-01 0.000000000000000000e+00 1.000000000000000000e+00 8.635465974532569033e-02 6.712415887797448799e-02
1.000000000000000000e+01 1.860888815844845279e-01 1.876915065207970801e-01 0.000000000000000000e+00 0.000000000000000000e+00 6.738859044846973179e-02 8.319463130268205109e-02
1.500000000000000000e+01 2.307960970227194153e-01 3.020298435824123606e-01 0.000000000000000000e+00 1.000000000000000000e+00 7.087059901452263944e-02 7.109911146015653050e-02
2.000000000000000000e+01 3.425353946468059352e-01 2.518144048658940704e-01 1.000000000000000000e+00 1.000000000000000000e+00 8.000766722499791372e-02 6.955399452492753987e-02
2.500000000000000000e+01 2.263120412256879044e-01 2.704344410347846450e-01 0.000000000000000000e+00 0.000000000000000000e+00 6.572502628290907700e-02 8.108537829297263189e-02
3.000000000000000000e+01 1.942848223105061445e-01 3.652431695770260722e-01 0.000000000000000000e+00 1.000000000000000000e+00 7.328910468818142232e-02 7.208364675664040433e-02
3.500000000000000000e+01 1.482630831508480462e-01 3.969701936068210091e-01 0.000000000000000000e+00 1.000000000000000000e+00 4.884242838229765904e-02 1.022598896695131460e-01
4.000000000000000000e+01 1.361975713428176249e-01 4.231302081095464906e-01 0.000000000000000000e+00 1.000000000000000000e+00 4.069878805770790059e-02 7.573772617569222987e-02
4.500000000000000000e+01 1.361355633940437015e-01 4.678614744561621075e-01 0.000000000000000000e+00 1.000000000000000000e+00 6.750815736601965822e-02 8.042343118700703841e-02
5.000000000000000000e+01 3.311085765639510958e-01 2.788720287817775811e-01 1.000000000000000000e+00 0.000000000000000000e+00 8.565849574874641326e-02 1.059157854811237504e-01
5.500000000000000000e+01 1.441173812240486851e-01 2.328424678057555153e-01 0.000000000000000000e+00 0.000000000000000000e+00 6.794661655052569582e-02 8.702491731652424456e-02
6.000000000000000000e+01 2.791844620061552096e-01 4.077710115943434799e-01 1.000000000000000000e+00 1.000000000000000000e+00 6.301226911761530214e-02 8.153985674456859511e-02
6.500000000000000000e+01 1.825704394471850886e-02 2.164876837404380583e-01 0.000000000000000000e+00 0.000000000000000000e+00 5.758656474107432671e-02 6.406535014749063783e-02
7.000000000000000000e+01 1.649492677064200441e-01 1.261523951909506169e-01 0.000000000000000000e+00 0.000000000000000000e+00 6.028822854646194440e-02 7.809824633937975658e-02
7.500000000000000000e+01 2.256551676940040385e-01 3.204646971576775583e-01 1.000000000000000000e+00 1.000000000000000000e+00 5.356215554602956203e-02 7.649685350972255937e-02
8.000000000000000000e+01 1.525100635712723640e-01 2.556224110038479158e-01 0.000000000000000000e+00 0.000000000000000000e+00 7.281329238160087758e-02 9.239510928393177003e-02
8.500000000000000000e+01 1.091072569155625144e-01 1.963755317239744003e-01 0.000000000000000000e+00 0.000000000000000000e+00 4.527486961575441504e-02 1.043718727832911308e-01
9.000000000000000000e+01 2.388415868268380926e-01 2.042840036470228160e-01 0.000000000000000000e+00 0.000000000000000000e+00 7.384292149091459256e-02 1.136885917177378746e-01
9.500000000000000000e+01 7.547564957286781451e-02 1.047542025153061357e-01 0.000000000000000000e+00 0.000000000000000000e+00 6.012768959757446713e-02 6.931302824953554376e-02
1.000000000000000000e+02 1.513734386721254932e-01 2.635020714123810226e-01 0.000000000000000000e+00 0.000000000000000000e+00 7.805021160666132662e-02 8.571388509418692569e-02
1.050000000000000000e+02 1.148426085892916004e-01 2.421169610366306346e-01 0.000000000000000000e+00 0.000000000000000000e+00 5.362160904996351313e-02 9.330920502609828249e-02
1.100000000000000000e+02 8.209284697474572567e-02 1.486795402536909283e-01 0.000000000000000000e+00 0.000000000000000000e+00 4.915663764343796566e-02 8.927021778585599032e-02
1.150000000000000000e+02 1.488239963559164214e-01 3.559215456294589908e-01 0.000000000000000000e+00 1.000000000000000000e+00 8.113477927145540392e-02 9.836457474510584831e-02
1.200000000000000000e+02 3.875725570649348525e-03 2.520287931167289885e-01 0.000000000000000000e+00 0.000000000000000000e+00 8.332457116584760654e-03 8.105037017480129502e-02
1.250000000000000000e+02 1.756956642489882967e-02 1.190866816187938770e-01 0.000000000000000000e+00 0.000000000000000000e+00 7.691961333263878930e-02 1.116454213942861678e-01
1.300000000000000000e+02 1.096954699202911110e-01 7.028613811169789893e-02 0.000000000000000000e+00 0.000000000000000000e+00 7.582114564799724565e-02 7.930882019459740973e-02
1.350000000000000000e+02 1.001829160100944638e-01 2.313430402502490713e-01 0.000000000000000000e+00 0.000000000000000000e+00 8.443786655450309653e-02 9.609078626946915280e-02
1.400000000000000000e+02 1.223985365899347144e-01 2.241118872525455497e-01 0.000000000000000000e+00 0.000000000000000000e+00 7.517852867263147276e-02 7.645348812896253510e-02
1.450000000000000000e+02 1.188932726064236556e-01 9.093386422826485460e-02 0.000000000000000000e+00 0.000000000000000000e+00 9.311694065883450999e-02 7.846472940082153957e-02
1.500000000000000000e+02 2.577617287691403858e-01 2.413663690727907984e-01 1.000000000000000000e+00 0.000000000000000000e+00 5.877748250272273739e-02 9.425770365377555970e-02
1.550000000000000000e+02 6.186905846860890623e-02 2.068555368220488799e-01 0.000000000000000000e+00 0.000000000000000000e+00 4.781009442671303733e-02 9.049281683455222269e-02
1.600000000000000000e+02 1.959100915268696119e-01 2.958784866315631867e-01 0.000000000000000000e+00 0.000000000000000000e+00 7.526075756824716911e-02 1.095847471816501495e-01
1.650000000000000000e+02 1.373418448606215274e-03 2.652717590887400112e-01 0.000000000000000000e+00 0.000000000000000000e+00 5.774100270813392610e-02 8.876395230999932495e-02
1.700000000000000000e+02 1.354970041978500149e-03 3.231995847606273786e-01 0.000000000000000000e+00 1.000000000000000000e+00 1.865686450858534615e-03 8.286295750808414518e-02
1.750000000000000000e+02 8.914011875316636691e-02 2.175134407672122960e-01 0.000000000000000000e+00 0.000000000000000000e+00 9.029239415395942658e-02 8.133986354200654911e-02
1.800000000000000000e+02 3.810020755968129141e-02 2.359309001361779290e-01 0.000000000000000000e+00 0.000000000000000000e+00 4.242646547671301976e-02 9.368210793084671972e-02
1.850000000000000000e+02 6.924022600561390017e-02 1.124750410702320680e-01 0.000000000000000000e+00 0.000000000000000000e+00 7.835553676884063345e-02 7.418760960011014371e-02
1.900000000000000000e+02 5.730397100007982025e-02 2.358947026989710594e-01 0.000000000000000000e+00 0.000000000000000000e+00 8.344997889587293938e-02 1.094189857364814555e-01
1.950000000000000000e+02 1.513920628121412093e-01 7.192188352417237807e-02 0.000000000000000000e+00 0.000000000000000000e+00 7.109432049212713323e-02 1.127926180044018373e-01
2.000000000000000000e+02 1.166962653721831111e-01 1.668697612909557926e-01 0.000000000000000000e+00 0.000000000000000000e+00 5.638281690135740765e-02 7.166369591307039655e-02
2.050000000000000000e+02 5.234415732710826982e-03 2.222459182215959783e-01 0.000000000000000000e+00 0.000000000000000000e+00 9.119582576224269030e-03 9.592918399065168689e-02
2.100000000000000000e+02 1.603343979828475707e-01 1.297508432974620041e-01 0.000000000000000000e+00 0.000000000000000000e+00 7.141497011462316635e-02 8.977039312753067046e-02
2.150000000000000000e+02 4.949808781709215399e-02 2.576674306626733912e-01 0.000000000000000000e+00 0.000000000000000000e+00 7.319788665539114780e-02 9.343915918643337648e-02
2.200000000000000000e+02 4.877352713894054365e-02 1.448709149028170884e-01 0.000000000000000000e+00 0.000000000000000000e+00 6.695009579735976268e-02 6.432051536696138661e-02
2.250000000000000000e+02 2.015653597461825736e-02 2.204323626792323298e-01 0.000000000000000000e+00 0.000000000000000000e+00 6.142190455902271640e-02 9.775709928117391756e-02
2.300000000000000000e+02 7.622894840205865497e-02 1.318314813121361784e-01 0.000000000000000000e+00 0.000000000000000000e+00 8.993176295863579417e-02 1.019737939529316850e-01
2.350000000000000000e+02 1.258211345616902510e-01 2.338893608688686621e-01 0.000000000000000000e+00 0.000000000000000000e+00 5.847326649122971259e-02 1.202364631954200430e-01
2.400000000000000000e+02 9.983168018332436167e-02 2.943757169690079945e-01 0.000000000000000000e+00 0.000000000000000000e+00 8.510102518191035859e-02 1.299770602338077286e-01
2.450000000000000000e+02 1.249988634853037156e-01 9.881048589186916531e-02 0.000000000000000000e+00 0.000000000000000000e+00 6.778205470647109820e-02 7.465903216246765062e-02
2.500000000000000000e+02 1.672414997981079565e-01 1.488825630097356800e-01 0.000000000000000000e+00 0.000000000000000000e+00 6.641231098563729618e-02 8.933904591989665078e-02
2.550000000000000000e+02 6.880947432883532944e-02 1.017515544843479863e-01 0.000000000000000000e+00 0.000000000000000000e+00 4.824374485043841920e-02 7.093740515795279866e-02
2.600000000000000000e+02 7.310184469443928301e-02 2.483972472628064310e-01 0.000000000000000000e+00 0.000000000000000000e+00 5.110989127878115545e-02 8.171193788341243880e-02
2.650000000000000000e+02 2.860169987509708633e-01 1.009048443968179332e-01 1.000000000000000000e+00 0.000000000000000000e+00 6.701276706790816606e-02 6.236009390675226888e-02
2.700000000000000000e+02 3.367399059051801036e-02 2.334917219578713232e-01 0.000000000000000000e+00 0.000000000000000000e+00 7.106556404700660468e-02 8.560883959881970817e-02
2.750000000000000000e+02 5.697752001072763084e-02 1.304998192552647429e-01 0.000000000000000000e+00 0.000000000000000000e+00 7.124337321601960371e-02 8.531990439431880180e-02
2.800000000000000000e+02 1.439665310562719958e-01 1.646417268067495998e-01 0.000000000000000000e+00 0.000000000000000000e+00 4.935430302057797203e-02 7.277141763838029798e-02
2.850000000000000000e+02 2.078200041694136802e-01 1.768939183002254112e-01 0.000000000000000000e+00 0.000000000000000000e+00 7.921157338369509693e-02 1.032246320514618870e-01
2.900000000000000000e+02 9.632653571289058470e-02 1.307517721437878866e-01 0.000000000000000000e+00 0.000000000000000000e+00 8.548950111916883698e-02 8.042777328405928405e-02
2.950000000000000000e+02 2.408988024932513794e-01 2.012310109912862077e-01 0.000000000000000000e+00 0.000000000000000000e+00 7.253634265641548118e-02 7.066120277915778625e-02
3.000000000000000000e+02 6.342848075440463140e-02 1.367724951311452830e-01 0.000000000000000000e+00 0.000000000000000000e+00 5.627799397598261255e-02 8.837537520235087818e-02
3.050000000000000000e+02 1.476411561079578605e-01 2.684133740217449215e-01 0.000000000000000000e+00 0.000000000000000000e+00 8.594877300132550135e-02 8.992682257597171824e-02
3.100000000000000000e+02 1.208356985694893498e-01 1.425284073571285726e-01 0.000000000000000000e+00 0.000000000000000000e+00 9.411685495782252941e-02 8.948698659423705293e-02
3.150000000000000000e+02 2.704244785285341707e-02 2.142923613303187036e-01 0.000000000000000000e+00 0.000000000000000000e+00 7.304012101477856678e-02 7.667219788313282824e-02
3.200000000000000000e+02 1.802310184109472690e-01 1.517428546126567412e-01 0.000000000000000000e+00 0.000000000000000000e+00 6.733656025019291169e-02 9.553038519467957346e-02
3.250000000000000000e+02 1.319049015607578201e-01 2.775072296458430121e-01 0.000000000000000000e+00 0.000000000000000000e+00 6.097206839180793758e-02 8.803100098361507642e-02
3.300000000000000000e+02 9.239509718905394853e-02 1.550003379158973460e-01 0.000000000000000000e+00 0.000000000000000000e+00 7.426062427801598254e-02 1.054634853221770446e-01
3.350000000000000000e+02 8.318192148404821018e-02 3.144774652940131032e-01 0.000000000000000000e+00 1.000000000000000000e+00 8.251859016549766002e-02 6.789443192869668020e-02
3.400000000000000000e+02 1.710136395766399531e-01 1.956294578966842335e-01 0.000000000000000000e+00 0.000000000000000000e+00 7.377398964954016980e-02 1.054830750365246261e-01
3.450000000000000000e+02 9.638686764771463300e-02 2.439554346000592788e-01 0.000000000000000000e+00 0.000000000000000000e+00 8.881570707852116942e-02 9.334889794623484061e-02
3.500000000000000000e+02 1.389632541282708189e-01 2.204671333702073466e-01 0.000000000000000000e+00 0.000000000000000000e+00 7.329533328961544691e-02 9.306597327908301687e-02
3.550000000000000000e+02 9.620853290611590392e-02 5.390923084891473260e-02 0.000000000000000000e+00 0.000000000000000000e+00 8.581019985069501810e-02 7.573235068014705362e-02
3.600000000000000000e+02 0.000000000000000000e+00 4.146023927930937714e-02 0.000000000000000000e+00 0.000000000000000000e+00 0.000000000000000000e+00 7.612760713087676767e-02
3.650000000000000000e+02 1.639004866106640590e-01 1.575739344395561681e-01 0.000000000000000000e+00 0.000000000000000000e+00 6.263895672374557300e-02 5.602650225489852476e-02
3.700000000000000000e+02 1.595679204560572773e-01 3.411249218460631061e-02 0.000000000000000000e+00 0.000000000000000000e+00 9.202720560378196968e-02 8.738675668104861627e-02
3.750000000000000000e+02 1.144964534424990632e-01 1.740817765033528530e-01 0.000000000000000000e+00 0.000000000000000000e+00 5.879871927674207993e-02 6.241590185970918858e-02
3.800000000000000000e+02 1.533926621169766080e-01 2.080468061794694401e-01 0.000000000000000000e+00 0.000000000000000000e+00 4.987897565791421517e-02 9.301926896248588483e-02
3.850000000000000000e+02 4.885053363028930146e-02 1.162272768532508077e-01 0.000000000000000000e+00 0.000000000000000000e+00 9.648898029468820636e-02 8.835673175488006903e-02
3.900000000000000000e+02 1.531641618301896046e-01 1.430232492577534487e-01 0.000000000000000000e+00 0.000000000000000000e+00 7.460432252040063994e-02 8.172229923895488191e-02
3.950000000000000000e+02 3.106606970360886733e-02 1.944144603607866895e-01 0.000000000000000000e+00 0.000000000000000000e+00 9.042174207498933358e-02 8.894920938073369587e-02
4.000000000000000000e+02 1.854238300761891778e-01 2.007619005011952174e-01 0.000000000000000000e+00 0.000000000000000000e+00 8.150823108810470452e-02 8.462535795498388191e-02
4.050000000000000000e+02 4.152110408257579655e-02 3.709882863692575555e-02 0.000000000000000000e+00 0.000000000000000000e+00 7.736193824475021130e-02 8.962929824077532637e-02
4.100000000000000000e+02 2.054316209422403783e-01 1.705331546949016008e-01 0.000000000000000000e+00 0.000000000000000000e+00 1.108611639665644105e-01 1.010566449018787533e-01
4.150000000000000000e+02 1.162865349027057127e-01 1.412730102999383841e-01 0.000000000000000000e+00 0.000000000000000000e+00 1.071621290608026217e-01 1.098485978141612862e-01
4.200000000000000000e+02 2.124807556363394415e-03 1.793271917797887582e-01 0.000000000000000000e+00 0.000000000000000000e+00 3.741560849461379734e-02 7.848027737789842195e-02
4.250000000000000000e+02 1.086657841227028631e-01 1.922734292847013693e-01 0.000000000000000000e+00 0.000000000000000000e+00 7.412044472765341729e-02 1.058065809088332698e-01
4.300000000000000000e+02 1.204940130087227834e-01 2.440381283969220161e-01 0.000000000000000000e+00 0.000000000000000000e+00 7.244471152993869900e-02 1.089880319289038418e-01
4.350000000000000000e+02 1.453990390779473230e-01 1.617408590813974034e-01 0.000000000000000000e+00 0.000000000000000000e+00 6.878893177049015539e-02 8.565971287872470308e-02
4.400000000000000000e+02 1.790801853701142754e-01 1.134614029879734975e-01 0.000000000000000000e+00 0.000000000000000000e+00 9.259013245091543554e-02 7.461408687093355752e-02
4.450000000000000000e+02 9.481267784859573333e-02 9.977660448853177544e-02 0.000000000000000000e+00 0.000000000000000000e+00 7.822289393852793760e-02 8.370698699650470920e-02
4.500000000000000000e+02 6.126614793916255325e-02 2.549384704241338673e-01 0.000000000000000000e+00 0.000000000000000000e+00 6.753117890844129168e-02 8.613247449724988070e-02
4.550000000000000000e+02 1.313049598216087799e-01 1.373072859380891908e-01 0.000000000000000000e+00 0.000000000000000000e+00 4.886876263759432765e-02 6.624132976682704788e-02
4.600000000000000000e+02 8.305127863165365221e-02 1.210752154737674696e-01 0.000000000000000000e+00 0.000000000000000000e+00 8.283721081521931706e-02 5.556427626253767488e-02
4.650000000000000000e+02 1.758112628203837013e-01 2.127312283060456832e-01 0.000000000000000000e+00 0.000000000000000000e+00 8.200278870623980976e-02 6.224911972451643155e-02
4.700000000000000000e+02 4.221343230026527310e-02 1.785991444907117365e-01 0.000000000000000000e+00 0.000000000000000000e+00 5.003734068219575087e-02 8.793174510924448017e-02
4.750000000000000000e+02 1.622715311236770375e-01 1.982973636894407865e-01 0.000000000000000000e+00 0.000000000000000000e+00 8.415282344176487628e-02 6.802350072423810068e-02
4.800000000000000000e+02 2.141106285019539202e-01 2.087491898823856107e-01 0.000000000000000000e+00 0.000000000000000000e+00 7.827757920518856050e-02 5.852512266985261669e-02
4.850000000000000000e+02 2.406445935494367916e-01 4.772565929078910474e-02 1.000000000000000000e+00 0.000000000000000000e+00 6.547822665012138776e-02 5.411497731273835071e-02
4.900000000000000000e+02 2.638117742574386804e-01 2.807045766624661348e-02 1.000000000000000000e+00 0.000000000000000000e+00 6.031468980003412000e-02 8.425486659020894886e-02
4.950000000000000000e+02 2.341885079510106493e-01 8.426028918959974079e-02 0.000000000000000000e+00 0.000000000000000000e+00 6.959966852408745741e-02 7.743733457716384105e-02
