0.000000000000000000e+00 0.000000000000000000e+00 0.000000000000000000e+00 0.000000000000000000e+00 0.000000000000000000e+00 0.000000000000000000e+00 0.000000000000000000e+00
5.000000000000000000e+00 9.516578971280950094e-01 6.769489916396538298e-01 1.000000000000000000e+00 1.000000000000000000e+00 9.915937031838169269e-02 1.148045914301939752e-01
1.000000000000000000e+01 1.141309827664944043e+00 7.468269339277515684e-01 1.000000000000000000e+00 1.000000000000000000e+00 1.124463672260845037e-01 9.535301692062189693e-02
1.500000000000000000e+01 8.958780571680338145e-01 1.017459012776160243e+00 1.000000000000000000e+00 1.000000000000000000e+00 1.051973304430796619e-01 9.235073160907147916e-02
2.000000000000000000e+01 7.857101834168430665e-01 7.410218459344362074e-01 1.000000000000000000e+00 1.000000000000000000e+00 1.093216407285595715e-01 6.735710420104010221e-02
2.500000000000000000e+01 8.924004651746837435e-01 7.310974441115042355e-01 1.000000000000000000e+00 1.000000000000000000e+00 1.417534544436447053e-01 8.743836321286684032e-02
3.000000000000000000e+01 7.924438973129392938e-01 8.234641109419615912e-01 1.000000000000000000e+00 1.000000000000000000e+00 1.401035506478152670e-01 7.308100802028509591e-02
3.500000000000000000e+01 8.367905309232188671e-01 8.097716618537178501e-01 1.000000000000000000e+00 1.000000000000000000e+00 1.285630627570583384e-01 6.386220977353718187e-02
4.000000000000000000e+01 6.788400602858880584e-01 6.989624680080922525e-01 1.000000000000000000e+00 1.000000000000000000e+00 1.251879399564603257e-01 8.682037022949244676e-02
4.500000000000000000e+01 5.819896837812811308e-01 6.435895896124557147e-01 1.000000000000000000e+00 1.000000000000000000e+00 7.557785056832234949e-02 8.755256191544658062e-02
5.000000000000000000e+01 7.742809094502207667e-01 4.642081501146281819e-01 1.000000000000000000e+00 1.000000000000000000e+00 1.022027443636555760e-01 9.369986292835470743e-02
5.500000000000000000e+01 5.598015497531140250e-01 4.991548896692948878e-01 1.000000000000000000e+00 1.000000000000000000e+00 6.750958910148016634e-02 5.182706597825260941e-02
6.000000000000000000e+01 6.319334091710473444e-01 5.942322420189490861e-01 1.000000000000000000e+00 1.000000000000000000e+00 8.844554649357173892e-02 8.973889611341230588e-02
6.500000000000000000e+01 5.292036826348478495e-01 5.504696540115532333e-01 1.000000000000000000e+00 1.000000000000000000e+00 8.428107674423955531e-02 7.890698429922324286e-02
7.000000000000000000e+01 6.924425969965026795e-01 5.277517995063880640e-01 1.000000000000000000e+00 1.000000000000000000e+00 1.019759139395787217e-01 6.319941475426442412e-02
7.500000000000000000e+01 5.000613076262792056e-01 5.792537210918372592e-01 1.000000000000000000e+00 1.000000000000000000e+00 6.122126471486280530e-02 9.819917677339415341e-02
8.000000000000000000e+01 3.777465288343346828e-01 4.068524653923805690e-01 1.000000000000000000e+00 1.000000000000000000e+00 8.279403447874351951e-02 1.096930692304171895e-01
8.500000000000000000e+01 4.842025476226315961e-01 3.599037530304373123e-01 1.000000000000000000e+00 0.000000000000000000e+00 6.725430346094292411e-02 1.020826190831543856e-01
9.000000000000000000e+01 5.488784680301226349e-01 4.290340987368296277e-01 1.000000000000000000e+00 1.000000000000000000e+00 1.099191343939559529e-01 1.176552584815122177e-01
9.500000000000000000e+01 3.550141766843469271e-01 2.937697821549242194e-01 1.000000000000000000e+00 0.000000000000000000e+00 8.854614443355787734e-02 1.056192135963711504e-01
1.000000000000000000e+02 3.985811056572260980e-01 3.975884574587201792e-01 1.000000000000000000e+00 1.000000000000000000e+00 8.526775276189821340e-02 6.731176581415326821e-02
1.050000000000000000e+02 5.275152652226062777e-01 4.295881292443622934e-01 1.000000000000000000e+00 1.000000000000000000e+00 9.948187709779270083e-02 7.935572508291915961e-02
1.100000000000000000e+02 5.649172007489084990e-01 3.141300791431887451e-01 1.000000000000000000e+00 1.000000000000000000e+00 1.025680361748623759e-01 7.574579843163281589e-02
1.150000000000000000e+02 4.448587766715804692e-01 4.889617614236422827e-01 1.000000000000000000e+00 1.000000000000000000e+00 5.154560039043943470e-02 1.223510042722522895e-01
1.200000000000000000e+02 3.816185357483203311e-01 3.866829059291929105e-01 1.000000000000000000e+00 1.000000000000000000e+00 6.552658272933281625e-02 8.851207714314678066e-02
1.250000000000000000e+02 4.249375409009978344e-01 1.784600561393601403e-01 1.000000000000000000e+00 0.000000000000000000e+00 9.317790365697468935e-02 6.098336033957484081e-02
1.300000000000000000e+02 3.680886231159667399e-01 2.030875197364966633e-01 1.000000000000000000e+00 0.000000000000000000e+00 9.203831113766508532e-02 5.887152418951124844e-02
1.350000000000000000e+02 4.642414201017676101e-01 2.890557300052542522e-01 1.000000000000000000e+00 0.000000000000000000e+00 8.603669719583745268e-02 1.053754600416697967e-01
1.400000000000000000e+02 2.894273555100774775e-01 3.629877963909597938e-01 1.000000000000000000e+00 1.000000000000000000e+00 7.815179811181943714e-02 8.947965564557196216e-02
1.450000000000000000e+02 3.492056376500108361e-01 3.147552952205191490e-01 1.000000000000000000e+00 0.000000000000000000e+00 9.637582663063871957e-02 1.127237638684103482e-01
1.500000000000000000e+02 3.228009771912425663e-01 2.835075327797895173e-01 1.000000000000000000e+00 0.000000000000000000e+00 8.880517128572792962e-02 1.050603905490322815e-01
1.550000000000000000e+02 4.097383366844602470e-01 2.448365996231576247e-01 1.000000000000000000e+00 0.000000000000000000e+00 9.550127585243615991e-02 9.528472190603748393e-02
1.600000000000000000e+02 1.958170931541430293e-01 2.663681503183340515e-01 0.000000000000000000e+00 0.000000000000000000e+00 7.981934732354942219e-02 1.025687041045978826e-01
1.650000000000000000e+02 3.093975979319526504e-01 3.056147570017418436e-01 0.000000000000000000e+00 0.000000000000000000e+00 9.836920488271598539e-02 1.005549409151330481e-01
1.700000000000000000e+02 2.913145740007289097e-01 2.743660915453348670e-01 0.000000000000000000e+00 0.000000000000000000e+00 1.076885792720599644e-01 8.676036881651945365e-02
1.750000000000000000e+02 3.675026807537002393e-01 2.256091270889735156e-01 1.000000000000000000e+00 0.000000000000000000e+00 8.647624310270882186e-02 8.392529191513593834e-02
1.800000000000000000e+02 1.513019952284191116e-01 3.858033316249254163e-01 0.000000000000000000e+00 1.000000000000000000e+00 9.280275888985062283e-02 9.424006742106871837e-02
1.850000000000000000e+02 4.031833568640956211e-01 2.668737038297880337e-01 1.000000000000000000e+00 0.000000000000000000e+00 8.329959043694179499e-02 9.436448588755082245e-02
1.900000000000000000e+02 3.202831483397072798e-01 2.888678974219779927e-01 1.000000000000000000e+00 0.000000000000000000e+00 6.889248925772216425e-02 1.124723750249936177e-01
1.950000000000000000e+02 3.757738748387383643e-01 1.455756372150162070e-01 0.000000000000000000e+00 0.000000000000000000e+00 1.056056723920300311e-01 1.044172758849377103e-01
2.000000000000000000e+02 2.490046703341845247e-01 2.433401992892204324e-01 0.000000000000000000e+00 0.000000000000000000e+00 1.090633050468552273e-01 8.648689869143892650e-02
2.050000000000000000e+02 3.116667867112635770e-01 2.610794914209865758e-01 1.000000000000000000e+00 0.000000000000000000e+00 7.920687759290413743e-02 7.466947973862599064e-02
2.100000000000000000e+02 2.107179719741797963e-01 1.141543646421462332e-01 0.000000000000000000e+00 0.000000000000000000e+00 6.588036973198600765e-02 6.944390094779177847e-02
2.150000000000000000e+02 1.972659404168865538e-01 2.409718063107226249e-01 0.000000000000000000e+00 0.000000000000000000e+00 9.169978054438639170e-02 8.680755206397591794e-02
2.200000000000000000e+02 2.417027607956325763e-01 1.644031992848753176e-01 0.000000000000000000e+00 0.000000000000000000e+00 7.426222723999614805e-02 7.695302583333583912e-02
2.250000000000000000e+02 2.493622105661252308e-01 2.281490340707707232e-01 0.000000000000000000e+00 0.000000000000000000e+00 7.735748546989550112e-02 1.092401806451960417e-01
2.300000000000000000e+02 2.051154639709099892e-01 2.215937619995079488e-01 0.000000000000000000e+00 1.000000000000000000e+00 1.172024728966663543e-01 5.903090653111285613e-02
2.350000000000000000e+02 2.788460727568315423e-01 3.213842159162271783e-01 0.000000000000000000e+00 0.000000000000000000e+00 1.100368179421561121e-01 9.635445921228627530e-02
2.400000000000000000e+02 2.028706497428522382e-01 1.804928671689703668e-01 0.000000000000000000e+00 0.000000000000000000e+00 9.392477207775427883e-02 1.125404752376694129e-01
2.450000000000000000e+02 2.060438622673736175e-01 2.270754803000066269e-01 0.000000000000000000e+00 0.000000000000000000e+00 7.897138351235279130e-02 9.467927215225087345e-02
2.500000000000000000e+02 3.193429688824221957e-01 1.917563620815974645e-01 0.000000000000000000e+00 0.000000000000000000e+00 9.658578445945979751e-02 9.803504613680674717e-02
2.550000000000000000e+02 1.136366933056440764e-01 1.401297820215937351e-01 0.000000000000000000e+00 0.000000000000000000e+00 6.826581993298633244e-02 8.688150689633138135e-02
2.600000000000000000e+02 2.562595851651293666e-01 3.239888443658869299e-01 0.000000000000000000e+00 1.000000000000000000e+00 8.084824293267542372e-02 7.813489119496973279e-02
2.650000000000000000e+02 2.277233320335421141e-01 2.620851715710095786e-01 0.000000000000000000e+00 1.000000000000000000e+00 8.010295776992180927e-02 6.815217503014245337e-02
2.700000000000000000e+02 2.654383157126854464e-01 3.439860912005295868e-01 1.000000000000000000e+00 0.000000000000000000e+00 7.275290031465990459e-02 1.139097071536843281e-01
2.750000000000000000e+02 1.070199948762439873e-01 2.084150195747803413e-01 0.000000000000000000e+00 0.000000000000000000e+00 5.793826112438411197e-02 7.011292995901192981e-02
2.800000000000000000e+02 1.914723364327097221e-01 2.191389666629791066e-01 0.000000000000000000e+00 0.000000000000000000e+00 6.997877323930544458e-02 8.793304563458441414e-02
2.850000000000000000e+02 1.899059664633473976e-01 2.334909864163115523e-01 0.000000000000000000e+00 0.000000000000000000e+00 9.860884402583242059e-02 7.486819654083519404e-02
2.900000000000000000e+02 1.403336210826596764e-01 2.156346509587689086e-01 0.000000000000000000e+00 0.000000000000000000e+00 6.168228934212814651e-02 7.124381047398903322e-02
2.950000000000000000e+02 1.330662241611562657e-01 1.633313662388267418e-01 0.000000000000000000e+00 0.000000000000000000e+00 6.851903636870750047e-02 9.204580240096836563e-02
3.000000000000000000e+02 2.541006663420853351e-01 1.969891268109675297e-01 0.000000000000000000e+00 0.000000000000000000e+00 8.191738433461701052e-02 9.789629759754626959e-02
3.050000000000000000e+02 8.478563731399166303e-02 2.892165567528380832e-01 0.000000000000000000e+00 0.000000000000000000e+00 7.500131626529255024e-02 1.000194197030489507e-01
3.100000000000000000e+02 2.432528322501917306e-01 3.389827995451021314e-01 0.000000000000000000e+00 1.000000000000000000e+00 7.173697415409988065e-02 8.381061542721700286e-02
3.150000000000000000e+02 2.299445574554369320e-01 1.013678564979373781e-01 0.000000000000000000e+00 0.000000000000000000e+00 7.686398770027949578e-02 8.236611305124086346e-02
3.200000000000000000e+02 1.518732410393292542e-01 1.622941840854910389e-01 1.000000000000000000e+00 0.000000000000000000e+00 4.056319428864518795e-02 1.062300660348531323e-01
3.250000000000000000e+02 2.531232225986257411e-01 2.368028090489071591e-01 0.000000000000000000e+00 1.000000000000000000e+00 8.803303406450560531e-02 6.026750591699862880e-02
3.300000000000000000e+02 1.427861753228692743e-01 1.459344513864407888e-01 0.000000000000000000e+00 0.000000000000000000e+00 5.209933277608159302e-02 6.782663620471292287e-02
3.350000000000000000e+02 1.877275663024056684e-01 2.911670727873289510e-01 0.000000000000000000e+00 1.000000000000000000e+00 9.172816040194599341e-02 7.168697276088083215e-02
3.400000000000000000e+02 1.572918904607001900e-01 2.550809672488768554e-01 0.000000000000000000e+00 0.000000000000000000e+00 8.321049826288821893e-02 1.047465044253300948e-01
3.450000000000000000e+02 2.427099826178590880e-01 1.813446267902560360e-01 0.000000000000000000e+00 0.000000000000000000e+00 1.029380635511497749e-01 6.826839466208689533e-02
3.500000000000000000e+02 3.125773853383027046e-01 2.964112488785479171e-01 1.000000000000000000e+00 1.000000000000000000e+00 8.145866907200151330e-02 6.899020505924506608e-02
3.550000000000000000e+02 1.548416971727263891e-01 1.755623769987216254e-01 0.000000000000000000e+00 0.000000000000000000e+00 1.084403645067032462e-01 9.616691794197673726e-02
3.600000000000000000e+02 1.843001235639929181e-01 1.184387004057535497e-01 0.000000000000000000e+00 0.000000000000000000e+00 7.379965397093378454e-02 8.954570151515572896e-02
3.650000000000000000e+02 2.165937673260406593e-01 1.617857237698486772e-01 0.000000000000000000e+00 0.000000000000000000e+00 6.868678141740655607e-02 9.237215750409928650e-02
3.700000000000000000e+02 1.550065682097478414e-01 9.691548411436581856e-02 0.000000000000000000e+00 0.000000000000000000e+00 7.171672685829150184e-02 5.925739740108190712e-02
3.750000000000000000e+02 1.588866186161574101e-01 1.582305362253973169e-01 0.000000000000000000e+00 0.000000000000000000e+00 6.843398458130714457e-02 6.894213036744782641e-02
3.800000000000000000e+02 2.059539813138521469e-01 1.742803802963239224e-01 0.000000000000000000e+00 0.000000000000000000e+00 9.982312424612790891e-02 7.884938535164390250e-02
3.850000000000000000e+02 1.487820340485157267e-01 1.404146869917345664e-01 0.000000000000000000e+00 0.000000000000000000e+00 1.164106543726070447e-01 7.862577237330249658e-02
3.900000000000000000e+02 1.857116304493203196e-01 1.109913340391549819e-01 0.000000000000000000e+00 0.000000000000000000e+00 1.054616477527314106e-01 7.887209314145203487e-02
3.950000000000000000e+02 3.074862511628667638e-01 2.855228488996684466e-01 0.000000000000000000e+00 0.000000000000000000e+00 9.188744743356540290e-02 9.025662824252797534e-02
4.000000000000000000e+02 2.381515466771388090e-01 2.749454409232300334e-01 0.000000000000000000e+00 0.000000000000000000e+00 6.922476282410224002e-02 1.030197050584882729e-01
4.050000000000000000e+02 1.380404465382450430e-01 2.415006335708626550e-01 0.000000000000000000e+00 0.000000000000000000e+00 7.685372291588449256e-02 1.072527319700010556e-01
4.100000000000000000e+02 3.295135054333051539e-01 2.296438462079975762e-01 0.000000000000000000e+00 0.000000000000000000e+00 1.077607108792124069e-01 9.093544157849968446e-02
4.150000000000000000e+02 2.223694422345677268e-01 2.727626185916642299e-01 0.000000000000000000e+00 0.000000000000000000e+00 9.262479770653865574e-02 7.967731839370105484e-02
4.200000000000000000e+02 1.704211908338341686e-01 1.136743937096769547e-01 0.000000000000000000e+00 0.000000000000000000e+00 8.852693676331778450e-02 7.336883960460562071e-02
4.250000000000000000e+02 2.274568788966680744e-01 1.650054166701486191e-01 0.000000000000000000e+00 0.000000000000000000e+00 7.532029147369712074e-02 7.704378627396911428e-02
4.300000000000000000e+02 3.498811094264596133e-01 2.686149620567921392e-01 1.000000000000000000e+00 0.000000000000000000e+00 9.194649064446396014e-02 9.503831743881847871e-02
4.350000000000000000e+02 1.770125993700700506e-01 3.085254835794242756e-01 0.000000000000000000e+00 0.000000000000000000e+00 1.016483993009026643e-01 1.099451442059001388e-01
4.400000000000000000e+02 1.757131378632351415e-01 2.205308930548314783e-01 0.000000000000000000e+00 0.000000000000000000e+00 8.018808511848263265e-02 7.878813639512585731e-02
4.450000000000000000e+02 7.804477564348211160e-02 1.542337737446423940e-01 0.000000000000000000e+00 0.000000000000000000e+00 3.635037362299235048e-02 7.367146524878723235e-02
4.500000000000000000e+02 3.058712926845583713e-01 1.954739490240002542e-01 1.000000000000000000e+00 0.000000000000000000e+00 7.533506921730635797e-02 7.878029810697580182e-02
4.550000000000000000e+02 2.038367664991753703e-01 1.399289417412701020e-01 0.000000000000000000e+00 0.000000000000000000e+00 8.309801611882861039e-02 5.423795281683455038e-02
4.600000000000000000e+02 1.876069965666067318e-01 2.051186769284415179e-01 0.000000000000000000e+00 0.000000000000000000e+00 5.796749771672092544e-02 7.902427872230817496e-02
4.650000000000000000e+02 2.539084690763235841e-01 1.967142404265587730e-01 0.000000000000000000e+00 0.000000000000000000e+00 9.852364041935027239e-02 9.145499002468750194e-02
4.700000000000000000e+02 2.469024372065337369e-01 2.605356462989837363e-01 1.000000000000000000e+00 0.000000000000000000e+00 6.603010862221880828e-02 9.447793574248633530e-02
4.750000000000000000e+02 1.447481335878381681e-01 2.380899544655821765e-01 0.000000000000000000e+00 0.000000000000000000e+00 6.801244301901816780e-02 7.527858692510801253e-02
4.800000000000000000e+02 1.816441633737386208e-01 2.683896996722959227e-01 0.000000000000000000e+00 0.000000000000000000e+00 7.315777035178661070e-02 8.701533177654612039e-02
4.850000000000000000e+02 3.133187581916129227e-01 4.362303209907752999e-02 1.000000000000000000e+00 0.000000000000000000e+00 6.788237350318969410e-02 7.991588691352960461e-02
4.900000000000000000e+02 2.669007739773402443e-01 8.451103558281439221e-02 0.000000000000000000e+00 0.000000000000000000e+00 7.666395277794446628e-02 7.709963287254509301e-02
4.950000000000000000e+02 9.764429526596357656e-02 1.035981022887380032e-01 0.000000000000000000e+00 0.000000000000000000e+00 9.373326497442117933e-02 7.377561292683845751e-02
