0.000000000000000000e+00 0.000000000000000000e+00 0.000000000000000000e+00 0.000000000000000000e+00 0.000000000000000000e+00 0.000000000000000000e+00 0.000000000000000000e+00
5.000000000000000000e+00 6.892968681129091335e-01 6.543375561465925028e-01 1.000000000000000000e+00 1.000000000000000000e+00 9.923543857704672511e-02 1.385019285980373660e-01
1.000000000000000000e+01 5.477085077187850981e-01 6.446856030882557320e-01 1.000000000000000000e+00 1.000000000000000000e+00 1.187051155453570234e-01 1.421171946238413697e-01
1.500000000000000000e+01 5.972976690196983851e-01 4.172103689211755784e-01 1.000000000000000000e+00 1.000000000000000000e+00 9.176832018100788968e-02 1.077042789664985067e-01
2.000000000000000000e+01 4.117518434677996941e-01 5.218595606189427860e-01 1.000000000000000000e+00 1.000000000000000000e+00 8.229313949395911099e-02 1.164401778646914215e-01
2.500000000000000000e+01 4.832506352667934602e-01 5.861370304552394606e-01 1.000000000000000000e+00 1.000000000000000000e+00 1.324302268150736595e-01 1.122628662517052567e-01
3.000000000000000000e+01 4.044687952172633105e-01 5.059817628688766389e-01 0.000000000000000000e+00 1.000000000000000000e+00 1.328468179476618438e-01 1.025809032666393644e-01
3.500000000000000000e+01 3.178520304112529837e-01 3.857510434162435553e-01 0.000000000000000000e+00 0.000000000000000000e+00 1.161534935496104370e-01 1.281924098992882621e-01
4.000000000000000000e+01 3.382907060356086792e-01 5.039810438355269984e-01 1.000000000000000000e+00 1.000000000000000000e+00 9.203101373625335868e-02 1.289178817318279435e-01
4.500000000000000000e+01 4.334913873221992731e-01 3.615073547887470151e-01 1.000000000000000000e+00 0.000000000000000000e+00 8.437992480433813280e-02 1.237278235614364397e-01
5.000000000000000000e+01 4.206078360733960797e-01 3.948214741729342281e-01 0.000000000000000000e+00 0.000000000000000000e+00 1.233763782535369918e-01 1.316477241966326484e-01
5.500000000000000000e+01 2.484528521639524923e-01 4.280974483341198900e-01 0.000000000000000000e+00 1.000000000000000000e+00 1.454296597255256285e-01 1.038148549439781576e-01
6.000000000000000000e+01 5.028172720912305049e-01 3.609474624329652159e-01 1.000000000000000000e+00 0.000000000000000000e+00 9.343330182901006531e-02 1.490683089878751810e-01
6.500000000000000000e+01 3.010589814978082979e-01 3.994293675178647307e-01 0.000000000000000000e+00 0.000000000000000000e+00 1.013165198136700695e-01 1.417612238044866080e-01
7.000000000000000000e+01 2.608258159491535499e-01 4.008410275269641554e-01 0.000000000000000000e+00 0.000000000000000000e+00 8.733083586223470973e-02 1.383143374580029783e-01
7.500000000000000000e+01 3.019772196539590725e-01 5.293442745343761580e-01 0.000000000000000000e+00 0.000000000000000000e+00 1.235381474912951721e-01 1.509285452772465563e-01
8.000000000000000000e+01 3.195471824740401257e-01 3.313277250037708899e-01 0.000000000000000000e+00 0.000000000000000000e+00 1.056023106177204629e-01 9.827332924121708058e-02
8.500000000000000000e+01 1.825907686618863379e-01 5.565005294159806049e-01 0.000000000000000000e+00 1.000000000000000000e+00 1.239153679848381262e-01 1.189082555250473988e-01
9.000000000000000000e+01 3.983710630832759669e-01 3.778781462746167441e-01 0.000000000000000000e+00 0.000000000000000000e+00 1.211720870805074041e-01 1.171293739614590462e-01
9.500000000000000000e+01 3.333735306769644580e-01 4.373818256653964065e-01 0.000000000000000000e+00 1.000000000000000000e+00 1.140374549239822760e-01 1.087933772702270596e-01
1.000000000000000000e+02 2.964275532461517759e-01 3.475534783579530829e-01 0.000000000000000000e+00 0.000000000000000000e+00 1.123218006484125731e-01 1.030759955518183724e-01
1.050000000000000000e+02 2.051779501483765866e-01 4.848721814194059121e-01 0.000000000000000000e+00 1.000000000000000000e+00 9.790700992809545089e-02 1.322284736103303548e-01
1.100000000000000000e+02 2.275353433249365231e-01 4.736434504274037449e-01 0.000000000000000000e+00 1.000000000000000000e+00 9.951890926859348341e-02 1.282056737721462003e-01
1.150000000000000000e+02 2.244652918856052393e-01 4.483680960330954091e-01 0.000000000000000000e+00 0.000000000000000000e+00 1.243949740820304295e-01 1.331159340356085352e-01
1.200000000000000000e+02 1.790560790899834998e-01 3.980249570862787190e-01 0.000000000000000000e+00 1.000000000000000000e+00 9.276055180784215093e-02 1.111212488258130210e-01
1.250000000000000000e+02 1.837966882120072309e-01 4.783559270764785043e-01 0.000000000000000000e+00 0.000000000000000000e+00 1.009161527226202226e-01 1.463443092914154253e-01
1.300000000000000000e+02 2.471170484939052003e-01 4.253970931897811947e-01 0.000000000000000000e+00 0.000000000000000000e+00 7.964148744010000891e-02 1.447720979689833820e-01
1.350000000000000000e+02 3.882465167925576721e-01 5.138265883052202110e-01 0.000000000000000000e+00 1.000000000000000000e+00 1.164879527506863660e-01 1.240919106412508022e-01
1.400000000000000000e+02 3.679256587212628160e-01 3.437105840224741193e-01 1.000000000000000000e+00 0.000000000000000000e+00 9.528128937963586953e-02 1.136693970244234270e-01
1.450000000000000000e+02 3.107124703718049941e-01 4.982598639487414438e-01 0.000000000000000000e+00 0.000000000000000000e+00 1.427295681283490547e-01 1.521669403157357714e-01
1.500000000000000000e+02 3.611993138397643910e-01 3.252340531125026968e-01 0.000000000000000000e+00 0.000000000000000000e+00 1.268911085411533746e-01 1.324299132636355680e-01
1.550000000000000000e+02 1.207442833522622549e-01 4.806892984192160934e-01 0.000000000000000000e+00 0.000000000000000000e+00 1.449350409683516916e-01 1.345110724172280670e-01
1.600000000000000000e+02 3.149440770797639622e-01 4.416117785420315411e-01 0.000000000000000000e+00 1.000000000000000000e+00 1.025334513236777351e-01 1.059491422513886422e-01
1.650000000000000000e+02 1.601023923804521243e-01 3.766056767827333784e-01 0.000000000000000000e+00 0.000000000000000000e+00 1.218391216698150870e-01 1.559470229938406394e-01
1.700000000000000000e+02 7.248224246924800385e-02 3.562672641367978232e-01 0.000000000000000000e+00 0.000000000000000000e+00 1.032141973851821298e-01 1.031449124062432665e-01
1.750000000000000000e+02 2.164691387602021844e-01 2.863427393081466876e-01 0.000000000000000000e+00 0.000000000000000000e+00 1.048153166161033267e-01 1.129590661170244009e-01
1.800000000000000000e+02 2.235649098496094445e-01 2.928601325072121564e-01 0.000000000000000000e+00 0.000000000000000000e+00 9.040432534983691704e-02 1.436913796566190449e-01
1.850000000000000000e+02 2.684839474831156592e-01 4.346654321925267905e-01 0.000000000000000000e+00 0.000000000000000000e+00 8.664569865589651088e-02 1.348329819763456616e-01
1.900000000000000000e+02 1.084084677165133848e-01 2.695342730640849505e-01 0.000000000000000000e+00 0.000000000000000000e+00 7.039343309179646457e-02 9.055348861924625292e-02
1.950000000000000000e+02 1.409472919216085973e-01 3.521440613823976218e-01 0.000000000000000000e+00 0.000000000000000000e+00 9.654098555074296095e-02 1.656498156469763117e-01
2.000000000000000000e+02 1.667461607149292036e-01 3.017612047545331078e-01 0.000000000000000000e+00 0.000000000000000000e+00 7.073403651793803981e-02 1.252072833501623739e-01
2.050000000000000000e+02 1.700939657537337557e-01 3.990414443094379982e-01 0.000000000000000000e+00 0.000000000000000000e+00 9.614741996857358031e-02 1.540034233230180016e-01
2.100000000000000000e+02 1.792211155763768493e-01 2.940025321148845294e-01 0.000000000000000000e+00 0.000000000000000000e+00 8.338044896312882259e-02 1.330623346522985806e-01
2.150000000000000000e+02 2.304316127108251011e-01 2.393567452854474253e-01 0.000000000000000000e+00 0.000000000000000000e+00 9.721402510338239544e-02 1.158526437861165936e-01
2.200000000000000000e+02 1.945129567056001485e-01 3.660468976742840552e-01 0.000000000000000000e+00 0.000000000000000000e+00 9.026169189076606314e-02 1.658018153576203968e-01
2.250000000000000000e+02 1.132847864689606222e-02 4.276276411984752945e-01 0.000000000000000000e+00 0.000000000000000000e+00 1.075974792829473836e-01 1.436102585404650522e-01
2.300000000000000000e+02 2.248557020334688850e-01 3.195682159026297930e-01 0.000000000000000000e+00 0.000000000000000000e+00 9.653280460369893790e-02 1.278186418104356181e-01
2.350000000000000000e+02 1.444588626016787836e-01 5.316826395859475252e-01 0.000000000000000000e+00 1.000000000000000000e+00 7.524816010811184730e-02 1.379770258567409313e-01
2.400000000000000000e+02 1.594872205404473664e-01 3.199112795812326104e-01 0.000000000000000000e+00 0.000000000000000000e+00 1.046813152740697639e-01 1.203119988358617720e-01
2.450000000000000000e+02 1.480079164956800697e-01 2.966604843657718038e-01 0.000000000000000000e+00 0.000000000000000000e+00 8.621542790605182804e-02 9.677627690146625716e-02
2.500000000000000000e+02 2.386005634799726605e-01 3.214999333869111853e-01 0.000000000000000000e+00 0.000000000000000000e+00 1.006855571732736265e-01 1.524989103821388081e-01
2.550000000000000000e+02 2.258329195946508494e-01 1.891175406135091330e-01 0.000000000000000000e+00 0.000000000000000000e+00 1.076671380391621691e-01 1.323955447187836199e-01
2.600000000000000000e+02 1.277589205189584021e-01 2.385525604092168517e-01 0.000000000000000000e+00 0.000000000000000000e+00 7.417393581801380587e-02 1.343800618190346408e-01
2.650000000000000000e+02 2.688597618076783435e-01 2.999494062138013950e-01 0.000000000000000000e+00 0.000000000000000000e+00 9.389338330182549208e-02 1.363012255507237980e-01
2.700000000000000000e+02 1.191893386532162785e-01 2.844849453913029236e-01 0.000000000000000000e+00 0.000000000000000000e+00 1.128735285753892648e-01 1.131366252205038836e-01
2.750000000000000000e+02 1.641255842003889187e-01 2.156612313462009101e-01 0.000000000000000000e+00 0.000000000000000000e+00 9.208767196328648819e-02 1.042988339809300113e-01
2.800000000000000000e+02 1.248648078600467642e-01 1.808361884678858500e-01 0.000000000000000000e+00 0.000000000000000000e+00 8.799305690699382732e-02 1.083983536249613633e-01
2.850000000000000000e+02 2.887748031758240463e-01 2.822866230158078138e-01 0.000000000000000000e+00 0.000000000000000000e+00 1.011196259750676840e-01 1.304658823414792945e-01
2.900000000000000000e+02 2.500864322205861856e-01 3.034082732897894763e-01 0.000000000000000000e+00 0.000000000000000000e+00 1.220375322801338647e-01 1.226480211539403564e-01
2.950000000000000000e+02 3.139869522354399312e-01 2.309952810087310682e-01 1.000000000000000000e+00 0.000000000000000000e+00 8.760553606752084776e-02 1.473338747615988709e-01
3.000000000000000000e+02 1.589280223464670239e-01 4.332173289948727524e-01 0.000000000000000000e+00 0.000000000000000000e+00 1.124724491484430794e-01 1.540368888678946280e-01
3.050000000000000000e+02 3.332103383806215291e-01 2.755781871416131956e-01 0.000000000000000000e+00 0.000000000000000000e+00 1.067058157922466111e-01 1.421807036395197343e-01
3.100000000000000000e+02 2.886275227946591415e-01 3.376913381437618988e-01 0.000000000000000000e+00 0.000000000000000000e+00 9.062222673780848115e-02 1.334535021071333039e-01
3.150000000000000000e+02 6.494148702049443167e-02 2.902518652963376189e-01 0.000000000000000000e+00 0.000000000000000000e+00 8.810597434833007668e-02 1.338545591115357369e-01
3.200000000000000000e+02 1.386795216488270477e-01 2.168367070328167667e-01 0.000000000000000000e+00 0.000000000000000000e+00 8.943883692668794239e-02 8.257772670345356336e-02
3.250000000000000000e+02 1.824227271862741973e-01 2.498311493181633036e-01 0.000000000000000000e+00 0.000000000000000000e+00 1.085787821927715890e-01 1.100316948827587682e-01
3.300000000000000000e+02 1.490549286348236968e-01 2.311643195293732744e-01 0.000000000000000000e+00 0.000000000000000000e+00 9.196931758711267280e-02 1.133311886114334310e-01
3.350000000000000000e+02 1.588514517386429847e-01 1.113434268904525543e-01 0.000000000000000000e+00 0.000000000000000000e+00 7.725694358814173823e-02 1.749681216213799795e-01
3.400000000000000000e+02 1.704276809666607495e-01 2.456320092062235505e-01 0.000000000000000000e+00 0.000000000000000000e+00 1.016065169982361127e-01 1.273444911890715403e-01
3.450000000000000000e+02 4.990469757567805864e-02 3.389858099676796854e-01 0.000000000000000000e+00 0.000000000000000000e+00 1.059986323653143853e-01 1.530910118257790553e-01
3.500000000000000000e+02 1.760105386180028098e-01 4.023677897980548757e-01 0.000000000000000000e+00 1.000000000000000000e+00 7.081417092156977455e-02 9.296497851402928114e-02
3.550000000000000000e+02 8.952341524188336952e-02 3.343944505483472662e-01 0.000000000000000000e+00 0.000000000000000000e+00 7.214390033423327686e-02 1.396414687356532514e-01
3.600000000000000000e+02 3.262799021990712284e-02 2.589341460299358078e-01 0.000000000000000000e+00 0.000000000000000000e+00 7.552651879317238970e-02 1.330597908668647023e-01
3.650000000000000000e+02 1.386369705723325962e-01 1.837604247958819215e-01 0.000000000000000000e+00 0.000000000000000000e+00 8.431977525097099357e-02 1.276025966482127738e-01
3.700000000000000000e+02 1.991950052297553619e-01 2.340509425974618973e-01 0.000000000000000000e+00 0.000000000000000000e+00 1.063269714644377723e-01 1.125706915680346060e-01
3.750000000000000000e+02 6.293669547201533043e-02 2.738216300889014798e-01 0.000000000000000000e+00 0.000000000000000000e+00 5.439930296520842368e-02 9.816975520416230949e-02
3.800000000000000000e+02 1.435512628525882628e-01 1.742821195421252467e-01 0.000000000000000000e+00 0.000000000000000000e+00 8.582855438141454019e-02 1.072987597835422663e-01
3.850000000000000000e+02 1.337499228501033977e-01 2.484103966052368107e-01 0.000000000000000000e+00 0.000000000000000000e+00 1.074345691226625543e-01 1.568532607262632383e-01
3.900000000000000000e+02 1.691841787871632696e-01 2.093490263711268451e-01 0.000000000000000000e+00 0.000000000000000000e+00 6.051462082820357330e-02 9.307446882858773363e-02
3.950000000000000000e+02 9.257243451349733698e-02 1.491883661151790219e-01 0.000000000000000000e+00 0.000000000000000000e+00 8.000578399485271108e-02 1.099299467340511538e-01
4.000000000000000000e+02 6.100917257203380961e-02 1.759062445825682885e-01 0.000000000000000000e+00 0.000000000000000000e+00 7.654091360243085729e-02 1.232383777482589787e-01
4.050000000000000000e+02 3.567132064907600070e-02 2.783794063082956072e-01 0.000000000000000000e+00 0.000000000000000000e+00 5.977762840561075264e-02 1.403776701170559305e-01
4.100000000000000000e+02 3.096160341128262328e-01 2.450773971772926829e-01 1.000000000000000000e+00 0.000000000000000000e+00 7.898804074943537035e-02 1.139195167058370262e-01
4.150000000000000000e+02 1.553783235494365089e-01 3.218499093744489614e-01 0.000000000000000000e+00 0.000000000000000000e+00 9.186311342648358080e-02 1.382216222119209414e-01
4.200000000000000000e+02 7.606863823383887280e-02 2.460536399179188982e-01 0.000000000000000000e+00 0.000000000000000000e+00 4.415425096708573000e-02 7.520687623866396943e-02
4.250000000000000000e+02 1.394418166010207016e-01 1.677186598803899753e-01 0.000000000000000000e+00 0.000000000000000000e+00 1.053240502453870603e-01 1.119890506086854420e-01
4.300000000000000000e+02 2.208538790460015111e-01 2.914261935456602393e-01 0.000000000000000000e+00 0.000000000000000000e+00 7.897287880543293892e-02 1.047952033725583348e-01
4.350000000000000000e+02 2.020864657069815495e-01 2.758583392368193499e-01 0.000000000000000000e+00 0.000000000000000000e+00 1.202225988911124060e-01 1.193257024582813769e-01
4.400000000000000000e+02 1.022705725448870978e-01 2.564626867944078126e-01 0.000000000000000000e+00 0.000000000000000000e+00 6.292937335978769642e-02 1.223852395742985877e-01
4.450000000000000000e+02 4.622362724481197255e-02 2.155446787355715377e-01 0.000000000000000000e+00 0.000000000000000000e+00 7.429214129886686779e-02 1.277251098880975155e-01
4.500000000000000000e+02 2.635930899846865572e-01 2.755359257201472345e-01 0.000000000000000000e+00 0.000000000000000000e+00 1.266283605991685712e-01 1.070307665161156357e-01
4.550000000000000000e+02 1.704359650548883387e-01 3.033817002604983215e-01 0.000000000000000000e+00 0.000000000000000000e+00 4.909038376649765140e-02 1.216186903987969137e-01
4.600000000000000000e+02 1.460771289790792626e-01 1.952273503772801455e-01 0.000000000000000000e+00 0.000000000000000000e+00 9.663176622037512875e-02 1.072933621999717785e-01
4.650000000000000000e+02 1.235864385085485989e-01 2.400783221789042354e-01 0.000000000000000000e+00 0.000000000000000000e+00 9.708742265392233950e-02 9.755484200630566705e-02
4.700000000000000000e+02 2.790060668565622626e-01 2.375434612970596382e-01 1.000000000000000000e+00 0.000000000000000000e+00 7.630620954952538337e-02 1.083771123663118119e-01
4.750000000000000000e+02 1.899162573429237777e-01 1.539976289692908951e-01 0.000000000000000000e+00 0.000000000000000000e+00 9.043514149594038265e-02 1.377993528984149951e-01
4.800000000000000000e+02 1.306403352932221651e-01 1.650557560178114724e-01 0.000000000000000000e+00 0.000000000000000000e+00 8.439200529315163402e-02 1.092047042248853739e-01
4.850000000000000000e+02 2.604193481415156275e-01 2.182299901479463067e-01 1.000000000000000000e+00 0.000000000000000000e+00 6.912365388279748113e-02 1.324181327209149606e-01
4.900000000000000000e+02 1.338249743403996384e-01 3.647047101872197272e-01 0.000000000000000000e+00 0.000000000000000000e+00 1.029606069087545400e-01 1.074179719040732756e-01
4.950000000000000000e+02 2.066744165319306659e-01 1.478946032907637320e-01 0.000000000000000000e+00 0.000000000000000000e+00 1.108372637814915712e-01 1.381992109734674623e-01
