0.000000000000000000e+00 0.000000000000000000e+00 0.000000000000000000e+00 0.000000000000000000e+00 0.000000000000000000e+00 0.000000000000000000e+00 0.000000000000000000e+00
5.000000000000000000e+00 6.861216859945449276e-01 8.192928057032649036e-01 1.000000000000000000e+00 1.000000000000000000e+00 8.213185355426246004e-02 1.142973926163253634e-01
1.000000000000000000e+01 5.441140195160850679e-01 6.810070552405349531e-01 1.000000000000000000e+00 1.000000000000000000e+00 1.123639543818223535e-01 8.033657192986966289e-02
1.500000000000000000e+01 6.203674381918260483e-01 4.775876083239885550e-01 1.000000000000000000e+00 1.000000000000000000e+00 9.130992948928226549e-02 8.745677995954355410e-02
2.000000000000000000e+01 5.670224801398602299e-01 4.467518323449023443e-01 1.000000000000000000e+00 1.000000000000000000e+00 1.134294532252164561e-01 1.130090126821762797e-01
2.500000000000000000e+01 4.096108349672665239e-01 5.215991410856789523e-01 1.000000000000000000e+00 0.000000000000000000e+00 1.075374348317014173e-01 1.703319948231855063e-01
3.000000000000000000e+01 3.472420525461292762e-01 3.454029171325435632e-01 0.000000000000000000e+00 0.000000000000000000e+00 1.160133760085784171e-01 1.317634132802176505e-01
3.500000000000000000e+01 4.221205394649379938e-01 3.546212483303939900e-01 1.000000000000000000e+00 0.000000000000000000e+00 1.119256397413392889e-01 1.199725392189963935e-01
4.000000000000000000e+01 3.961483034060692132e-01 3.227940531086966880e-01 0.000000000000000000e+00 0.000000000000000000e+00 1.170590452326548958e-01 1.196735201551663019e-01
4.500000000000000000e+01 4.470322593709755710e-01 3.839645055986458111e-01 1.000000000000000000e+00 0.000000000000000000e+00 1.086157717619088692e-01 1.587655110684274007e-01
5.000000000000000000e+01 4.193198704828683954e-01 3.729722116517852903e-01 0.000000000000000000e+00 0.000000000000000000e+00 1.562038408919804999e-01 1.635062666455979752e-01
5.500000000000000000e+01 2.865961850942431166e-01 2.640433316345137116e-01 0.000000000000000000e+00 0.000000000000000000e+00 1.382526710972608319e-01 1.401690188001907533e-01
6.000000000000000000e+01 3.980085172581623310e-01 2.265190555330379163e-01 0.000000000000000000e+00 0.000000000000000000e+00 1.272194998446472269e-01 1.285608614553268303e-01
6.500000000000000000e+01 2.392791758749384656e-01 1.923039358340002114e-01 0.000000000000000000e+00 0.000000000000000000e+00 1.047759484580768757e-01 1.206393199181545056e-01
7.000000000000000000e+01 3.306679339652840999e-01 2.196881408920006162e-01 0.000000000000000000e+00 0.000000000000000000e+00 1.388067937316972145e-01 1.360558474424114761e-01
7.500000000000000000e+01 3.174460471032513609e-01 1.925913845749878672e-01 0.000000000000000000e+00 0.000000000000000000e+00 1.232528048410470173e-01 1.108223384742320489e-01
8.000000000000000000e+01 3.216295122672126472e-01 2.798074237714683887e-01 0.000000000000000000e+00 0.000000000000000000e+00 1.077042340429644612e-01 1.313283702326764613e-01
8.500000000000000000e+01 2.151332019801741602e-01 3.518445190645158038e-01 0.000000000000000000e+00 0.000000000000000000e+00 1.336945386729335716e-01 1.190717985429829706e-01
9.000000000000000000e+01 4.976585631430750500e-01 2.129774527093442893e-01 1.000000000000000000e+00 0.000000000000000000e+00 1.358557408333687655e-01 1.303070549887691831e-01
9.500000000000000000e+01 2.974363907297905563e-01 2.613989456328876804e-01 0.000000000000000000e+00 0.000000000000000000e+00 1.344385527197526353e-01 1.390741570490736101e-01
1.000000000000000000e+02 2.418253189887939469e-01 2.530998651015859413e-01 0.000000000000000000e+00 0.000000000000000000e+00 1.009540999019374746e-01 1.259703304539364077e-01
1.050000000000000000e+02 1.929389361387090773e-01 1.939553280786144307e-01 0.000000000000000000e+00 0.000000000000000000e+00 1.154601608901318910e-01 1.238852433183825208e-01
1.100000000000000000e+02 2.101110580084196988e-01 4.355380069665424903e-01 0.000000000000000000e+00 0.000000000000000000e+00 9.203150516292546435e-02 1.312937451103446396e-01
1.150000000000000000e+02 3.178049703657456204e-01 2.588830652007687028e-01 0.000000000000000000e+00 0.000000000000000000e+00 1.121187394782466595e-01 1.600489486396183825e-01
1.200000000000000000e+02 7.998368800746616381e-02 3.091744054325956670e-01 0.000000000000000000e+00 0.000000000000000000e+00 9.943727309925635971e-02 1.500635237222467666e-01
1.250000000000000000e+02 2.285799115381158264e-01 2.961745100149195120e-01 0.000000000000000000e+00 0.000000000000000000e+00 1.157016157215750157e-01 1.182008466512791123e-01
1.300000000000000000e+02 3.432462762713204274e-01 1.993903060403041105e-01 0.000000000000000000e+00 0.000000000000000000e+00 1.639907618708621173e-01 1.557957893156005358e-01
1.350000000000000000e+02 1.865501622030503737e-01 2.441054648702391527e-01 0.000000000000000000e+00 0.000000000000000000e+00 1.205295626403954795e-01 1.404545551674890314e-01
1.400000000000000000e+02 3.263638707199229549e-01 1.541498066514451204e-01 0.000000000000000000e+00 0.000000000000000000e+00 1.320907659940758760e-01 1.389187999207013302e-01
1.450000000000000000e+02 3.962993187083631019e-01 3.417970126948153275e-01 0.000000000000000000e+00 0.000000000000000000e+00 1.551936429202934453e-01 1.235242879545646044e-01
1.500000000000000000e+02 3.791579044741973936e-01 3.233781763187931202e-01 0.000000000000000000e+00 0.000000000000000000e+00 1.502901650461996863e-01 1.176950669193528864e-01
1.550000000000000000e+02 1.086241737822301462e-01 3.324195399708380072e-01 0.000000000000000000e+00 0.000000000000000000e+00 1.491123547757682022e-01 1.518535431460931451e-01
1.600000000000000000e+02 2.708291404741400288e-01 3.022478899893855653e-01 0.000000000000000000e+00 0.000000000000000000e+00 1.210994777586012344e-01 1.395042440430953878e-01
1.650000000000000000e+02 2.308440222681843179e-01 3.289433631451508799e-01 0.000000000000000000e+00 0.000000000000000000e+00 1.249760128005512894e-01 1.225947605098859777e-01
1.700000000000000000e+02 4.141455782123117796e-02 2.776252272721208558e-01 0.000000000000000000e+00 0.000000000000000000e+00 9.898396707471254774e-02 1.206136258283824342e-01
1.750000000000000000e+02 2.369515718311725472e-01 2.215406275717416718e-01 0.000000000000000000e+00 0.000000000000000000e+00 1.145103764468607538e-01 1.525700848876845039e-01
1.800000000000000000e+02 5.066028724026298835e-02 2.741916835653819828e-01 0.000000000000000000e+00 0.000000000000000000e+00 9.578106141817727126e-02 1.147039675406646142e-01
1.850000000000000000e+02 2.308284875376988565e-01 3.003580524041395416e-01 0.000000000000000000e+00 0.000000000000000000e+00 1.012653670678535650e-01 1.254797264854956573e-01
1.900000000000000000e+02 2.148053111288198147e-01 2.436545082047469890e-01 0.000000000000000000e+00 0.000000000000000000e+00 1.339270158304589065e-01 7.682489437548178923e-02
1.950000000000000000e+02 2.751039660621769078e-01 2.678388837928860622e-01 0.000000000000000000e+00 0.000000000000000000e+00 1.598097087190561150e-01 1.503260734358655148e-01
2.000000000000000000e+02 1.400427800581645066e-01 3.339454462331917783e-01 0.000000000000000000e+00 0.000000000000000000e+00 1.033209100935378183e-01 1.096289475992022477e-01
2.050000000000000000e+02 1.662159732359142217e-01 2.218840338583639438e-01 0.000000000000000000e+00 0.000000000000000000e+00 1.206285224036209441e-01 1.654682075215972159e-01
2.100000000000000000e+02 2.068768489281410106e-01 2.231726273343007105e-01 0.000000000000000000e+00 0.000000000000000000e+00 1.072239849914964488e-01 1.544186128103526290e-01
2.150000000000000000e+02 1.838628650071712223e-01 2.907758276113514007e-01 0.000000000000000000e+00 0.000000000000000000e+00 8.299994744252375822e-02 1.193267761442690228e-01
2.200000000000000000e+02 2.117991087750254464e-01 2.489392953623431326e-01 0.000000000000000000e+00 0.000000000000000000e+00 6.840751813192245956e-02 1.389136637955725728e-01
2.250000000000000000e+02 1.761880273443220957e-01 2.842490713916270839e-01 0.000000000000000000e+00 0.000000000000000000e+00 1.134686831968549914e-01 1.176421343421348992e-01
2.300000000000000000e+02 3.449098199773810713e-01 2.954878325457888644e-01 0.000000000000000000e+00 0.000000000000000000e+00 1.226848112956691883e-01 1.445920147989397386e-01
2.350000000000000000e+02 3.797766504613688809e-01 2.477640383402799351e-01 1.000000000000000000e+00 0.000000000000000000e+00 1.033079227984959186e-01 1.121403736680769703e-01
2.400000000000000000e+02 2.373170839341660621e-01 2.307915510353684696e-01 0.000000000000000000e+00 0.000000000000000000e+00 1.255343558519896319e-01 1.023555855616442717e-01
2.450000000000000000e+02 2.076278583535836886e-01 2.044055591181358211e-01 0.000000000000000000e+00 0.000000000000000000e+00 9.700007613232562720e-02 9.491383206869007105e-02
2.500000000000000000e+02 3.742888947288086632e-01 1.357266085117931065e-01 0.000000000000000000e+00 0.000000000000000000e+00 1.073432424838237503e-01 1.207129669110774822e-01
2.550000000000000000e+02 2.219503017046454418e-01 1.988266746774015603e-01 0.000000000000000000e+00 0.000000000000000000e+00 8.836085771886668938e-02 1.295188311518445101e-01
2.600000000000000000e+02 9.276083556933903407e-02 2.960244324642434810e-01 0.000000000000000000e+00 0.000000000000000000e+00 8.638279420749035709e-02 1.171547822754797907e-01
2.650000000000000000e+02 2.878055590258965513e-01 2.186608958173217876e-01 0.000000000000000000e+00 0.000000000000000000e+00 1.385847021305004756e-01 1.007692891144822134e-01
2.700000000000000000e+02 1.982847550425551053e-01 2.934329001417547156e-01 0.000000000000000000e+00 0.000000000000000000e+00 1.588822643300970561e-01 9.453793065466538359e-02
2.750000000000000000e+02 1.387252613997457529e-01 2.839129335794961517e-01 0.000000000000000000e+00 0.000000000000000000e+00 1.227085071747975181e-01 1.130250900238630452e-01
2.800000000000000000e+02 2.602362494183490527e-01 2.501050263162013509e-01 0.000000000000000000e+00 0.000000000000000000e+00 8.227582452169426852e-02 1.215624939405593186e-01
2.850000000000000000e+02 1.982085685870842162e-01 1.430699091418718705e-01 0.000000000000000000e+00 0.000000000000000000e+00 1.015995878457645191e-01 1.207824571131752012e-01
2.900000000000000000e+02 2.801059726382099102e-01 9.742118715512645966e-02 0.000000000000000000e+00 0.000000000000000000e+00 1.039297083508555763e-01 1.160523654001243549e-01
2.950000000000000000e+02 3.355854545318849302e-01 2.678216405989847226e-01 1.000000000000000000e+00 0.000000000000000000e+00 7.535646519723751546e-02 1.308425825592226255e-01
3.000000000000000000e+02 1.756414111205995554e-01 1.094053805965911064e-01 0.000000000000000000e+00 0.000000000000000000e+00 1.313830424618949722e-01 1.307694598017223042e-01
3.050000000000000000e+02 2.656481391284665206e-01 2.439962644213775622e-01 0.000000000000000000e+00 0.000000000000000000e+00 1.145392473403334666e-01 1.171350268725054183e-01
3.100000000000000000e+02 2.392378111254889195e-01 2.702588926051596729e-01 0.000000000000000000e+00 0.000000000000000000e+00 9.506761075206922318e-02 1.251097502687668617e-01
3.150000000000000000e+02 1.537303779301873730e-01 1.939840169474922327e-01 0.000000000000000000e+00 0.000000000000000000e+00 6.671425942384855146e-02 1.199259631193655279e-01
3.200000000000000000e+02 1.355363635599490801e-01 2.148921406020914693e-01 0.000000000000000000e+00 0.000000000000000000e+00 8.021405763976474645e-02 9.183946773612661207e-02
3.250000000000000000e+02 3.352535994269527642e-01 2.369627903667776148e-01 0.000000000000000000e+00 0.000000000000000000e+00 9.403738276323167500e-02 1.161047603686737040e-01
3.300000000000000000e+02 1.846920932139025362e-01 1.772986165136833381e-01 0.000000000000000000e+00 0.000000000000000000e+00 1.084441313550280894e-01 1.061237415389621880e-01
3.350000000000000000e+02 1.388170037730886153e-01 2.882687071871724571e-01 0.000000000000000000e+00 0.000000000000000000e+00 7.159121945796420583e-02 1.200921228136625496e-01
3.400000000000000000e+02 2.522164300575923668e-01 2.069077784618170990e-01 0.000000000000000000e+00 0.000000000000000000e+00 9.644035672356722488e-02 9.575056018368764688e-02
3.450000000000000000e+02 2.217558193525729915e-01 2.514270672796262152e-01 0.000000000000000000e+00 0.000000000000000000e+00 1.423549648381573496e-01 8.812466113784454824e-02
3.500000000000000000e+02 3.369455467504476887e-01 1.989648055265744175e-01 1.000000000000000000e+00 0.000000000000000000e+00 6.602385885544366506e-02 1.027398798816148984e-01
3.550000000000000000e+02 2.788599832704236059e-01 2.679849387124412230e-01 0.000000000000000000e+00 0.000000000000000000e+00 1.134424852422657587e-01 1.121797883671156737e-01
3.600000000000000000e+02 9.917296659258471869e-02 1.454733355081120616e-01 0.000000000000000000e+00 0.000000000000000000e+00 4.834004265765141917e-02 1.307114211965942907e-01
3.650000000000000000e+02 3.217369919875117668e-01 1.437848189922116826e-01 0.000000000000000000e+00 0.000000000000000000e+00 1.122124152631184812e-01 1.109700889973503773e-01
3.700000000000000000e+02 2.254867890533980290e-01 2.193855131094367972e-01 0.000000000000000000e+00 0.000000000000000000e+00 9.539780494054989068e-02 9.614100255944423024e-02
3.750000000000000000e+02 1.000210795729601365e-01 1.036213635376903586e-01 0.000000000000000000e+00 0.000000000000000000e+00 5.984907695814339207e-02 1.585021005429551044e-01
3.800000000000000000e+02 1.839407083631857676e-01 1.887417341337406518e-01 0.000000000000000000e+00 0.000000000000000000e+00 1.011690961751092466e-01 1.210570446056597610e-01
3.850000000000000000e+02 1.852157615557814552e-01 2.187192131929727168e-01 0.000000000000000000e+00 0.000000000000000000e+00 7.784698811881617109e-02 8.003108985357622329e-02
3.900000000000000000e+02 3.384926502692577888e-01 1.171935761720693386e-01 0.000000000000000000e+00 0.000000000000000000e+00 1.138386867167440891e-01 1.042966835839154865e-01
3.950000000000000000e+02 2.230474243241066523e-01 2.817307344082266019e-01 0.000000000000000000e+00 0.000000000000000000e+00 1.286597429923062863e-01 9.432236946205872774e-02
4.000000000000000000e+02 1.352721743714430380e-01 2.789126226933459907e-01 0.000000000000000000e+00 0.000000000000000000e+00 8.975537548087768325e-02 9.040927364854189907e-02
4.050000000000000000e+02 9.163230093394567760e-03 1.588638712629286687e-01 0.000000000000000000e+00 0.000000000000000000e+00 4.630873410197494655e-02 1.161494963059835211e-01
4.100000000000000000e+02 2.639154926089321007e-01 2.777539059089615403e-01 0.000000000000000000e+00 0.000000000000000000e+00 7.993241818885177263e-02 1.122515671718800206e-01
4.150000000000000000e+02 2.681880459150798868e-01 1.836257174335346465e-01 0.000000000000000000e+00 0.000000000000000000e+00 1.079991964235426649e-01 1.205733911218032361e-01
4.200000000000000000e+02 1.444370550039059120e-01 2.086843170338632536e-01 0.000000000000000000e+00 0.000000000000000000e+00 7.503284305981694491e-02 1.111767683946493918e-01
4.250000000000000000e+02 2.341042782241093134e-01 1.589666682264345154e-01 0.000000000000000000e+00 0.000000000000000000e+00 9.662408872394186166e-02 9.900585647605240902e-02
4.300000000000000000e+02 1.898318413103780855e-01 4.500373504451225803e-02 0.000000000000000000e+00 0.000000000000000000e+00 1.021103957894338998e-01 9.869698345551222718e-02
4.350000000000000000e+02 1.706555605923915919e-01 1.140220416118455093e-01 0.000000000000000000e+00 0.000000000000000000e+00 7.827372754707802305e-02 1.072159248577313900e-01
4.400000000000000000e+02 2.317822883561227454e-01 8.412218121925296721e-02 0.000000000000000000e+00 0.000000000000000000e+00 9.275106382709595587e-02 6.795946001315233964e-02
4.450000000000000000e+02 2.268205767805885065e-01 1.783159965515096756e-01 0.000000000000000000e+00 0.000000000000000000e+00 1.067494194079697395e-01 1.039065435935666165e-01
4.500000000000000000e+02 8.714551504669172666e-02 9.120959779541638890e-02 0.000000000000000000e+00 0.000000000000000000e+00 1.223808974761549512e-01 5.044446703535680754e-02
4.550000000000000000e+02 1.216833681289035268e-01 1.593856198915842293e-01 0.000000000000000000e+00 0.000000000000000000e+00 6.469109505764208956e-02 9.446615184927112385e-02
4.600000000000000000e+02 2.926355914199955111e-01 9.448333359439642365e-02 0.000000000000000000e+00 0.000000000000000000e+00 1.028525139842269148e-01 1.080370753069955364e-01
4.650000000000000000e+02 1.669674495432478256e-01 2.137587253366154960e-01 0.000000000000000000e+00 0.000000000000000000e+00 1.315273072414934186e-01 1.399632119563953003e-01
4.700000000000000000e+02 1.693355025328487640e-01 2.564328791902418248e-01 0.000000000000000000e+00 0.000000000000000000e+00 8.010408563262533255e-02 9.128405272458778308e-02
4.750000000000000000e+02 3.611016144762477231e-01 2.421992898383449333e-01 0.000000000000000000e+00 0.000000000000000000e+00 1.058437654128762673e-01 1.025869246792247697e-01
4.800000000000000000e+02 1.734497860904753441e-01 2.368344466786347358e-01 0.000000000000000000e+00 0.000000000000000000e+00 8.818894294908147247e-02 1.106306725566457566e-01
4.850000000000000000e+02 2.670034863303828443e-01 1.961458721665851057e-01 0.000000000000000000e+00 0.000000000000000000e+00 8.610207298164926359e-02 1.073089227563749914e-01
4.900000000000000000e+02 1.127291231817073164e-01 2.662143175925272276e-01 0.000000000000000000e+00 0.000000000000000000e+00 6.924232734574951864e-02 1.003161224722847467e-01
4.950000000000000000e+02 3.529928623884383554e-01 9.800867914975344708e-02 1.000000000000000000e+00 0.000000000000000000e+00 6.958614976900438787e-02 7.264378738959760551e-02
