0.000000000000000000e+00 0.000000000000000000e+00 0.000000000000000000e+00 0.000000000000000000e+00 0.000000000000000000e+00 0.000000000000000000e+00 0.000000000000000000e+00
5.000000000000000000e+00 1.466329641272304363e+00 8.379901234159954360e-01 1.000000000000000000e+00 1.000000000000000000e+00 1.233106381768410281e-01 8.271160098069049726e-02
1.000000000000000000e+01 1.518158092462920994e+00 7.149460815510756406e-01 1.000000000000000000e+00 1.000000000000000000e+00 1.039878999649239966e-01 9.208418497369759426e-02
1.500000000000000000e+01 1.398900241902726549e+00 6.855208730413417939e-01 1.000000000000000000e+00 1.000000000000000000e+00 1.170002805894347769e-01 1.035890871731903889e-01
2.000000000000000000e+01 1.228799144768178309e+00 5.564111638343689492e-01 1.000000000000000000e+00 1.000000000000000000e+00 8.337409559849180696e-02 9.282847762812264369e-02
2.500000000000000000e+01 1.120260949093634828e+00 6.039017349090135545e-01 1.000000000000000000e+00 1.000000000000000000e+00 1.145485544985427734e-01 1.245138005212136217e-01
3.000000000000000000e+01 1.126972128254552619e+00 4.629624833532276496e-01 1.000000000000000000e+00 1.000000000000000000e+00 9.038177691406060199e-02 1.120617131146137702e-01
3.500000000000000000e+01 1.005546813363045855e+00 4.648995572032623147e-01 1.000000000000000000e+00 1.000000000000000000e+00 1.026649684980221050e-01 8.723311469964473153e-02
4.000000000000000000e+01 9.175765023904893791e-01 4.046629087895637911e-01 1.000000000000000000e+00 1.000000000000000000e+00 1.214729407416196144e-01 8.989125304761919066e-02
4.500000000000000000e+01 9.101699332718589108e-01 3.712952795161592046e-01 1.000000000000000000e+00 1.000000000000000000e+00 1.014185112966661667e-01 6.827822557219205557e-02
5.000000000000000000e+01 6.640195792437150191e-01 3.282926391384677345e-01 1.000000000000000000e+00 0.000000000000000000e+00 9.318348167495255074e-02 9.817270281599686788e-02
5.500000000000000000e+01 7.494572392368524794e-01 3.097346586685447156e-01 1.000000000000000000e+00 1.000000000000000000e+00 9.958972248500719271e-02 8.276969572393212682e-02
6.000000000000000000e+01 7.488614969614486583e-01 2.813106000390271921e-01 1.000000000000000000e+00 0.000000000000000000e+00 1.206400227916464701e-01 9.426019186870181199e-02
6.500000000000000000e+01 6.595005867429570845e-01 2.962242182333133522e-01 1.000000000000000000e+00 0.000000000000000000e+00 9.191894801497174639e-02 8.558540609562105550e-02
7.000000000000000000e+01 5.633515942163798140e-01 3.251160350257078502e-01 1.000000000000000000e+00 1.000000000000000000e+00 8.741745466587985680e-02 8.591586379506295501e-02
7.500000000000000000e+01 6.147163926197364292e-01 1.994883769040458332e-01 1.000000000000000000e+00 0.000000000000000000e+00 8.531547512655414389e-02 7.491385313230340681e-02
8.000000000000000000e+01 4.117167512401135321e-01 2.566273638715638183e-01 1.000000000000000000e+00 1.000000000000000000e+00 1.121350539318774070e-01 4.870590637352063823e-02
8.500000000000000000e+01 3.856503740124584967e-01 2.880168262314727334e-01 0.000000000000000000e+00 1.000000000000000000e+00 1.102763468131588570e-01 7.595766419411822956e-02
9.000000000000000000e+01 5.468244201051934983e-01 2.534207628003625201e-01 1.000000000000000000e+00 0.000000000000000000e+00 1.239993533420784694e-01 8.049438019830910951e-02
9.500000000000000000e+01 4.267639006182865069e-01 2.629441347518602923e-01 1.000000000000000000e+00 0.000000000000000000e+00 1.093006744654972939e-01 9.214142522177012906e-02
1.000000000000000000e+02 4.953674735970181042e-01 3.392060742311800992e-01 1.000000000000000000e+00 1.000000000000000000e+00 9.741764362131459520e-02 8.606820321985841904e-02
1.050000000000000000e+02 3.216664416380322078e-01 2.951485297643306471e-01 0.000000000000000000e+00 1.000000000000000000e+00 1.168999546150312208e-01 6.937385474576378275e-02
1.100000000000000000e+02 3.178694194614034574e-01 3.178860664123766000e-01 0.000000000000000000e+00 1.000000000000000000e+00 1.020565089293505867e-01 5.604285914057369200e-02
1.150000000000000000e+02 4.386276850405580463e-01 2.392712381420687429e-01 1.000000000000000000e+00 0.000000000000000000e+00 9.716078937467757803e-02 7.785500501521298855e-02
1.200000000000000000e+02 3.897381157018696696e-01 2.758353231779805959e-01 0.000000000000000000e+00 1.000000000000000000e+00 1.138472934816166515e-01 6.309334192195213686e-02
1.250000000000000000e+02 3.588925247839446220e-01 3.965510739571061483e-01 1.000000000000000000e+00 1.000000000000000000e+00 8.337540157623321568e-02 7.701296984567580772e-02
1.300000000000000000e+02 2.112457436335287986e-01 2.310701937049522703e-01 0.000000000000000000e+00 0.000000000000000000e+00 1.125715019194632321e-01 8.517600207619116515e-02
1.350000000000000000e+02 3.779690612197081356e-01 1.656938121823942900e-01 0.000000000000000000e+00 0.000000000000000000e+00 1.225479027036752711e-01 1.128018826557989768e-01
1.400000000000000000e+02 3.206518367244685641e-01 1.411984977591806689e-01 1.000000000000000000e+00 0.000000000000000000e+00 7.890979396153695313e-02 6.809392245320411430e-02
1.450000000000000000e+02 2.662385074462065848e-01 1.661311175951126762e-01 0.000000000000000000e+00 0.000000000000000000e+00 1.219856159440647903e-01 7.674175933458567134e-02
1.500000000000000000e+02 2.798218465461997928e-01 1.411492699280584850e-01 0.000000000000000000e+00 0.000000000000000000e+00 8.352789328206786101e-02 8.603849009041893148e-02
1.550000000000000000e+02 2.558446955594444461e-01 1.971615591349253627e-01 0.000000000000000000e+00 0.000000000000000000e+00 8.087787199944423966e-02 8.164889562674505774e-02
1.600000000000000000e+02 2.899046332490147204e-01 1.490807499212182807e-01 0.000000000000000000e+00 0.000000000000000000e+00 9.894260063968872421e-02 6.837770838487433611e-02
1.650000000000000000e+02 2.884602419611390078e-01 2.091830854201530143e-01 0.000000000000000000e+00 0.000000000000000000e+00 1.001212701642939240e-01 8.802925808126890739e-02
1.700000000000000000e+02 3.528406546027679225e-01 1.704942702484920636e-01 1.000000000000000000e+00 0.000000000000000000e+00 7.591188185721081672e-02 7.245333990052447992e-02
1.750000000000000000e+02 1.747247008881284147e-01 1.537395907254684446e-01 0.000000000000000000e+00 0.000000000000000000e+00 9.183118666062989321e-02 5.588332865929365040e-02
1.800000000000000000e+02 4.035492818838263274e-01 1.577815620034319077e-01 1.000000000000000000e+00 0.000000000000000000e+00 6.923472602559374578e-02 8.289636710842955558e-02
1.850000000000000000e+02 3.700689369925610483e-01 1.803237085182131660e-01 1.000000000000000000e+00 0.000000000000000000e+00 9.245519129956791815e-02 7.106921975805115255e-02
1.900000000000000000e+02 2.793248464760804128e-01 1.211362776197186519e-01 0.000000000000000000e+00 0.000000000000000000e+00 1.245820454714750281e-01 5.800739027974773782e-02
1.950000000000000000e+02 8.450164583825137132e-02 2.274059005855836035e-01 0.000000000000000000e+00 0.000000000000000000e+00 1.056676688565133249e-01 7.424897517030742966e-02
2.000000000000000000e+02 2.145031666742814314e-01 2.561499452683960731e-01 0.000000000000000000e+00 0.000000000000000000e+00 9.161497271372848195e-02 9.904149532439893155e-02
2.050000000000000000e+02 2.655110865743376403e-01 1.631753959546490829e-01 0.000000000000000000e+00 0.000000000000000000e+00 7.446813291123106915e-02 1.049530540558595848e-01
2.100000000000000000e+02 2.850239310617502797e-01 5.794631426757333031e-02 1.000000000000000000e+00 0.000000000000000000e+00 7.345248177689293889e-02 6.873341839360522232e-02
2.150000000000000000e+02 2.633292405075338127e-01 1.565061219648876678e-01 0.000000000000000000e+00 0.000000000000000000e+00 8.991660271298694551e-02 7.178377910462672984e-02
2.200000000000000000e+02 2.652088293826959098e-01 1.546871768215267728e-01 0.000000000000000000e+00 0.000000000000000000e+00 7.516743632137913578e-02 4.565384620726697235e-02
2.250000000000000000e+02 2.591773851011306973e-01 1.854643814661790374e-02 0.000000000000000000e+00 0.000000000000000000e+00 8.730863557352931681e-02 2.001492167524097573e-02
2.300000000000000000e+02 2.751518308167792415e-01 4.372880232256979444e-02 1.000000000000000000e+00 0.000000000000000000e+00 6.162724412152465608e-02 3.128277869504787062e-02
2.350000000000000000e+02 2.864519498388298224e-01 3.870782663364821796e-02 0.000000000000000000e+00 0.000000000000000000e+00 9.658402400710311420e-02 7.190520863748313396e-02
2.400000000000000000e+02 1.650219763655533800e-01 1.082875037855864642e-01 0.000000000000000000e+00 0.000000000000000000e+00 6.538593930347305627e-02 7.965952224042287255e-02
2.450000000000000000e+02 1.972578306951934257e-01 9.066900156355015006e-02 0.000000000000000000e+00 0.000000000000000000e+00 1.094107585455169479e-01 4.803789587239825493e-02
2.500000000000000000e+02 2.426051246304486708e-01 6.179994256568170207e-04 0.000000000000000000e+00 0.000000000000000000e+00 9.362038961881258281e-02 1.062848507001862286e-02
2.550000000000000000e+02 1.410808197134423847e-01 1.334469361778427010e-01 0.000000000000000000e+00 0.000000000000000000e+00 5.842535342952490801e-02 7.757199777187000211e-02
2.600000000000000000e+02 2.939446098944996644e-01 2.778761409866471466e-01 0.000000000000000000e+00 1.000000000000000000e+00 9.312850586878283765e-02 7.338767869030617119e-02
2.650000000000000000e+02 1.703688811186978014e-01 9.519534647172850361e-02 0.000000000000000000e+00 0.000000000000000000e+00 8.713635346039926011e-02 7.980028782143208654e-02
2.700000000000000000e+02 2.471558541589162217e-01 1.303489237870651407e-01 0.000000000000000000e+00 0.000000000000000000e+00 8.888361971467614864e-02 6.311984445337762151e-02
2.750000000000000000e+02 2.164053206703481780e-01 1.159617652360289963e-01 0.000000000000000000e+00 0.000000000000000000e+00 8.065517930391914725e-02 5.853125364481365916e-02
2.800000000000000000e+02 2.886103527669215962e-01 5.871998716571356219e-02 0.000000000000000000e+00 0.000000000000000000e+00 8.788670445427132494e-02 7.908197674574966862e-02
2.850000000000000000e+02 1.620256898967206705e-01 5.138115013436587997e-02 0.000000000000000000e+00 0.000000000000000000e+00 7.201849519203074035e-02 6.839341489221836823e-02
2.900000000000000000e+02 1.004616144486466939e-01 5.356882162355353083e-02 0.000000000000000000e+00 0.000000000000000000e+00 8.455393488717118100e-02 6.888789941994059862e-02
2.950000000000000000e+02 1.505107161501230417e-01 6.367609722186622079e-02 0.000000000000000000e+00 0.000000000000000000e+00 6.405947653845636691e-02 5.624580452198173208e-02
3.000000000000000000e+02 1.837771887271588689e-01 4.123296573619963240e-02 0.000000000000000000e+00 0.000000000000000000e+00 9.308137002163262286e-02 5.285970782404421364e-02
3.050000000000000000e+02 2.357832345646458383e-01 2.086646830611467995e-01 0.000000000000000000e+00 0.000000000000000000e+00 8.408922671031010543e-02 6.804965476321456208e-02
3.100000000000000000e+02 3.578732079172691205e-01 1.841815588736611664e-02 1.000000000000000000e+00 0.000000000000000000e+00 8.458055831023220117e-02 6.001631368517532789e-02
3.150000000000000000e+02 1.510637258954584394e-01 9.538781317002227589e-02 0.000000000000000000e+00 0.000000000000000000e+00 8.859056399301758200e-02 4.820091447696183556e-02
3.200000000000000000e+02 1.487498056464713336e-01 1.276870549891718221e-01 0.000000000000000000e+00 0.000000000000000000e+00 6.113688787038504269e-02 6.113211352566949586e-02
3.250000000000000000e+02 2.023489519961673422e-01 8.447074212117666736e-02 0.000000000000000000e+00 0.000000000000000000e+00 6.972395044650744889e-02 4.720453620628359270e-02
3.300000000000000000e+02 1.667553058391407217e-01 7.389220419400416295e-02 0.000000000000000000e+00 0.000000000000000000e+00 5.339785146985907144e-02 5.587324229749635052e-02
3.350000000000000000e+02 3.095981807083173498e-01 6.381607603951430785e-02 1.000000000000000000e+00 0.000000000000000000e+00 8.202590955743235823e-02 5.281738681031875743e-02
3.400000000000000000e+02 3.043893113175523135e-01 6.658037855194444410e-02 0.000000000000000000e+00 0.000000000000000000e+00 8.620160399964199582e-02 8.004089063464393805e-02
3.450000000000000000e+02 2.429395507910163121e-01 1.504572843352950107e-01 0.000000000000000000e+00 0.000000000000000000e+00 7.423041873287121450e-02 6.643431660206136624e-02
3.500000000000000000e+02 3.430027289320111139e-01 1.635452992684311158e-01 1.000000000000000000e+00 1.000000000000000000e+00 7.546713428221449305e-02 4.201056038316463431e-02
3.550000000000000000e+02 1.135629347792287414e-01 1.353269738626191876e-01 0.000000000000000000e+00 0.000000000000000000e+00 7.397849573650853994e-02 5.258044183307644670e-02
3.600000000000000000e+02 2.383725621609365519e-01 9.950258816158598363e-02 0.000000000000000000e+00 0.000000000000000000e+00 1.031122877052329107e-01 5.791775006882763505e-02
3.650000000000000000e+02 1.368439781756495832e-01 1.351795080866035337e-01 0.000000000000000000e+00 0.000000000000000000e+00 8.750446126263415614e-02 6.521780052373520042e-02
3.700000000000000000e+02 6.851180016435876041e-02 1.501666350876120215e-01 0.000000000000000000e+00 0.000000000000000000e+00 5.560387740630817754e-02 6.942142545716796509e-02
3.750000000000000000e+02 2.131870617498535514e-01 8.318510267415386850e-02 0.000000000000000000e+00 0.000000000000000000e+00 7.073220073387667672e-02 4.791532665128912100e-02
3.800000000000000000e+02 2.276942430227593128e-01 1.430166736723398613e-01 0.000000000000000000e+00 0.000000000000000000e+00 9.890153940539532507e-02 5.609308151262447362e-02
3.850000000000000000e+02 8.961830413937824091e-02 1.299513820217915727e-01 0.000000000000000000e+00 0.000000000000000000e+00 4.636733419108982762e-02 8.742191862976256278e-02
3.900000000000000000e+02 2.319560355086125458e-01 4.231080990855007329e-02 0.000000000000000000e+00 0.000000000000000000e+00 8.075737342786494521e-02 7.088055024735138987e-02
3.950000000000000000e+02 1.640913349518085540e-01 1.699648517248893431e-01 0.000000000000000000e+00 0.000000000000000000e+00 8.458027170487196489e-02 5.314501070168321795e-02
4.000000000000000000e+02 2.828428544934664668e-01 2.022630934880492171e-01 0.000000000000000000e+00 0.000000000000000000e+00 8.590236827484934445e-02 5.701008999616269390e-02
4.050000000000000000e+02 1.811071953095919063e-01 1.346480227511282490e-01 0.000000000000000000e+00 0.000000000000000000e+00 7.645017788416580418e-02 7.156027492846801785e-02
4.100000000000000000e+02 1.482044325924793682e-01 1.727757159848887780e-01 0.000000000000000000e+00 0.000000000000000000e+00 8.948855423125022523e-02 5.405431935656771630e-02
4.150000000000000000e+02 2.746151596815463169e-01 1.704186848215870076e-01 0.000000000000000000e+00 0.000000000000000000e+00 9.326145382009526363e-02 5.039910227361697054e-02
4.200000000000000000e+02 1.257557586245016401e-01 5.885795943264271468e-02 0.000000000000000000e+00 0.000000000000000000e+00 4.640604841891036308e-02 8.770020927914620734e-02
4.250000000000000000e+02 2.173825653388453405e-01 6.967058069341507121e-02 0.000000000000000000e+00 0.000000000000000000e+00 7.159176254758070623e-02 6.004776570859982759e-02
4.300000000000000000e+02 2.316112861305180126e-01 1.161062542835775702e-01 0.000000000000000000e+00 0.000000000000000000e+00 9.110630515803837259e-02 7.606358012791811229e-02
4.350000000000000000e+02 2.280814486318190060e-01 1.182885831293184753e-01 0.000000000000000000e+00 0.000000000000000000e+00 7.071651648988207250e-02 8.677963271321394167e-02
4.400000000000000000e+02 1.163304595899605776e-01 8.534680270223969634e-02 0.000000000000000000e+00 0.000000000000000000e+00 7.443388053431243545e-02 7.607989317994742762e-02
4.450000000000000000e+02 1.320250999130113678e-01 8.263148820741288147e-02 0.000000000000000000e+00 0.000000000000000000e+00 7.352617863581115132e-02 8.555406014085302491e-02
4.500000000000000000e+02 2.562654988759441865e-01 1.477623440782648012e-01 1.000000000000000000e+00 0.000000000000000000e+00 7.097821334103143753e-02 6.298097374051202235e-02
4.550000000000000000e+02 1.349237190499689709e-01 8.147186891488737703e-02 0.000000000000000000e+00 0.000000000000000000e+00 8.497112022650048224e-02 7.590047466291775791e-02
4.600000000000000000e+02 1.969893877834182072e-01 7.026260182160746874e-03 0.000000000000000000e+00 0.000000000000000000e+00 9.585219488428958767e-02 1.244320655707715183e-02
4.650000000000000000e+02 1.942882044369361183e-01 1.684177447489862978e-01 0.000000000000000000e+00 0.000000000000000000e+00 5.627967510411280294e-02 5.215771641478707255e-02
4.700000000000000000e+02 3.232436945683077045e-01 4.470282570609560718e-02 1.000000000000000000e+00 0.000000000000000000e+00 6.864758717879795857e-02 9.050918350520587019e-02
4.750000000000000000e+02 2.003460523239864455e-01 9.123361304297043783e-02 0.000000000000000000e+00 0.000000000000000000e+00 7.898929453145646373e-02 8.045420437732631047e-02
4.800000000000000000e+02 2.697734144976359216e-01 3.746317262301824408e-02 1.000000000000000000e+00 0.000000000000000000e+00 7.031217256100581736e-02 8.246486710565627265e-02
4.850000000000000000e+02 6.525902014005791063e-02 2.016327664853018731e-01 0.000000000000000000e+00 0.000000000000000000e+00 7.755973013089825785e-02 7.737763023318817990e-02
4.900000000000000000e+02 2.687340567536063429e-01 1.916617523517175903e-01 0.000000000000000000e+00 0.000000000000000000e+00 1.077610390177614619e-01 6.441442868812893852e-02
4.950000000000000000e+02 4.907567855982626626e-02 1.321150417433089030e-01 0.000000000000000000e+00 0.000000000000000000e+00 1.020084505754728782e-01 7.264871505706169130e-02
