0.000000000000000000e+00 0.000000000000000000e+00 0.000000000000000000e+00 0.000000000000000000e+00 0.000000000000000000e+00 0.000000000000000000e+00 0.000000000000000000e+00
5.000000000000000000e+00 5.513397727009459182e-01 4.657515974073190845e-01 1.000000000000000000e+00 1.000000000000000000e+00 7.775647404816550534e-02 7.754136569890578146e-02
1.000000000000000000e+01 4.913523776579983848e-01 4.258197998991706257e-01 1.000000000000000000e+00 1.000000000000000000e+00 9.672593474299294447e-02 7.757627125398847134e-02
1.500000000000000000e+01 5.489348511245034645e-01 4.513336278584966221e-01 1.000000000000000000e+00 1.000000000000000000e+00 8.084921001050986156e-02 1.199839375282261006e-01
2.000000000000000000e+01 4.771675689261313802e-01 2.771962871594322309e-01 1.000000000000000000e+00 0.000000000000000000e+00 9.365859963516827424e-02 1.093923785100497231e-01
2.500000000000000000e+01 2.982902778343152761e-01 3.900510460689519121e-01 1.000000000000000000e+00 1.000000000000000000e+00 8.139939395527590049e-02 1.060284788853438770e-01
3.000000000000000000e+01 5.466994162435020455e-01 2.780085705015460928e-01 1.000000000000000000e+00 0.000000000000000000e+00 1.182313375670369787e-01 1.020173075145142799e-01
3.500000000000000000e+01 4.359737792704126425e-01 2.535583932992263589e-01 1.000000000000000000e+00 0.000000000000000000e+00 1.092497201407805901e-01 1.074213448599290327e-01
4.000000000000000000e+01 3.837636945141588152e-01 3.005352546092451282e-01 0.000000000000000000e+00 0.000000000000000000e+00 1.080014273674947262e-01 1.131290239674512393e-01
4.500000000000000000e+01 3.557067805519177339e-01 2.280786157184255258e-01 1.000000000000000000e+00 1.000000000000000000e+00 9.823059200125461299e-02 6.257889891216500411e-02
5.000000000000000000e+01 2.670896098361836279e-01 2.113568625941197876e-01 0.000000000000000000e+00 0.000000000000000000e+00 1.024991268205093786e-01 1.058287058250065998e-01
5.500000000000000000e+01 2.366144298796678813e-01 1.664957680193194234e-01 0.000000000000000000e+00 0.000000000000000000e+00 9.649315974745890923e-02 1.185308986060945591e-01
6.000000000000000000e+01 3.266746270912513350e-01 2.256028385006608183e-01 1.000000000000000000e+00 0.000000000000000000e+00 9.082080448437800102e-02 1.240383079912996400e-01
6.500000000000000000e+01 2.525765920940677978e-01 1.905172975901829602e-01 0.000000000000000000e+00 0.000000000000000000e+00 9.436444005611716035e-02 7.033152494915480279e-02
7.000000000000000000e+01 4.866054812491831250e-01 2.197404332525007276e-01 0.000000000000000000e+00 0.000000000000000000e+00 1.697581434370146192e-01 8.687965640526695843e-02
7.500000000000000000e+01 3.365721342589293452e-01 2.215171073102326083e-01 0.000000000000000000e+00 0.000000000000000000e+00 1.064119993233937772e-01 1.041788928575360790e-01
8.000000000000000000e+01 2.757982661601465768e-01 2.626926026906261091e-01 0.000000000000000000e+00 0.000000000000000000e+00 1.102077868691466456e-01 1.000259777180248777e-01
8.500000000000000000e+01 2.340279470665006245e-01 2.431358082218294803e-01 0.000000000000000000e+00 0.000000000000000000e+00 9.802502290896525361e-02 8.984562748515696751e-02
9.000000000000000000e+01 3.506691615753841917e-01 2.017523886832692792e-01 0.000000000000000000e+00 0.000000000000000000e+00 1.074725913840840347e-01 1.044654337549396073e-01
9.500000000000000000e+01 2.432773116002164837e-01 2.455859131666880690e-01 0.000000000000000000e+00 0.000000000000000000e+00 1.126971689066567778e-01 1.135215899567703079e-01
1.000000000000000000e+02 4.516653342469120203e-01 2.027926695370619314e-01 1.000000000000000000e+00 0.000000000000000000e+00 1.155692823663999474e-01 1.050588787353256559e-01
1.050000000000000000e+02 2.086996727825133624e-01 2.469736224556840498e-01 0.000000000000000000e+00 0.000000000000000000e+00 1.364400698377875865e-01 9.386505956309570964e-02
1.100000000000000000e+02 3.263692204856229462e-01 4.335521013083278308e-01 0.000000000000000000e+00 1.000000000000000000e+00 1.358288207759038857e-01 9.776114296842645934e-02
1.150000000000000000e+02 3.078320621725583739e-01 1.799279691509766965e-01 0.000000000000000000e+00 0.000000000000000000e+00 1.040646417505764615e-01 1.074202349275210078e-01
1.200000000000000000e+02 2.080651065620714169e-01 2.984308892802228774e-01 0.000000000000000000e+00 0.000000000000000000e+00 1.233046751109727196e-01 1.039301974742764395e-01
1.250000000000000000e+02 3.734791309564354234e-01 2.880422495704167973e-01 0.000000000000000000e+00 0.000000000000000000e+00 1.149347700140149892e-01 9.655343181517518636e-02
1.300000000000000000e+02 2.678037458398706550e-01 2.464044068985777880e-01 0.000000000000000000e+00 0.000000000000000000e+00 9.680331935154577738e-02 1.060222778718424852e-01
1.350000000000000000e+02 2.737209638207099838e-01 1.659484213839163003e-01 0.000000000000000000e+00 0.000000000000000000e+00 1.251917001821125364e-01 1.071845803913683559e-01
1.400000000000000000e+02 3.018809929741750886e-01 1.955483126973533436e-01 0.000000000000000000e+00 0.000000000000000000e+00 1.047283425543660551e-01 1.116689030025979912e-01
1.450000000000000000e+02 3.347677764698154812e-01 1.746090196008942552e-01 0.000000000000000000e+00 0.000000000000000000e+00 1.083553345675970919e-01 8.485944379145807237e-02
1.500000000000000000e+02 3.781380130427137720e-01 1.912728598816365866e-01 0.000000000000000000e+00 0.000000000000000000e+00 1.138273719840635356e-01 8.703378025198572898e-02
1.550000000000000000e+02 3.179735227594570057e-01 2.381393910593103680e-01 0.000000000000000000e+00 0.000000000000000000e+00 1.074317505169729153e-01 1.055297894609071169e-01
1.600000000000000000e+02 2.775046224581293464e-01 1.629605614220045462e-01 0.000000000000000000e+00 0.000000000000000000e+00 1.238052941756845465e-01 8.193107483263341317e-02
1.650000000000000000e+02 2.870158520226178678e-01 1.955982799875194411e-01 0.000000000000000000e+00 0.000000000000000000e+00 9.202530582261436720e-02 9.695870876069591360e-02
1.700000000000000000e+02 2.261931528396906033e-01 2.048648787577512231e-01 0.000000000000000000e+00 0.000000000000000000e+00 8.583314064581090697e-02 1.135449119458473571e-01
1.750000000000000000e+02 1.951218776130353161e-01 2.013130599604606719e-01 0.000000000000000000e+00 0.000000000000000000e+00 1.051312144685568190e-01 1.298933102512787319e-01
1.800000000000000000e+02 1.877178929540033736e-01 2.403216329001159612e-01 0.000000000000000000e+00 0.000000000000000000e+00 1.137997583996207540e-01 1.040245232227772765e-01
1.850000000000000000e+02 2.722849120548919144e-01 2.225118908497996928e-01 0.000000000000000000e+00 0.000000000000000000e+00 9.882147960801894448e-02 9.199798442557044487e-02
1.900000000000000000e+02 2.342408775658663678e-01 2.128266735081401628e-01 0.000000000000000000e+00 0.000000000000000000e+00 1.064303447354278259e-01 1.243199876215102390e-01
1.950000000000000000e+02 4.073059737018621118e-01 2.058239109318200089e-01 1.000000000000000000e+00 0.000000000000000000e+00 1.071963362236637296e-01 1.433489660600737459e-01
2.000000000000000000e+02 2.661268234908261698e-01 3.101191924284188439e-01 0.000000000000000000e+00 0.000000000000000000e+00 1.015079903567717989e-01 1.295469228502749426e-01
2.050000000000000000e+02 2.416294367083452188e-01 1.566022555651190862e-01 0.000000000000000000e+00 0.000000000000000000e+00 1.115478077953141467e-01 1.133753098707997037e-01
2.100000000000000000e+02 2.882176691758944753e-01 1.606227815340160459e-01 0.000000000000000000e+00 0.000000000000000000e+00 1.203149832677837955e-01 1.202826664192198775e-01
2.150000000000000000e+02 2.290021840929839514e-01 2.747430113949650976e-01 0.000000000000000000e+00 0.000000000000000000e+00 8.581202233756558828e-02 1.187489336480097579e-01
2.200000000000000000e+02 1.121972541827946229e-01 1.993377687527566056e-01 0.000000000000000000e+00 0.000000000000000000e+00 7.695360499411173227e-02 1.230192142682873524e-01
2.250000000000000000e+02 2.104289393919392681e-01 2.459384484456721420e-01 0.000000000000000000e+00 0.000000000000000000e+00 9.699388231728137133e-02 1.062351140238247116e-01
2.300000000000000000e+02 1.926645506710349953e-01 1.574959924650956300e-01 0.000000000000000000e+00 0.000000000000000000e+00 1.336527253464591392e-01 8.111441081662031094e-02
2.350000000000000000e+02 1.446978106189091284e-01 2.009024954150594178e-01 0.000000000000000000e+00 0.000000000000000000e+00 9.993866214317427554e-02 1.113527756893573500e-01
2.400000000000000000e+02 2.812520308192424379e-01 1.947204548158133763e-01 0.000000000000000000e+00 0.000000000000000000e+00 9.794027743060912394e-02 9.760519557138931657e-02
2.450000000000000000e+02 2.370645157435606332e-01 1.150495813363104636e-01 0.000000000000000000e+00 0.000000000000000000e+00 9.526035899847275223e-02 8.215840261207869866e-02
2.500000000000000000e+02 2.594015915609789724e-01 8.627516906698333432e-02 0.000000000000000000e+00 0.000000000000000000e+00 1.070256557305516859e-01 1.001959817456803542e-01
2.550000000000000000e+02 2.147527045411715962e-01 2.356830843559611088e-01 0.000000000000000000e+00 0.000000000000000000e+00 9.350321700571895267e-02 1.240340547361908907e-01
2.600000000000000000e+02 2.147954546810496301e-01 3.249326712205022893e-01 0.000000000000000000e+00 0.000000000000000000e+00 1.145517453731221408e-01 9.802291937720360171e-02
2.650000000000000000e+02 2.335763059634605732e-01 2.542062141264830322e-01 0.000000000000000000e+00 0.000000000000000000e+00 9.220818646225832638e-02 9.723375719220982150e-02
2.700000000000000000e+02 1.636341563442949287e-01 2.239238216579473861e-01 0.000000000000000000e+00 0.000000000000000000e+00 1.042695241169116355e-01 1.111364203784749871e-01
2.750000000000000000e+02 2.419630989508272934e-01 2.712702979278273085e-01 0.000000000000000000e+00 0.000000000000000000e+00 1.355535036606809463e-01 9.536429055325507109e-02
2.800000000000000000e+02 1.824855801844740277e-01 9.386309901955754154e-02 0.000000000000000000e+00 0.000000000000000000e+00 9.490837037512080132e-02 3.928934752534173069e-02
2.850000000000000000e+02 2.805552353239810226e-01 5.765366685632946492e-02 0.000000000000000000e+00 0.000000000000000000e+00 1.205417275221841999e-01 8.126620679062304675e-02
2.900000000000000000e+02 2.954292144765399142e-01 1.197778602102185924e-01 0.000000000000000000e+00 0.000000000000000000e+00 1.558495463628530309e-01 5.914034642155293481e-02
2.950000000000000000e+02 1.496273262049978570e-01 8.359689964290584197e-02 0.000000000000000000e+00 0.000000000000000000e+00 1.242649500687861980e-01 8.898494929824411759e-02
3.000000000000000000e+02 1.710631992984034400e-01 1.682941586268513895e-02 0.000000000000000000e+00 0.000000000000000000e+00 1.194119711667662870e-01 1.148335940957182638e-02
3.050000000000000000e+02 2.481359410027151602e-01 1.544608543445499249e-01 0.000000000000000000e+00 0.000000000000000000e+00 1.010299090089183949e-01 8.896361874299410499e-02
3.100000000000000000e+02 2.646005044125555594e-01 1.669058419972609120e-01 0.000000000000000000e+00 0.000000000000000000e+00 1.059269980400545097e-01 7.487039762867631065e-02
3.150000000000000000e+02 2.754049652491467604e-01 1.404701458459629571e-01 0.000000000000000000e+00 0.000000000000000000e+00 8.980422442340979527e-02 9.975779945127243031e-02
3.200000000000000000e+02 2.193548155306323244e-01 1.233871425888786455e-01 0.000000000000000000e+00 0.000000000000000000e+00 1.019742396246196142e-01 8.086694978657017752e-02
3.250000000000000000e+02 2.478028595530649691e-01 1.703774740555453471e-01 0.000000000000000000e+00 0.000000000000000000e+00 1.259191586066666646e-01 9.712344866552928557e-02
3.300000000000000000e+02 3.515003956610291969e-01 1.096912183237914035e-01 0.000000000000000000e+00 0.000000000000000000e+00 9.907939454870516582e-02 9.734805554363244740e-02
3.350000000000000000e+02 2.836001677020750789e-01 1.515403378919299160e-01 0.000000000000000000e+00 0.000000000000000000e+00 1.205421474103737789e-01 8.061999702189714956e-02
3.400000000000000000e+02 2.885622604765206711e-01 2.884979811773587532e-01 0.000000000000000000e+00 0.000000000000000000e+00 1.100312068705096985e-01 1.010305705252127761e-01
3.450000000000000000e+02 2.253706655147681981e-01 2.537943170363405887e-01 0.000000000000000000e+00 0.000000000000000000e+00 1.199555589963371555e-01 9.577719181547124372e-02
3.500000000000000000e+02 3.348409476988438715e-01 2.226643928564827346e-01 0.000000000000000000e+00 0.000000000000000000e+00 1.215998202149349144e-01 9.702818145426349294e-02
3.550000000000000000e+02 3.375002043074005753e-01 1.153919495027031922e-01 0.000000000000000000e+00 0.000000000000000000e+00 1.016876963518960897e-01 6.656282736502713848e-02
3.600000000000000000e+02 1.867532871198711031e-01 1.203035133377705901e-01 0.000000000000000000e+00 0.000000000000000000e+00 1.065915648757890938e-01 7.682875185787563233e-02
3.650000000000000000e+02 1.766964553804789284e-01 9.789848483060446804e-02 0.000000000000000000e+00 0.000000000000000000e+00 1.141714961074147411e-01 9.022736261400837732e-02
3.700000000000000000e+02 2.038947301829250880e-01 1.494606257461774113e-01 0.000000000000000000e+00 0.000000000000000000e+00 7.406403777445461079e-02 8.734564259340353576e-02
3.750000000000000000e+02 6.338829486041912264e-02 6.947989972201809583e-02 0.000000000000000000e+00 0.000000000000000000e+00 6.976086770195136233e-02 7.195423687707976079e-02
3.800000000000000000e+02 1.083213543821712060e-01 1.334507519685298738e-01 0.000000000000000000e+00 0.000000000000000000e+00 8.119577384665398190e-02 5.355841558598493923e-02
3.850000000000000000e+02 1.579831397367408574e-01 2.346626452658770179e-01 0.000000000000000000e+00 0.000000000000000000e+00 1.151210927168491022e-01 7.559327643043781131e-02
3.900000000000000000e+02 1.325461274711593473e-01 1.503153657244954700e-01 0.000000000000000000e+00 0.000000000000000000e+00 1.082541361006138791e-01 9.208345719764840509e-02
3.950000000000000000e+02 3.338351462100844214e-01 2.423889373593180740e-01 0.000000000000000000e+00 0.000000000000000000e+00 1.279094206059378791e-01 9.011231843505097816e-02
4.000000000000000000e+02 2.361287602941042896e-01 2.200702714707117313e-01 0.000000000000000000e+00 0.000000000000000000e+00 1.100100841047996353e-01 9.116310412853242950e-02
4.050000000000000000e+02 1.862366249074994262e-01 1.680693020036997665e-01 0.000000000000000000e+00 0.000000000000000000e+00 6.461937034254383594e-02 9.389268688640473037e-02
4.100000000000000000e+02 2.121618372452182266e-01 1.932318090371143993e-01 0.000000000000000000e+00 0.000000000000000000e+00 9.196418107084614046e-02 7.914787170933183791e-02
4.150000000000000000e+02 2.896901092536383060e-01 1.015880586490696402e-01 0.000000000000000000e+00 0.000000000000000000e+00 1.135350428447477605e-01 9.882089354150645766e-02
4.200000000000000000e+02 1.909816788548961974e-01 1.534543204923429216e-01 0.000000000000000000e+00 0.000000000000000000e+00 6.252757873842577918e-02 1.092383961748889382e-01
4.250000000000000000e+02 2.071950516759508698e-01 1.225819965859530070e-01 0.000000000000000000e+00 0.000000000000000000e+00 1.103217301557437996e-01 1.032080691117585880e-01
4.300000000000000000e+02 3.032032399490961483e-01 1.181610295886969253e-01 0.000000000000000000e+00 0.000000000000000000e+00 1.116523634671480608e-01 6.421530060916791349e-02
4.350000000000000000e+02 9.763857637749914775e-02 8.326834628096964341e-02 0.000000000000000000e+00 0.000000000000000000e+00 8.251806248207017858e-02 8.809762823085307004e-02
4.400000000000000000e+02 1.654850734573717341e-01 1.169240775850789033e-01 0.000000000000000000e+00 0.000000000000000000e+00 8.803552479266861519e-02 9.481771454733586846e-02
4.450000000000000000e+02 1.954275228621896177e-01 2.061711617077844616e-01 0.000000000000000000e+00 0.000000000000000000e+00 8.445797454115291925e-02 6.345069748987564040e-02
4.500000000000000000e+02 1.834996279971720656e-01 1.282401705330347697e-01 0.000000000000000000e+00 0.000000000000000000e+00 1.029117750220191474e-01 1.038441883157004975e-01
4.550000000000000000e+02 2.126922966044366148e-01 1.563275073883795274e-01 0.000000000000000000e+00 0.000000000000000000e+00 8.581129177342083914e-02 9.002408066316804069e-02
4.600000000000000000e+02 1.925100770007150408e-01 8.475936179382237423e-02 0.000000000000000000e+00 0.000000000000000000e+00 7.569700009857734113e-02 1.204683595963514930e-01
4.650000000000000000e+02 1.191559732325434551e-01 2.043325061712605584e-01 0.000000000000000000e+00 0.000000000000000000e+00 1.042768380597650923e-01 1.140589797048037063e-01
4.700000000000000000e+02 6.213578194956764778e-02 1.933393122833333699e-01 0.000000000000000000e+00 0.000000000000000000e+00 4.205640338180147847e-02 8.686590327452003990e-02
4.750000000000000000e+02 1.741688980293433775e-01 2.188620898958317795e-01 0.000000000000000000e+00 0.000000000000000000e+00 9.974003044505541649e-02 8.739102876133514330e-02
4.800000000000000000e+02 2.081284108243017239e-01 2.147627381638754773e-01 1.000000000000000000e+00 0.000000000000000000e+00 5.793066519132988867e-02 8.650740416417088130e-02
4.850000000000000000e+02 6.977540166511145281e-02 1.781033409896979891e-01 0.000000000000000000e+00 0.000000000000000000e+00 1.022114941141191030e-01 9.107034781499906417e-02
4.900000000000000000e+02 1.683023216760606844e-01 2.016088142241655168e-01 0.000000000000000000e+00 0.000000000000000000e+00 5.979743759091886435e-02 8.853454891156493922e-02
4.950000000000000000e+02 2.821645437535162948e-01 1.036401113223219816e-01 0.000000000000000000e+00 0.000000000000000000e+00 1.015464001994908494e-01 7.075467198034317284e-02
