0.000000000000000000e+00 3.187499999999999362e-02 3.187499999999999362e-02
5.000000000000000000e+00 9.775307609375000206e-01 7.808658648437499794e-01
1.000000000000000000e+01 9.866146546874998702e-01 8.476294140624999196e-01
1.500000000000000000e+01 9.893825632812497384e-01 8.777149757812499065e-01
2.000000000000000000e+01 9.909694695312498691e-01 9.013244562500000168e-01
2.500000000000000000e+01 9.913025624999999286e-01 9.189346718749999976e-01
3.000000000000000000e+01 9.934323093749999334e-01 9.294432687499998291e-01
3.500000000000000000e+01 9.945550718750002517e-01 9.385368664062501143e-01
4.000000000000000000e+01 9.935909851562497730e-01 9.476480867187498935e-01
4.500000000000000000e+01 9.928404945312496732e-01 9.553598945312499202e-01
5.000000000000000000e+01 9.937908218749997857e-01 9.599362414062498905e-01
5.500000000000000000e+01 9.939928398437498647e-01 9.651737351562499345e-01
6.000000000000000000e+01 9.951536718749997013e-01 9.682898999999999257e-01
6.500000000000000000e+01 9.941590289062498531e-01 9.707903398437498499e-01
7.000000000000000000e+01 9.957516617187499586e-01 9.756289617187501317e-01
7.500000000000000000e+01 9.951377882812499909e-01 9.766081867187497156e-01
8.000000000000000000e+01 9.942611335937499017e-01 9.788123937499999538e-01
8.500000000000000000e+01 9.950770328125001507e-01 9.820898687499999280e-01
9.000000000000000000e+01 9.953752906249997423e-01 9.839001476562501125e-01
9.500000000000000000e+01 9.953987562499999608e-01 9.845965171874999644e-01
1.000000000000000000e+02 9.960574749999999700e-01 9.840363312499998960e-01
1.050000000000000000e+02 9.951286500000001700e-01 9.872656867187498131e-01
1.100000000000000000e+02 9.955395953125002473e-01 9.888551656249997546e-01
1.150000000000000000e+02 9.960686742187497833e-01 9.884595429687499379e-01
1.200000000000000000e+02 9.951946296875000542e-01 9.896584929687499699e-01
1.250000000000000000e+02 9.967305179687500072e-01 9.899622234375000662e-01
1.300000000000000000e+02 9.939557359375001955e-01 9.898816492187496596e-01
1.350000000000000000e+02 9.956178382812501670e-01 9.910241781249998771e-01
1.400000000000000000e+02 9.965572874999997222e-01 9.896047914062500173e-01
1.450000000000000000e+02 9.965941515624999747e-01 9.910839015625002579e-01
1.500000000000000000e+02 9.963296234374998672e-01 9.919552335937499299e-01
1.550000000000000000e+02 9.964131242187498350e-01 9.926426804687500383e-01
1.600000000000000000e+02 9.960868124999999740e-01 9.915981171874997946e-01
1.650000000000000000e+02 9.967215437499998831e-01 9.929027390624998173e-01
1.700000000000000000e+02 9.964902429687496621e-01 9.930591218750001170e-01
1.750000000000000000e+02 9.965908750000000982e-01 9.928331992187500177e-01
1.800000000000000000e+02 9.954671382812498859e-01 9.922070781249999749e-01
1.850000000000000000e+02 9.955490265624999946e-01 9.941739734375000248e-01
1.900000000000000000e+02 9.958718656250000745e-01 9.934951429687499669e-01
1.950000000000000000e+02 9.970321500000001169e-01 9.944857859374998110e-01
2.000000000000000000e+02 9.959719468750000138e-01 9.944348695312500430e-01
2.050000000000000000e+02 9.958251406250001603e-01 9.937922406249997120e-01
2.100000000000000000e+02 9.973278320312498613e-01 9.943990445312500537e-01
2.150000000000000000e+02 9.956795031249999761e-01 9.947601343749999936e-01
2.200000000000000000e+02 9.959216898437501797e-01 9.945958531250000956e-01
2.250000000000000000e+02 9.970997343750001018e-01 9.947028742187500328e-01
2.300000000000000000e+02 9.961866632812499400e-01 9.952860929687498137e-01
2.350000000000000000e+02 9.958427218749997811e-01 9.953497429687498954e-01
2.400000000000000000e+02 9.975405882812500291e-01 9.945809593750001287e-01
2.450000000000000000e+02 9.960544945312499454e-01 9.950605414062498877e-01
2.500000000000000000e+02 9.976800343749999689e-01 9.943818976562500689e-01
2.550000000000000000e+02 9.965721828125000403e-01 9.956770890624999648e-01
2.600000000000000000e+02 9.963890953124998617e-01 9.952348695312498439e-01
2.650000000000000000e+02 9.961330203124999505e-01 9.955723437499998107e-01
2.700000000000000000e+02 9.969130429687498296e-01 9.966689984374997868e-01
2.750000000000000000e+02 9.965388109375000747e-01 9.954113593750000266e-01
2.800000000000000000e+02 9.959642937499999515e-01 9.945346851562499868e-01
2.850000000000000000e+02 9.975998710937499236e-01 9.944528000000000256e-01
2.900000000000000000e+02 9.980733703125000966e-01 9.953623390624999345e-01
2.950000000000000000e+02 9.964389539062500356e-01 9.950794085937501032e-01
3.000000000000000000e+02 9.971036249999999379e-01 9.948177734374998860e-01
3.050000000000000000e+02 9.969220773437497130e-01 9.960772679687499576e-01
3.100000000000000000e+02 9.973421468750001129e-01 9.956530726562500266e-01
3.150000000000000000e+02 9.978234960937498732e-01 9.954258085937498501e-01
3.200000000000000000e+02 9.961312414062499787e-01 9.955944750000000898e-01
3.250000000000000000e+02 9.958417757812499937e-01 9.960968304687499719e-01
3.300000000000000000e+02 9.977314398437500120e-01 9.958422445312500315e-01
3.350000000000000000e+02 9.966045929687499250e-01 9.962608406249998660e-01
3.400000000000000000e+02 9.962862226562501089e-01 9.963373781249998951e-01
3.450000000000000000e+02 9.963553031249998693e-01 9.965568296874998122e-01
3.500000000000000000e+02 9.965179390624998579e-01 9.967041554687501304e-01
3.550000000000000000e+02 9.969960179687499258e-01 9.963320101562500586e-01
3.600000000000000000e+02 9.958556304687500305e-01 9.958435406249996902e-01
3.650000000000000000e+02 9.965470312499998817e-01 9.951646085937498887e-01
3.700000000000000000e+02 9.964507203124999268e-01 9.967178624999999403e-01
3.750000000000000000e+02 9.961260148437499629e-01 9.962870617187500333e-01
3.800000000000000000e+02 9.960082343750000788e-01 9.956402640624997247e-01
3.850000000000000000e+02 9.962852265624999593e-01 9.975146101562500922e-01
3.900000000000000000e+02 9.964210843750000990e-01 9.966311203125000073e-01
3.950000000000000000e+02 9.973680921875001104e-01 9.977197882812500751e-01
4.000000000000000000e+02 9.966802101562499683e-01 9.978111203124999662e-01
4.050000000000000000e+02 9.965898437499998153e-01 9.967794843749999689e-01
4.100000000000000000e+02 9.965168312500001235e-01 9.976906929687500147e-01
4.150000000000000000e+02 9.969593656250002045e-01 9.968802226562498703e-01
4.200000000000000000e+02 9.966767804687497456e-01 9.963796617187499205e-01
4.250000000000000000e+02 9.971228335937499798e-01 9.971474742187499407e-01
4.300000000000000000e+02 9.984713656250001623e-01 9.962033195312500755e-01
4.350000000000000000e+02 9.965708726562499953e-01 9.970060281249997214e-01
4.400000000000000000e+02 9.965207359375000129e-01 9.970870718750000083e-01
4.450000000000000000e+02 9.972793242187499851e-01 9.975076804687500465e-01
4.500000000000000000e+02 9.969831796874999430e-01 9.971941929687497819e-01
4.550000000000000000e+02 9.979260039062498588e-01 9.962511226562499322e-01
4.600000000000000000e+02 9.980793921874997476e-01 9.967036796874998439e-01
4.650000000000000000e+02 9.973522757812499639e-01 9.977371015624999506e-01
4.700000000000000000e+02 9.965216226562498836e-01 9.977275765624998849e-01
4.750000000000000000e+02 9.973859367187498659e-01 9.970393039062498408e-01
4.800000000000000000e+02 9.964240601562499577e-01 9.978569429687496051e-01
4.850000000000000000e+02 9.967677156249999948e-01 9.982033570312500714e-01
4.900000000000000000e+02 9.963941374999997214e-01 9.987529812499997828e-01
4.950000000000000000e+02 9.979131296875001222e-01 9.969324914062500653e-01
