0.000000000000000000e+00 3.187499999999999362e-02 3.187499999999999362e-02
5.000000000000000000e+00 9.789374328124997859e-01 9.498566148437500578e-01
1.000000000000000000e+01 9.838605695312500066e-01 9.653796296875001293e-01
1.500000000000000000e+01 9.861962015624999855e-01 9.715582023437498993e-01
2.000000000000000000e+01 9.896217328125000989e-01 9.760463773437499935e-01
2.500000000000000000e+01 9.879545296875000826e-01 9.801554249999998580e-01
3.000000000000000000e+01 9.885182875000001479e-01 9.812445437500001422e-01
3.500000000000000000e+01 9.894122976562499394e-01 9.830834164062498548e-01
4.000000000000000000e+01 9.894134124999999225e-01 9.868867812499997338e-01
4.500000000000000000e+01 9.910626820312498086e-01 9.863639195312501329e-01
5.000000000000000000e+01 9.930574101562499312e-01 9.891941992187499588e-01
5.500000000000000000e+01 9.911969046875001021e-01 9.892805874999999194e-01
6.000000000000000000e+01 9.932422039062499541e-01 9.901122499999999160e-01
6.500000000000000000e+01 9.919046390625000376e-01 9.904985249999995744e-01
7.000000000000000000e+01 9.933658898437499607e-01 9.918321046875000491e-01
7.500000000000000000e+01 9.930328039062500389e-01 9.913928507812499458e-01
8.000000000000000000e+01 9.937307390624997572e-01 9.908123671874999872e-01
8.500000000000000000e+01 9.923030203124998394e-01 9.929001445312500840e-01
9.000000000000000000e+01 9.938948929687499989e-01 9.933666624999999417e-01
9.500000000000000000e+01 9.929128203124998331e-01 9.923475554687497535e-01
1.000000000000000000e+02 9.936308296874998280e-01 9.930811289062502212e-01
1.050000000000000000e+02 9.930263148437499243e-01 9.940899117187498302e-01
1.100000000000000000e+02 9.935753046875002159e-01 9.949136546874999265e-01
1.150000000000000000e+02 9.935746124999997875e-01 9.941127375000000654e-01
1.200000000000000000e+02 9.921278195312501769e-01 9.945000875000001850e-01
1.250000000000000000e+02 9.935526679687498586e-01 9.951841976562502134e-01
1.300000000000000000e+02 9.941464179687500291e-01 9.947029687500000827e-01
1.350000000000000000e+02 9.932922453125001550e-01 9.951795718749997244e-01
1.400000000000000000e+02 9.949147531249996623e-01 9.950919031249997326e-01
1.450000000000000000e+02 9.943748351562499144e-01 9.954159062499998711e-01
1.500000000000000000e+02 9.960294226562499409e-01 9.960935671874999731e-01
1.550000000000000000e+02 9.933556882812499822e-01 9.968421226562498294e-01
1.600000000000000000e+02 9.952312335937500976e-01 9.961642992187501600e-01
1.650000000000000000e+02 9.937204171874999270e-01 9.957269171874999492e-01
1.700000000000000000e+02 9.923725195312499414e-01 9.959580023437499818e-01
1.750000000000000000e+02 9.947569554687498705e-01 9.955050140624998045e-01
1.800000000000000000e+02 9.936227757812499117e-01 9.943567804687498679e-01
1.850000000000000000e+02 9.940649531250000948e-01 9.958787484375000165e-01
1.900000000000000000e+02 9.939567515624998517e-01 9.957795796874998606e-01
1.950000000000000000e+02 9.948862390624999552e-01 9.962077156249998788e-01
2.000000000000000000e+02 9.942505124999998500e-01 9.961951874999999124e-01
2.050000000000000000e+02 9.941687289062501875e-01 9.959543625000000233e-01
2.100000000000000000e+02 9.958200976562500140e-01 9.960116109374999027e-01
2.150000000000000000e+02 9.946717968749998473e-01 9.958895523437499842e-01
2.200000000000000000e+02 9.947860085937498820e-01 9.960244921875001101e-01
2.250000000000000000e+02 9.942637804687498582e-01 9.961882140624999105e-01
2.300000000000000000e+02 9.956255578125000616e-01 9.965599929687500858e-01
2.350000000000000000e+02 9.963564578125000404e-01 9.970744906249997541e-01
2.400000000000000000e+02 9.949274710937500155e-01 9.970486468750001663e-01
2.450000000000000000e+02 9.943987765624999753e-01 9.963736164062501066e-01
2.500000000000000000e+02 9.952530148437501722e-01 9.962521218749997853e-01
2.550000000000000000e+02 9.951535734375001052e-01 9.961860703125001715e-01
2.600000000000000000e+02 9.945892203124999664e-01 9.962695523437499201e-01
2.650000000000000000e+02 9.954142109375002656e-01 9.959474023437501211e-01
2.700000000000000000e+02 9.944764820312498310e-01 9.968307367187495549e-01
2.750000000000000000e+02 9.947572562499997773e-01 9.959030968750000046e-01
2.800000000000000000e+02 9.958110921874998578e-01 9.963986265625000005e-01
2.850000000000000000e+02 9.956403718749997633e-01 9.978330429687499725e-01
2.900000000000000000e+02 9.967156765624997083e-01 9.970147335937499244e-01
2.950000000000000000e+02 9.968654796875000557e-01 9.969510875000000549e-01
3.000000000000000000e+02 9.956794781249997950e-01 9.976484703124997022e-01
3.050000000000000000e+02 9.966839859374998500e-01 9.967515132812498901e-01
3.100000000000000000e+02 9.964564242187498033e-01 9.972376109374998521e-01
3.150000000000000000e+02 9.955587859374999127e-01 9.973917414062499764e-01
3.200000000000000000e+02 9.967217843749999195e-01 9.971092195312498685e-01
3.250000000000000000e+02 9.962004195312499366e-01 9.974525789062502756e-01
3.300000000000000000e+02 9.958522757812499071e-01 9.977752132812499619e-01
3.350000000000000000e+02 9.964769335937498917e-01 9.970511382812496937e-01
3.400000000000000000e+02 9.961554867187499829e-01 9.976100187499999938e-01
3.450000000000000000e+02 9.952439757812496790e-01 9.980685101562499772e-01
3.500000000000000000e+02 9.964599742187500997e-01 9.984182179687499659e-01
3.550000000000000000e+02 9.962630203124998030e-01 9.978669281250001077e-01
3.600000000000000000e+02 9.951088710937501247e-01 9.972788359374998857e-01
3.650000000000000000e+02 9.968627742187499141e-01 9.969738820312498140e-01
3.700000000000000000e+02 9.968038414062497798e-01 9.976894085937496603e-01
3.750000000000000000e+02 9.950071835937499554e-01 9.970939007812500421e-01
3.800000000000000000e+02 9.958136773437500366e-01 9.973969984374997377e-01
3.850000000000000000e+02 9.964219984375002337e-01 9.971239140625002273e-01
3.900000000000000000e+02 9.962500570312500248e-01 9.968635398437498685e-01
3.950000000000000000e+02 9.972910148437501565e-01 9.976280851562500107e-01
4.000000000000000000e+02 9.964172882812498688e-01 9.982325703124999006e-01
4.050000000000000000e+02 9.953479835937502074e-01 9.975719515625000033e-01
4.100000000000000000e+02 9.970902851562499780e-01 9.980179242187500188e-01
4.150000000000000000e+02 9.975362984375000241e-01 9.987819734375001923e-01
4.200000000000000000e+02 9.954113679687498495e-01 9.975466273437501030e-01
4.250000000000000000e+02 9.975185554687499012e-01 9.968977210937499667e-01
4.300000000000000000e+02 9.962424898437500786e-01 9.992524515624998660e-01
4.350000000000000000e+02 9.973044539062501102e-01 9.977476179687500002e-01
4.400000000000000000e+02 9.966960671874998123e-01 9.978496859374998973e-01
4.450000000000000000e+02 9.964558671875000107e-01 9.970232515624999348e-01
4.500000000000000000e+02 9.961922789062500616e-01 9.983345484375000245e-01
4.550000000000000000e+02 9.964254601562497760e-01 9.980452718749999175e-01
4.600000000000000000e+02 9.966165515625000637e-01 9.976167117187498823e-01
4.650000000000000000e+02 9.967909195312497639e-01 9.976597187500001462e-01
4.700000000000000000e+02 9.963834718749996489e-01 9.977108968749999196e-01
4.750000000000000000e+02 9.975523312500002016e-01 9.968925257812498719e-01
4.800000000000000000e+02 9.966637320312500270e-01 9.969326132812497132e-01
4.850000000000000000e+02 9.974164343749999384e-01 9.969084992187500216e-01
4.900000000000000000e+02 9.971187523437500255e-01 9.982984632812499370e-01
4.950000000000000000e+02 9.971870343750000032e-01 9.973433648437499688e-01
