0.000000000000000000e+00 3.187499999999999362e-02 3.187499999999999362e-02
5.000000000000000000e+00 9.775307609375000206e-01 9.498566148437500578e-01
1.000000000000000000e+01 9.866146546874998702e-01 9.653796296875001293e-01
1.500000000000000000e+01 9.893825632812497384e-01 9.715582023437498993e-01
2.000000000000000000e+01 9.909694695312498691e-01 9.760463773437499935e-01
2.500000000000000000e+01 9.913025624999999286e-01 9.801554249999998580e-01
3.000000000000000000e+01 9.934323093749999334e-01 9.812445437500001422e-01
3.500000000000000000e+01 9.945550718750002517e-01 9.830834164062498548e-01
4.000000000000000000e+01 9.935909851562497730e-01 9.868867812499997338e-01
4.500000000000000000e+01 9.928404945312496732e-01 9.863639195312501329e-01
5.000000000000000000e+01 9.937908218749997857e-01 9.891941992187499588e-01
5.500000000000000000e+01 9.939928398437498647e-01 9.892805874999999194e-01
6.000000000000000000e+01 9.951536718749997013e-01 9.901122499999999160e-01
6.500000000000000000e+01 9.941590289062498531e-01 9.904985249999995744e-01
7.000000000000000000e+01 9.957516617187499586e-01 9.918321046875000491e-01
7.500000000000000000e+01 9.951377882812499909e-01 9.913928507812499458e-01
8.000000000000000000e+01 9.942611335937499017e-01 9.908123671874999872e-01
8.500000000000000000e+01 9.950770328125001507e-01 9.929001445312500840e-01
9.000000000000000000e+01 9.953752906249997423e-01 9.933666624999999417e-01
9.500000000000000000e+01 9.953987562499999608e-01 9.923475554687497535e-01
1.000000000000000000e+02 9.960574749999999700e-01 9.930811289062502212e-01
1.050000000000000000e+02 9.951286500000001700e-01 9.940899117187498302e-01
1.100000000000000000e+02 9.955395953125002473e-01 9.949136546874999265e-01
1.150000000000000000e+02 9.960686742187497833e-01 9.941127375000000654e-01
1.200000000000000000e+02 9.951946296875000542e-01 9.945000875000001850e-01
1.250000000000000000e+02 9.967305179687500072e-01 9.951841976562502134e-01
1.300000000000000000e+02 9.939557359375001955e-01 9.947029687500000827e-01
1.350000000000000000e+02 9.956178382812501670e-01 9.951795718749997244e-01
1.400000000000000000e+02 9.965572874999997222e-01 9.950919031249997326e-01
1.450000000000000000e+02 9.965941515624999747e-01 9.954159062499998711e-01
1.500000000000000000e+02 9.963296234374998672e-01 9.960935671874999731e-01
1.550000000000000000e+02 9.964131242187498350e-01 9.968421226562498294e-01
1.600000000000000000e+02 9.960868124999999740e-01 9.961642992187501600e-01
1.650000000000000000e+02 9.967215437499998831e-01 9.957269171874999492e-01
1.700000000000000000e+02 9.964902429687496621e-01 9.959580023437499818e-01
1.750000000000000000e+02 9.965908750000000982e-01 9.955050140624998045e-01
1.800000000000000000e+02 9.954671382812498859e-01 9.943567804687498679e-01
1.850000000000000000e+02 9.955490265624999946e-01 9.958787484375000165e-01
1.900000000000000000e+02 9.958718656250000745e-01 9.957795796874998606e-01
1.950000000000000000e+02 9.970321500000001169e-01 9.962077156249998788e-01
2.000000000000000000e+02 9.959719468750000138e-01 9.961951874999999124e-01
2.050000000000000000e+02 9.958251406250001603e-01 9.959543625000000233e-01
2.100000000000000000e+02 9.973278320312498613e-01 9.960116109374999027e-01
2.150000000000000000e+02 9.956795031249999761e-01 9.958895523437499842e-01
2.200000000000000000e+02 9.959216898437501797e-01 9.960244921875001101e-01
2.250000000000000000e+02 9.970997343750001018e-01 9.961882140624999105e-01
2.300000000000000000e+02 9.961866632812499400e-01 9.965599929687500858e-01
2.350000000000000000e+02 9.958427218749997811e-01 9.970744906249997541e-01
2.400000000000000000e+02 9.975405882812500291e-01 9.970486468750001663e-01
2.450000000000000000e+02 9.960544945312499454e-01 9.963736164062501066e-01
2.500000000000000000e+02 9.976800343749999689e-01 9.962521218749997853e-01
2.550000000000000000e+02 9.965721828125000403e-01 9.961860703125001715e-01
2.600000000000000000e+02 9.963890953124998617e-01 9.962695523437499201e-01
2.650000000000000000e+02 9.961330203124999505e-01 9.959474023437501211e-01
2.700000000000000000e+02 9.969130429687498296e-01 9.968307367187495549e-01
2.750000000000000000e+02 9.965388109375000747e-01 9.959030968750000046e-01
2.800000000000000000e+02 9.959642937499999515e-01 9.963986265625000005e-01
2.850000000000000000e+02 9.975998710937499236e-01 9.978330429687499725e-01
2.900000000000000000e+02 9.980733703125000966e-01 9.970147335937499244e-01
2.950000000000000000e+02 9.964389539062500356e-01 9.969510875000000549e-01
3.000000000000000000e+02 9.971036249999999379e-01 9.976484703124997022e-01
3.050000000000000000e+02 9.969220773437497130e-01 9.967515132812498901e-01
3.100000000000000000e+02 9.973421468750001129e-01 9.972376109374998521e-01
3.150000000000000000e+02 9.978234960937498732e-01 9.973917414062499764e-01
3.200000000000000000e+02 9.961312414062499787e-01 9.971092195312498685e-01
3.250000000000000000e+02 9.958417757812499937e-01 9.974525789062502756e-01
3.300000000000000000e+02 9.977314398437500120e-01 9.977752132812499619e-01
3.350000000000000000e+02 9.966045929687499250e-01 9.970511382812496937e-01
3.400000000000000000e+02 9.962862226562501089e-01 9.976100187499999938e-01
3.450000000000000000e+02 9.963553031249998693e-01 9.980685101562499772e-01
3.500000000000000000e+02 9.965179390624998579e-01 9.984182179687499659e-01
3.550000000000000000e+02 9.969960179687499258e-01 9.978669281250001077e-01
3.600000000000000000e+02 9.958556304687500305e-01 9.972788359374998857e-01
3.650000000000000000e+02 9.965470312499998817e-01 9.969738820312498140e-01
3.700000000000000000e+02 9.964507203124999268e-01 9.976894085937496603e-01
3.750000000000000000e+02 9.961260148437499629e-01 9.970939007812500421e-01
3.800000000000000000e+02 9.960082343750000788e-01 9.973969984374997377e-01
3.850000000000000000e+02 9.962852265624999593e-01 9.971239140625002273e-01
3.900000000000000000e+02 9.964210843750000990e-01 9.968635398437498685e-01
3.950000000000000000e+02 9.973680921875001104e-01 9.976280851562500107e-01
4.000000000000000000e+02 9.966802101562499683e-01 9.982325703124999006e-01
4.050000000000000000e+02 9.965898437499998153e-01 9.975719515625000033e-01
4.100000000000000000e+02 9.965168312500001235e-01 9.980179242187500188e-01
4.150000000000000000e+02 9.969593656250002045e-01 9.987819734375001923e-01
4.200000000000000000e+02 9.966767804687497456e-01 9.975466273437501030e-01
4.250000000000000000e+02 9.971228335937499798e-01 9.968977210937499667e-01
4.300000000000000000e+02 9.984713656250001623e-01 9.992524515624998660e-01
4.350000000000000000e+02 9.965708726562499953e-01 9.977476179687500002e-01
4.400000000000000000e+02 9.965207359375000129e-01 9.978496859374998973e-01
4.450000000000000000e+02 9.972793242187499851e-01 9.970232515624999348e-01
4.500000000000000000e+02 9.969831796874999430e-01 9.983345484375000245e-01
4.550000000000000000e+02 9.979260039062498588e-01 9.980452718749999175e-01
4.600000000000000000e+02 9.980793921874997476e-01 9.976167117187498823e-01
4.650000000000000000e+02 9.973522757812499639e-01 9.976597187500001462e-01
4.700000000000000000e+02 9.965216226562498836e-01 9.977108968749999196e-01
4.750000000000000000e+02 9.973859367187498659e-01 9.968925257812498719e-01
4.800000000000000000e+02 9.964240601562499577e-01 9.969326132812497132e-01
4.850000000000000000e+02 9.967677156249999948e-01 9.969084992187500216e-01
4.900000000000000000e+02 9.963941374999997214e-01 9.982984632812499370e-01
4.950000000000000000e+02 9.979131296875001222e-01 9.973433648437499688e-01
