0.000000000000000000e+00 3.187499999999999362e-02 3.187499999999999362e-02
5.000000000000000000e+00 9.498566148437500578e-01 7.808658648437499794e-01
1.000000000000000000e+01 9.653796296875001293e-01 8.476294140624999196e-01
1.500000000000000000e+01 9.715582023437498993e-01 8.777149757812499065e-01
2.000000000000000000e+01 9.760463773437499935e-01 9.013244562500000168e-01
2.500000000000000000e+01 9.801554249999998580e-01 9.189346718749999976e-01
3.000000000000000000e+01 9.812445437500001422e-01 9.294432687499998291e-01
3.500000000000000000e+01 9.830834164062498548e-01 9.385368664062501143e-01
4.000000000000000000e+01 9.868867812499997338e-01 9.476480867187498935e-01
4.500000000000000000e+01 9.863639195312501329e-01 9.553598945312499202e-01
5.000000000000000000e+01 9.891941992187499588e-01 9.599362414062498905e-01
5.500000000000000000e+01 9.892805874999999194e-01 9.651737351562499345e-01
6.000000000000000000e+01 9.901122499999999160e-01 9.682898999999999257e-01
6.500000000000000000e+01 9.904985249999995744e-01 9.707903398437498499e-01
7.000000000000000000e+01 9.918321046875000491e-01 9.756289617187501317e-01
7.500000000000000000e+01 9.913928507812499458e-01 9.766081867187497156e-01
8.000000000000000000e+01 9.908123671874999872e-01 9.788123937499999538e-01
8.500000000000000000e+01 9.929001445312500840e-01 9.820898687499999280e-01
9.000000000000000000e+01 9.933666624999999417e-01 9.839001476562501125e-01
9.500000000000000000e+01 9.923475554687497535e-01 9.845965171874999644e-01
1.000000000000000000e+02 9.930811289062502212e-01 9.840363312499998960e-01
1.050000000000000000e+02 9.940899117187498302e-01 9.872656867187498131e-01
1.100000000000000000e+02 9.949136546874999265e-01 9.888551656249997546e-01
1.150000000000000000e+02 9.941127375000000654e-01 9.884595429687499379e-01
1.200000000000000000e+02 9.945000875000001850e-01 9.896584929687499699e-01
1.250000000000000000e+02 9.951841976562502134e-01 9.899622234375000662e-01
1.300000000000000000e+02 9.947029687500000827e-01 9.898816492187496596e-01
1.350000000000000000e+02 9.951795718749997244e-01 9.910241781249998771e-01
1.400000000000000000e+02 9.950919031249997326e-01 9.896047914062500173e-01
1.450000000000000000e+02 9.954159062499998711e-01 9.910839015625002579e-01
1.500000000000000000e+02 9.960935671874999731e-01 9.919552335937499299e-01
1.550000000000000000e+02 9.968421226562498294e-01 9.926426804687500383e-01
1.600000000000000000e+02 9.961642992187501600e-01 9.915981171874997946e-01
1.650000000000000000e+02 9.957269171874999492e-01 9.929027390624998173e-01
1.700000000000000000e+02 9.959580023437499818e-01 9.930591218750001170e-01
1.750000000000000000e+02 9.955050140624998045e-01 9.928331992187500177e-01
1.800000000000000000e+02 9.943567804687498679e-01 9.922070781249999749e-01
1.850000000000000000e+02 9.958787484375000165e-01 9.941739734375000248e-01
1.900000000000000000e+02 9.957795796874998606e-01 9.934951429687499669e-01
1.950000000000000000e+02 9.962077156249998788e-01 9.944857859374998110e-01
2.000000000000000000e+02 9.961951874999999124e-01 9.944348695312500430e-01
2.050000000000000000e+02 9.959543625000000233e-01 9.937922406249997120e-01
2.100000000000000000e+02 9.960116109374999027e-01 9.943990445312500537e-01
2.150000000000000000e+02 9.958895523437499842e-01 9.947601343749999936e-01
2.200000000000000000e+02 9.960244921875001101e-01 9.945958531250000956e-01
2.250000000000000000e+02 9.961882140624999105e-01 9.947028742187500328e-01
2.300000000000000000e+02 9.965599929687500858e-01 9.952860929687498137e-01
2.350000000000000000e+02 9.970744906249997541e-01 9.953497429687498954e-01
2.400000000000000000e+02 9.970486468750001663e-01 9.945809593750001287e-01
2.450000000000000000e+02 9.963736164062501066e-01 9.950605414062498877e-01
2.500000000000000000e+02 9.962521218749997853e-01 9.943818976562500689e-01
2.550000000000000000e+02 9.961860703125001715e-01 9.956770890624999648e-01
2.600000000000000000e+02 9.962695523437499201e-01 9.952348695312498439e-01
2.650000000000000000e+02 9.959474023437501211e-01 9.955723437499998107e-01
2.700000000000000000e+02 9.968307367187495549e-01 9.966689984374997868e-01
2.750000000000000000e+02 9.959030968750000046e-01 9.954113593750000266e-01
2.800000000000000000e+02 9.963986265625000005e-01 9.945346851562499868e-01
2.850000000000000000e+02 9.978330429687499725e-01 9.944528000000000256e-01
2.900000000000000000e+02 9.970147335937499244e-01 9.953623390624999345e-01
2.950000000000000000e+02 9.969510875000000549e-01 9.950794085937501032e-01
3.000000000000000000e+02 9.976484703124997022e-01 9.948177734374998860e-01
3.050000000000000000e+02 9.967515132812498901e-01 9.960772679687499576e-01
3.100000000000000000e+02 9.972376109374998521e-01 9.956530726562500266e-01
3.150000000000000000e+02 9.973917414062499764e-01 9.954258085937498501e-01
3.200000000000000000e+02 9.971092195312498685e-01 9.955944750000000898e-01
3.250000000000000000e+02 9.974525789062502756e-01 9.960968304687499719e-01
3.300000000000000000e+02 9.977752132812499619e-01 9.958422445312500315e-01
3.350000000000000000e+02 9.970511382812496937e-01 9.962608406249998660e-01
3.400000000000000000e+02 9.976100187499999938e-01 9.963373781249998951e-01
3.450000000000000000e+02 9.980685101562499772e-01 9.965568296874998122e-01
3.500000000000000000e+02 9.984182179687499659e-01 9.967041554687501304e-01
3.550000000000000000e+02 9.978669281250001077e-01 9.963320101562500586e-01
3.600000000000000000e+02 9.972788359374998857e-01 9.958435406249996902e-01
3.650000000000000000e+02 9.969738820312498140e-01 9.951646085937498887e-01
3.700000000000000000e+02 9.976894085937496603e-01 9.967178624999999403e-01
3.750000000000000000e+02 9.970939007812500421e-01 9.962870617187500333e-01
3.800000000000000000e+02 9.973969984374997377e-01 9.956402640624997247e-01
3.850000000000000000e+02 9.971239140625002273e-01 9.975146101562500922e-01
3.900000000000000000e+02 9.968635398437498685e-01 9.966311203125000073e-01
3.950000000000000000e+02 9.976280851562500107e-01 9.977197882812500751e-01
4.000000000000000000e+02 9.982325703124999006e-01 9.978111203124999662e-01
4.050000000000000000e+02 9.975719515625000033e-01 9.967794843749999689e-01
4.100000000000000000e+02 9.980179242187500188e-01 9.976906929687500147e-01
4.150000000000000000e+02 9.987819734375001923e-01 9.968802226562498703e-01
4.200000000000000000e+02 9.975466273437501030e-01 9.963796617187499205e-01
4.250000000000000000e+02 9.968977210937499667e-01 9.971474742187499407e-01
4.300000000000000000e+02 9.992524515624998660e-01 9.962033195312500755e-01
4.350000000000000000e+02 9.977476179687500002e-01 9.970060281249997214e-01
4.400000000000000000e+02 9.978496859374998973e-01 9.970870718750000083e-01
4.450000000000000000e+02 9.970232515624999348e-01 9.975076804687500465e-01
4.500000000000000000e+02 9.983345484375000245e-01 9.971941929687497819e-01
4.550000000000000000e+02 9.980452718749999175e-01 9.962511226562499322e-01
4.600000000000000000e+02 9.976167117187498823e-01 9.967036796874998439e-01
4.650000000000000000e+02 9.976597187500001462e-01 9.977371015624999506e-01
4.700000000000000000e+02 9.977108968749999196e-01 9.977275765624998849e-01
4.750000000000000000e+02 9.968925257812498719e-01 9.970393039062498408e-01
4.800000000000000000e+02 9.969326132812497132e-01 9.978569429687496051e-01
4.850000000000000000e+02 9.969084992187500216e-01 9.982033570312500714e-01
4.900000000000000000e+02 9.982984632812499370e-01 9.987529812499997828e-01
4.950000000000000000e+02 9.973433648437499688e-01 9.969324914062500653e-01
