0.000000000000000000e+00 3.187499999999999362e-02 3.187499999999999362e-02
5.000000000000000000e+00 9.789374328124997859e-01 7.808658648437499794e-01
1.000000000000000000e+01 9.838605695312500066e-01 8.476294140624999196e-01
1.500000000000000000e+01 9.861962015624999855e-01 8.777149757812499065e-01
2.000000000000000000e+01 9.896217328125000989e-01 9.013244562500000168e-01
2.500000000000000000e+01 9.879545296875000826e-01 9.189346718749999976e-01
3.000000000000000000e+01 9.885182875000001479e-01 9.294432687499998291e-01
3.500000000000000000e+01 9.894122976562499394e-01 9.385368664062501143e-01
4.000000000000000000e+01 9.894134124999999225e-01 9.476480867187498935e-01
4.500000000000000000e+01 9.910626820312498086e-01 9.553598945312499202e-01
5.000000000000000000e+01 9.930574101562499312e-01 9.599362414062498905e-01
5.500000000000000000e+01 9.911969046875001021e-01 9.651737351562499345e-01
6.000000000000000000e+01 9.932422039062499541e-01 9.682898999999999257e-01
6.500000000000000000e+01 9.919046390625000376e-01 9.707903398437498499e-01
7.000000000000000000e+01 9.933658898437499607e-01 9.756289617187501317e-01
7.500000000000000000e+01 9.930328039062500389e-01 9.766081867187497156e-01
8.000000000000000000e+01 9.937307390624997572e-01 9.788123937499999538e-01
8.500000000000000000e+01 9.923030203124998394e-01 9.820898687499999280e-01
9.000000000000000000e+01 9.938948929687499989e-01 9.839001476562501125e-01
9.500000000000000000e+01 9.929128203124998331e-01 9.845965171874999644e-01
1.000000000000000000e+02 9.936308296874998280e-01 9.840363312499998960e-01
1.050000000000000000e+02 9.930263148437499243e-01 9.872656867187498131e-01
1.100000000000000000e+02 9.935753046875002159e-01 9.888551656249997546e-01
1.150000000000000000e+02 9.935746124999997875e-01 9.884595429687499379e-01
1.200000000000000000e+02 9.921278195312501769e-01 9.896584929687499699e-01
1.250000000000000000e+02 9.935526679687498586e-01 9.899622234375000662e-01
1.300000000000000000e+02 9.941464179687500291e-01 9.898816492187496596e-01
1.350000000000000000e+02 9.932922453125001550e-01 9.910241781249998771e-01
1.400000000000000000e+02 9.949147531249996623e-01 9.896047914062500173e-01
1.450000000000000000e+02 9.943748351562499144e-01 9.910839015625002579e-01
1.500000000000000000e+02 9.960294226562499409e-01 9.919552335937499299e-01
1.550000000000000000e+02 9.933556882812499822e-01 9.926426804687500383e-01
1.600000000000000000e+02 9.952312335937500976e-01 9.915981171874997946e-01
1.650000000000000000e+02 9.937204171874999270e-01 9.929027390624998173e-01
1.700000000000000000e+02 9.923725195312499414e-01 9.930591218750001170e-01
1.750000000000000000e+02 9.947569554687498705e-01 9.928331992187500177e-01
1.800000000000000000e+02 9.936227757812499117e-01 9.922070781249999749e-01
1.850000000000000000e+02 9.940649531250000948e-01 9.941739734375000248e-01
1.900000000000000000e+02 9.939567515624998517e-01 9.934951429687499669e-01
1.950000000000000000e+02 9.948862390624999552e-01 9.944857859374998110e-01
2.000000000000000000e+02 9.942505124999998500e-01 9.944348695312500430e-01
2.050000000000000000e+02 9.941687289062501875e-01 9.937922406249997120e-01
2.100000000000000000e+02 9.958200976562500140e-01 9.943990445312500537e-01
2.150000000000000000e+02 9.946717968749998473e-01 9.947601343749999936e-01
2.200000000000000000e+02 9.947860085937498820e-01 9.945958531250000956e-01
2.250000000000000000e+02 9.942637804687498582e-01 9.947028742187500328e-01
2.300000000000000000e+02 9.956255578125000616e-01 9.952860929687498137e-01
2.350000000000000000e+02 9.963564578125000404e-01 9.953497429687498954e-01
2.400000000000000000e+02 9.949274710937500155e-01 9.945809593750001287e-01
2.450000000000000000e+02 9.943987765624999753e-01 9.950605414062498877e-01
2.500000000000000000e+02 9.952530148437501722e-01 9.943818976562500689e-01
2.550000000000000000e+02 9.951535734375001052e-01 9.956770890624999648e-01
2.600000000000000000e+02 9.945892203124999664e-01 9.952348695312498439e-01
2.650000000000000000e+02 9.954142109375002656e-01 9.955723437499998107e-01
2.700000000000000000e+02 9.944764820312498310e-01 9.966689984374997868e-01
2.750000000000000000e+02 9.947572562499997773e-01 9.954113593750000266e-01
2.800000000000000000e+02 9.958110921874998578e-01 9.945346851562499868e-01
2.850000000000000000e+02 9.956403718749997633e-01 9.944528000000000256e-01
2.900000000000000000e+02 9.967156765624997083e-01 9.953623390624999345e-01
2.950000000000000000e+02 9.968654796875000557e-01 9.950794085937501032e-01
3.000000000000000000e+02 9.956794781249997950e-01 9.948177734374998860e-01
3.050000000000000000e+02 9.966839859374998500e-01 9.960772679687499576e-01
3.100000000000000000e+02 9.964564242187498033e-01 9.956530726562500266e-01
3.150000000000000000e+02 9.955587859374999127e-01 9.954258085937498501e-01
3.200000000000000000e+02 9.967217843749999195e-01 9.955944750000000898e-01
3.250000000000000000e+02 9.962004195312499366e-01 9.960968304687499719e-01
3.300000000000000000e+02 9.958522757812499071e-01 9.958422445312500315e-01
3.350000000000000000e+02 9.964769335937498917e-01 9.962608406249998660e-01
3.400000000000000000e+02 9.961554867187499829e-01 9.963373781249998951e-01
3.450000000000000000e+02 9.952439757812496790e-01 9.965568296874998122e-01
3.500000000000000000e+02 9.964599742187500997e-01 9.967041554687501304e-01
3.550000000000000000e+02 9.962630203124998030e-01 9.963320101562500586e-01
3.600000000000000000e+02 9.951088710937501247e-01 9.958435406249996902e-01
3.650000000000000000e+02 9.968627742187499141e-01 9.951646085937498887e-01
3.700000000000000000e+02 9.968038414062497798e-01 9.967178624999999403e-01
3.750000000000000000e+02 9.950071835937499554e-01 9.962870617187500333e-01
3.800000000000000000e+02 9.958136773437500366e-01 9.956402640624997247e-01
3.850000000000000000e+02 9.964219984375002337e-01 9.975146101562500922e-01
3.900000000000000000e+02 9.962500570312500248e-01 9.966311203125000073e-01
3.950000000000000000e+02 9.972910148437501565e-01 9.977197882812500751e-01
4.000000000000000000e+02 9.964172882812498688e-01 9.978111203124999662e-01
4.050000000000000000e+02 9.953479835937502074e-01 9.967794843749999689e-01
4.100000000000000000e+02 9.970902851562499780e-01 9.976906929687500147e-01
4.150000000000000000e+02 9.975362984375000241e-01 9.968802226562498703e-01
4.200000000000000000e+02 9.954113679687498495e-01 9.963796617187499205e-01
4.250000000000000000e+02 9.975185554687499012e-01 9.971474742187499407e-01
4.300000000000000000e+02 9.962424898437500786e-01 9.962033195312500755e-01
4.350000000000000000e+02 9.973044539062501102e-01 9.970060281249997214e-01
4.400000000000000000e+02 9.966960671874998123e-01 9.970870718750000083e-01
4.450000000000000000e+02 9.964558671875000107e-01 9.975076804687500465e-01
4.500000000000000000e+02 9.961922789062500616e-01 9.971941929687497819e-01
4.550000000000000000e+02 9.964254601562497760e-01 9.962511226562499322e-01
4.600000000000000000e+02 9.966165515625000637e-01 9.967036796874998439e-01
4.650000000000000000e+02 9.967909195312497639e-01 9.977371015624999506e-01
4.700000000000000000e+02 9.963834718749996489e-01 9.977275765624998849e-01
4.750000000000000000e+02 9.975523312500002016e-01 9.970393039062498408e-01
4.800000000000000000e+02 9.966637320312500270e-01 9.978569429687496051e-01
4.850000000000000000e+02 9.974164343749999384e-01 9.982033570312500714e-01
4.900000000000000000e+02 9.971187523437500255e-01 9.987529812499997828e-01
4.950000000000000000e+02 9.971870343750000032e-01 9.969324914062500653e-01
