0.000000000000000000e+00 3.187499999999999362e-02 3.187499999999999362e-02
5.000000000000000000e+00 9.498566148437500578e-01 9.438497070312499293e-01
1.000000000000000000e+01 9.653796296875001293e-01 9.626346164062498101e-01
1.500000000000000000e+01 9.715582023437498993e-01 9.734954601562499921e-01
2.000000000000000000e+01 9.760463773437499935e-01 9.769689156250001005e-01
2.500000000000000000e+01 9.801554249999998580e-01 9.803762960937498772e-01
3.000000000000000000e+01 9.812445437500001422e-01 9.833544023437500448e-01
3.500000000000000000e+01 9.830834164062498548e-01 9.859152937499999769e-01
4.000000000000000000e+01 9.868867812499997338e-01 9.864331851562502251e-01
4.500000000000000000e+01 9.863639195312501329e-01 9.885512937499999486e-01
5.000000000000000000e+01 9.891941992187499588e-01 9.877768929687498201e-01
5.500000000000000000e+01 9.892805874999999194e-01 9.903895210937498916e-01
6.000000000000000000e+01 9.901122499999999160e-01 9.913819124999999621e-01
6.500000000000000000e+01 9.904985249999995744e-01 9.914324749999998687e-01
7.000000000000000000e+01 9.918321046875000491e-01 9.920623156250000241e-01
7.500000000000000000e+01 9.913928507812499458e-01 9.937714609375000174e-01
8.000000000000000000e+01 9.908123671874999872e-01 9.934415179687497988e-01
8.500000000000000000e+01 9.929001445312500840e-01 9.930562179687498769e-01
9.000000000000000000e+01 9.933666624999999417e-01 9.938660578124999256e-01
9.500000000000000000e+01 9.923475554687497535e-01 9.931126007812501877e-01
1.000000000000000000e+02 9.930811289062502212e-01 9.954117789062498778e-01
1.050000000000000000e+02 9.940899117187498302e-01 9.958140984374999061e-01
1.100000000000000000e+02 9.949136546874999265e-01 9.955475445312499394e-01
1.150000000000000000e+02 9.941127375000000654e-01 9.965424085937499843e-01
1.200000000000000000e+02 9.945000875000001850e-01 9.959224703125000300e-01
1.250000000000000000e+02 9.951841976562502134e-01 9.950682320312498330e-01
1.300000000000000000e+02 9.947029687500000827e-01 9.954411015624999859e-01
1.350000000000000000e+02 9.951795718749997244e-01 9.970712273437498663e-01
1.400000000000000000e+02 9.950919031249997326e-01 9.966408820312500083e-01
1.450000000000000000e+02 9.954159062499998711e-01 9.967968765624999339e-01
1.500000000000000000e+02 9.960935671874999731e-01 9.974270414062498258e-01
1.550000000000000000e+02 9.968421226562498294e-01 9.971042953124997776e-01
1.600000000000000000e+02 9.961642992187501600e-01 9.972122406249999127e-01
1.650000000000000000e+02 9.957269171874999492e-01 9.975412390624999182e-01
1.700000000000000000e+02 9.959580023437499818e-01 9.978373124999999622e-01
1.750000000000000000e+02 9.955050140624998045e-01 9.973383250000000810e-01
1.800000000000000000e+02 9.943567804687498679e-01 9.979560695312500451e-01
1.850000000000000000e+02 9.958787484375000165e-01 9.977097875000000560e-01
1.900000000000000000e+02 9.957795796874998606e-01 9.984042984375000040e-01
1.950000000000000000e+02 9.962077156249998788e-01 9.968256484375001003e-01
2.000000000000000000e+02 9.961951874999999124e-01 9.972855359375001338e-01
2.050000000000000000e+02 9.959543625000000233e-01 9.978686492187497370e-01
2.100000000000000000e+02 9.960116109374999027e-01 9.977899921874999745e-01
2.150000000000000000e+02 9.958895523437499842e-01 9.984409476562499108e-01
2.200000000000000000e+02 9.960244921875001101e-01 9.972400554687499419e-01
2.250000000000000000e+02 9.961882140624999105e-01 9.976487664062499983e-01
2.300000000000000000e+02 9.965599929687500858e-01 9.979708812499999970e-01
2.350000000000000000e+02 9.970744906249997541e-01 9.990614718749999401e-01
2.400000000000000000e+02 9.970486468750001663e-01 9.982874765625000535e-01
2.450000000000000000e+02 9.963736164062501066e-01 9.976081203124997909e-01
2.500000000000000000e+02 9.962521218749997853e-01 9.985826664062498192e-01
2.550000000000000000e+02 9.961860703125001715e-01 9.967938015624998593e-01
2.600000000000000000e+02 9.962695523437499201e-01 9.988359484374997876e-01
2.650000000000000000e+02 9.959474023437501211e-01 9.986637351562499543e-01
2.700000000000000000e+02 9.968307367187495549e-01 9.989438914062500618e-01
2.750000000000000000e+02 9.959030968750000046e-01 9.978836312500000139e-01
2.800000000000000000e+02 9.963986265625000005e-01 9.989240359375000100e-01
2.850000000000000000e+02 9.978330429687499725e-01 9.988957992187501578e-01
2.900000000000000000e+02 9.970147335937499244e-01 9.986579687500001246e-01
2.950000000000000000e+02 9.969510875000000549e-01 9.981464374999999833e-01
3.000000000000000000e+02 9.976484703124997022e-01 9.988728351562501384e-01
3.050000000000000000e+02 9.967515132812498901e-01 9.990784328125000835e-01
3.100000000000000000e+02 9.972376109374998521e-01 9.998950468749999709e-01
3.150000000000000000e+02 9.973917414062499764e-01 9.980619218749999799e-01
3.200000000000000000e+02 9.971092195312498685e-01 9.984564937500000070e-01
3.250000000000000000e+02 9.974525789062502756e-01 9.989977031249998030e-01
3.300000000000000000e+02 9.977752132812499619e-01 9.977103132812498165e-01
3.350000000000000000e+02 9.970511382812496937e-01 9.996287859375000417e-01
3.400000000000000000e+02 9.976100187499999938e-01 9.987758296875000052e-01
3.450000000000000000e+02 9.980685101562499772e-01 9.994665718750000982e-01
3.500000000000000000e+02 9.984182179687499659e-01 9.999974828125001158e-01
3.550000000000000000e+02 9.978669281250001077e-01 9.977705960937500729e-01
3.600000000000000000e+02 9.972788359374998857e-01 9.978692125000001578e-01
3.650000000000000000e+02 9.969738820312498140e-01 9.996660656250000443e-01
3.700000000000000000e+02 9.976894085937496603e-01 9.976066531249998537e-01
3.750000000000000000e+02 9.970939007812500421e-01 9.986392335937500642e-01
3.800000000000000000e+02 9.973969984374997377e-01 9.995428968749999754e-01
3.850000000000000000e+02 9.971239140625002273e-01 9.982597148437498680e-01
3.900000000000000000e+02 9.968635398437498685e-01 9.986134054687501038e-01
3.950000000000000000e+02 9.976280851562500107e-01 9.995474632812501037e-01
4.000000000000000000e+02 9.982325703124999006e-01 9.999425289062499056e-01
4.050000000000000000e+02 9.975719515625000033e-01 9.987817195312500562e-01
4.100000000000000000e+02 9.980179242187500188e-01 9.989894671874999243e-01
4.150000000000000000e+02 9.987819734375001923e-01 9.987277054687500044e-01
4.200000000000000000e+02 9.975466273437501030e-01 9.979094351562499687e-01
4.250000000000000000e+02 9.968977210937499667e-01 9.992062968749998442e-01
4.300000000000000000e+02 9.992524515624998660e-01 9.997666953124999534e-01
4.350000000000000000e+02 9.977476179687500002e-01 9.992836429687498301e-01
4.400000000000000000e+02 9.978496859374998973e-01 9.995400414062501904e-01
4.450000000000000000e+02 9.970232515624999348e-01 9.981807648437497349e-01
4.500000000000000000e+02 9.983345484375000245e-01 9.993889796874999565e-01
4.550000000000000000e+02 9.980452718749999175e-01 9.989700593749999413e-01
4.600000000000000000e+02 9.976167117187498823e-01 9.995594859374999919e-01
4.650000000000000000e+02 9.976597187500001462e-01 9.992725140624999502e-01
4.700000000000000000e+02 9.977108968749999196e-01 9.997046187500000514e-01
4.750000000000000000e+02 9.968925257812498719e-01 9.999715890624998327e-01
4.800000000000000000e+02 9.969326132812497132e-01 9.994564640624998830e-01
4.850000000000000000e+02 9.969084992187500216e-01 9.986103429687499533e-01
4.900000000000000000e+02 9.982984632812499370e-01 9.995891578124999066e-01
4.950000000000000000e+02 9.973433648437499688e-01 9.988095398437499828e-01
