0.000000000000000000e+00 3.187499999999999362e-02 3.187499999999999362e-02
5.000000000000000000e+00 9.789374328124997859e-01 9.438497070312499293e-01
1.000000000000000000e+01 9.838605695312500066e-01 9.626346164062498101e-01
1.500000000000000000e+01 9.861962015624999855e-01 9.734954601562499921e-01
2.000000000000000000e+01 9.896217328125000989e-01 9.769689156250001005e-01
2.500000000000000000e+01 9.879545296875000826e-01 9.803762960937498772e-01
3.000000000000000000e+01 9.885182875000001479e-01 9.833544023437500448e-01
3.500000000000000000e+01 9.894122976562499394e-01 9.859152937499999769e-01
4.000000000000000000e+01 9.894134124999999225e-01 9.864331851562502251e-01
4.500000000000000000e+01 9.910626820312498086e-01 9.885512937499999486e-01
5.000000000000000000e+01 9.930574101562499312e-01 9.877768929687498201e-01
5.500000000000000000e+01 9.911969046875001021e-01 9.903895210937498916e-01
6.000000000000000000e+01 9.932422039062499541e-01 9.913819124999999621e-01
6.500000000000000000e+01 9.919046390625000376e-01 9.914324749999998687e-01
7.000000000000000000e+01 9.933658898437499607e-01 9.920623156250000241e-01
7.500000000000000000e+01 9.930328039062500389e-01 9.937714609375000174e-01
8.000000000000000000e+01 9.937307390624997572e-01 9.934415179687497988e-01
8.500000000000000000e+01 9.923030203124998394e-01 9.930562179687498769e-01
9.000000000000000000e+01 9.938948929687499989e-01 9.938660578124999256e-01
9.500000000000000000e+01 9.929128203124998331e-01 9.931126007812501877e-01
1.000000000000000000e+02 9.936308296874998280e-01 9.954117789062498778e-01
1.050000000000000000e+02 9.930263148437499243e-01 9.958140984374999061e-01
1.100000000000000000e+02 9.935753046875002159e-01 9.955475445312499394e-01
1.150000000000000000e+02 9.935746124999997875e-01 9.965424085937499843e-01
1.200000000000000000e+02 9.921278195312501769e-01 9.959224703125000300e-01
1.250000000000000000e+02 9.935526679687498586e-01 9.950682320312498330e-01
1.300000000000000000e+02 9.941464179687500291e-01 9.954411015624999859e-01
1.350000000000000000e+02 9.932922453125001550e-01 9.970712273437498663e-01
1.400000000000000000e+02 9.949147531249996623e-01 9.966408820312500083e-01
1.450000000000000000e+02 9.943748351562499144e-01 9.967968765624999339e-01
1.500000000000000000e+02 9.960294226562499409e-01 9.974270414062498258e-01
1.550000000000000000e+02 9.933556882812499822e-01 9.971042953124997776e-01
1.600000000000000000e+02 9.952312335937500976e-01 9.972122406249999127e-01
1.650000000000000000e+02 9.937204171874999270e-01 9.975412390624999182e-01
1.700000000000000000e+02 9.923725195312499414e-01 9.978373124999999622e-01
1.750000000000000000e+02 9.947569554687498705e-01 9.973383250000000810e-01
1.800000000000000000e+02 9.936227757812499117e-01 9.979560695312500451e-01
1.850000000000000000e+02 9.940649531250000948e-01 9.977097875000000560e-01
1.900000000000000000e+02 9.939567515624998517e-01 9.984042984375000040e-01
1.950000000000000000e+02 9.948862390624999552e-01 9.968256484375001003e-01
2.000000000000000000e+02 9.942505124999998500e-01 9.972855359375001338e-01
2.050000000000000000e+02 9.941687289062501875e-01 9.978686492187497370e-01
2.100000000000000000e+02 9.958200976562500140e-01 9.977899921874999745e-01
2.150000000000000000e+02 9.946717968749998473e-01 9.984409476562499108e-01
2.200000000000000000e+02 9.947860085937498820e-01 9.972400554687499419e-01
2.250000000000000000e+02 9.942637804687498582e-01 9.976487664062499983e-01
2.300000000000000000e+02 9.956255578125000616e-01 9.979708812499999970e-01
2.350000000000000000e+02 9.963564578125000404e-01 9.990614718749999401e-01
2.400000000000000000e+02 9.949274710937500155e-01 9.982874765625000535e-01
2.450000000000000000e+02 9.943987765624999753e-01 9.976081203124997909e-01
2.500000000000000000e+02 9.952530148437501722e-01 9.985826664062498192e-01
2.550000000000000000e+02 9.951535734375001052e-01 9.967938015624998593e-01
2.600000000000000000e+02 9.945892203124999664e-01 9.988359484374997876e-01
2.650000000000000000e+02 9.954142109375002656e-01 9.986637351562499543e-01
2.700000000000000000e+02 9.944764820312498310e-01 9.989438914062500618e-01
2.750000000000000000e+02 9.947572562499997773e-01 9.978836312500000139e-01
2.800000000000000000e+02 9.958110921874998578e-01 9.989240359375000100e-01
2.850000000000000000e+02 9.956403718749997633e-01 9.988957992187501578e-01
2.900000000000000000e+02 9.967156765624997083e-01 9.986579687500001246e-01
2.950000000000000000e+02 9.968654796875000557e-01 9.981464374999999833e-01
3.000000000000000000e+02 9.956794781249997950e-01 9.988728351562501384e-01
3.050000000000000000e+02 9.966839859374998500e-01 9.990784328125000835e-01
3.100000000000000000e+02 9.964564242187498033e-01 9.998950468749999709e-01
3.150000000000000000e+02 9.955587859374999127e-01 9.980619218749999799e-01
3.200000000000000000e+02 9.967217843749999195e-01 9.984564937500000070e-01
3.250000000000000000e+02 9.962004195312499366e-01 9.989977031249998030e-01
3.300000000000000000e+02 9.958522757812499071e-01 9.977103132812498165e-01
3.350000000000000000e+02 9.964769335937498917e-01 9.996287859375000417e-01
3.400000000000000000e+02 9.961554867187499829e-01 9.987758296875000052e-01
3.450000000000000000e+02 9.952439757812496790e-01 9.994665718750000982e-01
3.500000000000000000e+02 9.964599742187500997e-01 9.999974828125001158e-01
3.550000000000000000e+02 9.962630203124998030e-01 9.977705960937500729e-01
3.600000000000000000e+02 9.951088710937501247e-01 9.978692125000001578e-01
3.650000000000000000e+02 9.968627742187499141e-01 9.996660656250000443e-01
3.700000000000000000e+02 9.968038414062497798e-01 9.976066531249998537e-01
3.750000000000000000e+02 9.950071835937499554e-01 9.986392335937500642e-01
3.800000000000000000e+02 9.958136773437500366e-01 9.995428968749999754e-01
3.850000000000000000e+02 9.964219984375002337e-01 9.982597148437498680e-01
3.900000000000000000e+02 9.962500570312500248e-01 9.986134054687501038e-01
3.950000000000000000e+02 9.972910148437501565e-01 9.995474632812501037e-01
4.000000000000000000e+02 9.964172882812498688e-01 9.999425289062499056e-01
4.050000000000000000e+02 9.953479835937502074e-01 9.987817195312500562e-01
4.100000000000000000e+02 9.970902851562499780e-01 9.989894671874999243e-01
4.150000000000000000e+02 9.975362984375000241e-01 9.987277054687500044e-01
4.200000000000000000e+02 9.954113679687498495e-01 9.979094351562499687e-01
4.250000000000000000e+02 9.975185554687499012e-01 9.992062968749998442e-01
4.300000000000000000e+02 9.962424898437500786e-01 9.997666953124999534e-01
4.350000000000000000e+02 9.973044539062501102e-01 9.992836429687498301e-01
4.400000000000000000e+02 9.966960671874998123e-01 9.995400414062501904e-01
4.450000000000000000e+02 9.964558671875000107e-01 9.981807648437497349e-01
4.500000000000000000e+02 9.961922789062500616e-01 9.993889796874999565e-01
4.550000000000000000e+02 9.964254601562497760e-01 9.989700593749999413e-01
4.600000000000000000e+02 9.966165515625000637e-01 9.995594859374999919e-01
4.650000000000000000e+02 9.967909195312497639e-01 9.992725140624999502e-01
4.700000000000000000e+02 9.963834718749996489e-01 9.997046187500000514e-01
4.750000000000000000e+02 9.975523312500002016e-01 9.999715890624998327e-01
4.800000000000000000e+02 9.966637320312500270e-01 9.994564640624998830e-01
4.850000000000000000e+02 9.974164343749999384e-01 9.986103429687499533e-01
4.900000000000000000e+02 9.971187523437500255e-01 9.995891578124999066e-01
4.950000000000000000e+02 9.971870343750000032e-01 9.988095398437499828e-01
