0.000000000000000000e+00 3.187499999999999362e-02 3.187499999999999362e-02
5.000000000000000000e+00 9.775307609375000206e-01 9.438497070312499293e-01
1.000000000000000000e+01 9.866146546874998702e-01 9.626346164062498101e-01
1.500000000000000000e+01 9.893825632812497384e-01 9.734954601562499921e-01
2.000000000000000000e+01 9.909694695312498691e-01 9.769689156250001005e-01
2.500000000000000000e+01 9.913025624999999286e-01 9.803762960937498772e-01
3.000000000000000000e+01 9.934323093749999334e-01 9.833544023437500448e-01
3.500000000000000000e+01 9.945550718750002517e-01 9.859152937499999769e-01
4.000000000000000000e+01 9.935909851562497730e-01 9.864331851562502251e-01
4.500000000000000000e+01 9.928404945312496732e-01 9.885512937499999486e-01
5.000000000000000000e+01 9.937908218749997857e-01 9.877768929687498201e-01
5.500000000000000000e+01 9.939928398437498647e-01 9.903895210937498916e-01
6.000000000000000000e+01 9.951536718749997013e-01 9.913819124999999621e-01
6.500000000000000000e+01 9.941590289062498531e-01 9.914324749999998687e-01
7.000000000000000000e+01 9.957516617187499586e-01 9.920623156250000241e-01
7.500000000000000000e+01 9.951377882812499909e-01 9.937714609375000174e-01
8.000000000000000000e+01 9.942611335937499017e-01 9.934415179687497988e-01
8.500000000000000000e+01 9.950770328125001507e-01 9.930562179687498769e-01
9.000000000000000000e+01 9.953752906249997423e-01 9.938660578124999256e-01
9.500000000000000000e+01 9.953987562499999608e-01 9.931126007812501877e-01
1.000000000000000000e+02 9.960574749999999700e-01 9.954117789062498778e-01
1.050000000000000000e+02 9.951286500000001700e-01 9.958140984374999061e-01
1.100000000000000000e+02 9.955395953125002473e-01 9.955475445312499394e-01
1.150000000000000000e+02 9.960686742187497833e-01 9.965424085937499843e-01
1.200000000000000000e+02 9.951946296875000542e-01 9.959224703125000300e-01
1.250000000000000000e+02 9.967305179687500072e-01 9.950682320312498330e-01
1.300000000000000000e+02 9.939557359375001955e-01 9.954411015624999859e-01
1.350000000000000000e+02 9.956178382812501670e-01 9.970712273437498663e-01
1.400000000000000000e+02 9.965572874999997222e-01 9.966408820312500083e-01
1.450000000000000000e+02 9.965941515624999747e-01 9.967968765624999339e-01
1.500000000000000000e+02 9.963296234374998672e-01 9.974270414062498258e-01
1.550000000000000000e+02 9.964131242187498350e-01 9.971042953124997776e-01
1.600000000000000000e+02 9.960868124999999740e-01 9.972122406249999127e-01
1.650000000000000000e+02 9.967215437499998831e-01 9.975412390624999182e-01
1.700000000000000000e+02 9.964902429687496621e-01 9.978373124999999622e-01
1.750000000000000000e+02 9.965908750000000982e-01 9.973383250000000810e-01
1.800000000000000000e+02 9.954671382812498859e-01 9.979560695312500451e-01
1.850000000000000000e+02 9.955490265624999946e-01 9.977097875000000560e-01
1.900000000000000000e+02 9.958718656250000745e-01 9.984042984375000040e-01
1.950000000000000000e+02 9.970321500000001169e-01 9.968256484375001003e-01
2.000000000000000000e+02 9.959719468750000138e-01 9.972855359375001338e-01
2.050000000000000000e+02 9.958251406250001603e-01 9.978686492187497370e-01
2.100000000000000000e+02 9.973278320312498613e-01 9.977899921874999745e-01
2.150000000000000000e+02 9.956795031249999761e-01 9.984409476562499108e-01
2.200000000000000000e+02 9.959216898437501797e-01 9.972400554687499419e-01
2.250000000000000000e+02 9.970997343750001018e-01 9.976487664062499983e-01
2.300000000000000000e+02 9.961866632812499400e-01 9.979708812499999970e-01
2.350000000000000000e+02 9.958427218749997811e-01 9.990614718749999401e-01
2.400000000000000000e+02 9.975405882812500291e-01 9.982874765625000535e-01
2.450000000000000000e+02 9.960544945312499454e-01 9.976081203124997909e-01
2.500000000000000000e+02 9.976800343749999689e-01 9.985826664062498192e-01
2.550000000000000000e+02 9.965721828125000403e-01 9.967938015624998593e-01
2.600000000000000000e+02 9.963890953124998617e-01 9.988359484374997876e-01
2.650000000000000000e+02 9.961330203124999505e-01 9.986637351562499543e-01
2.700000000000000000e+02 9.969130429687498296e-01 9.989438914062500618e-01
2.750000000000000000e+02 9.965388109375000747e-01 9.978836312500000139e-01
2.800000000000000000e+02 9.959642937499999515e-01 9.989240359375000100e-01
2.850000000000000000e+02 9.975998710937499236e-01 9.988957992187501578e-01
2.900000000000000000e+02 9.980733703125000966e-01 9.986579687500001246e-01
2.950000000000000000e+02 9.964389539062500356e-01 9.981464374999999833e-01
3.000000000000000000e+02 9.971036249999999379e-01 9.988728351562501384e-01
3.050000000000000000e+02 9.969220773437497130e-01 9.990784328125000835e-01
3.100000000000000000e+02 9.973421468750001129e-01 9.998950468749999709e-01
3.150000000000000000e+02 9.978234960937498732e-01 9.980619218749999799e-01
3.200000000000000000e+02 9.961312414062499787e-01 9.984564937500000070e-01
3.250000000000000000e+02 9.958417757812499937e-01 9.989977031249998030e-01
3.300000000000000000e+02 9.977314398437500120e-01 9.977103132812498165e-01
3.350000000000000000e+02 9.966045929687499250e-01 9.996287859375000417e-01
3.400000000000000000e+02 9.962862226562501089e-01 9.987758296875000052e-01
3.450000000000000000e+02 9.963553031249998693e-01 9.994665718750000982e-01
3.500000000000000000e+02 9.965179390624998579e-01 9.999974828125001158e-01
3.550000000000000000e+02 9.969960179687499258e-01 9.977705960937500729e-01
3.600000000000000000e+02 9.958556304687500305e-01 9.978692125000001578e-01
3.650000000000000000e+02 9.965470312499998817e-01 9.996660656250000443e-01
3.700000000000000000e+02 9.964507203124999268e-01 9.976066531249998537e-01
3.750000000000000000e+02 9.961260148437499629e-01 9.986392335937500642e-01
3.800000000000000000e+02 9.960082343750000788e-01 9.995428968749999754e-01
3.850000000000000000e+02 9.962852265624999593e-01 9.982597148437498680e-01
3.900000000000000000e+02 9.964210843750000990e-01 9.986134054687501038e-01
3.950000000000000000e+02 9.973680921875001104e-01 9.995474632812501037e-01
4.000000000000000000e+02 9.966802101562499683e-01 9.999425289062499056e-01
4.050000000000000000e+02 9.965898437499998153e-01 9.987817195312500562e-01
4.100000000000000000e+02 9.965168312500001235e-01 9.989894671874999243e-01
4.150000000000000000e+02 9.969593656250002045e-01 9.987277054687500044e-01
4.200000000000000000e+02 9.966767804687497456e-01 9.979094351562499687e-01
4.250000000000000000e+02 9.971228335937499798e-01 9.992062968749998442e-01
4.300000000000000000e+02 9.984713656250001623e-01 9.997666953124999534e-01
4.350000000000000000e+02 9.965708726562499953e-01 9.992836429687498301e-01
4.400000000000000000e+02 9.965207359375000129e-01 9.995400414062501904e-01
4.450000000000000000e+02 9.972793242187499851e-01 9.981807648437497349e-01
4.500000000000000000e+02 9.969831796874999430e-01 9.993889796874999565e-01
4.550000000000000000e+02 9.979260039062498588e-01 9.989700593749999413e-01
4.600000000000000000e+02 9.980793921874997476e-01 9.995594859374999919e-01
4.650000000000000000e+02 9.973522757812499639e-01 9.992725140624999502e-01
4.700000000000000000e+02 9.965216226562498836e-01 9.997046187500000514e-01
4.750000000000000000e+02 9.973859367187498659e-01 9.999715890624998327e-01
4.800000000000000000e+02 9.964240601562499577e-01 9.994564640624998830e-01
4.850000000000000000e+02 9.967677156249999948e-01 9.986103429687499533e-01
4.900000000000000000e+02 9.963941374999997214e-01 9.995891578124999066e-01
4.950000000000000000e+02 9.979131296875001222e-01 9.988095398437499828e-01
