0.000000000000000000e+00 3.187499999999999362e-02 3.187499999999999362e-02
5.000000000000000000e+00 9.438497070312499293e-01 7.808658648437499794e-01
1.000000000000000000e+01 9.626346164062498101e-01 8.476294140624999196e-01
1.500000000000000000e+01 9.734954601562499921e-01 8.777149757812499065e-01
2.000000000000000000e+01 9.769689156250001005e-01 9.013244562500000168e-01
2.500000000000000000e+01 9.803762960937498772e-01 9.189346718749999976e-01
3.000000000000000000e+01 9.833544023437500448e-01 9.294432687499998291e-01
3.500000000000000000e+01 9.859152937499999769e-01 9.385368664062501143e-01
4.000000000000000000e+01 9.864331851562502251e-01 9.476480867187498935e-01
4.500000000000000000e+01 9.885512937499999486e-01 9.553598945312499202e-01
5.000000000000000000e+01 9.877768929687498201e-01 9.599362414062498905e-01
5.500000000000000000e+01 9.903895210937498916e-01 9.651737351562499345e-01
6.000000000000000000e+01 9.913819124999999621e-01 9.682898999999999257e-01
6.500000000000000000e+01 9.914324749999998687e-01 9.707903398437498499e-01
7.000000000000000000e+01 9.920623156250000241e-01 9.756289617187501317e-01
7.500000000000000000e+01 9.937714609375000174e-01 9.766081867187497156e-01
8.000000000000000000e+01 9.934415179687497988e-01 9.788123937499999538e-01
8.500000000000000000e+01 9.930562179687498769e-01 9.820898687499999280e-01
9.000000000000000000e+01 9.938660578124999256e-01 9.839001476562501125e-01
9.500000000000000000e+01 9.931126007812501877e-01 9.845965171874999644e-01
1.000000000000000000e+02 9.954117789062498778e-01 9.840363312499998960e-01
1.050000000000000000e+02 9.958140984374999061e-01 9.872656867187498131e-01
1.100000000000000000e+02 9.955475445312499394e-01 9.888551656249997546e-01
1.150000000000000000e+02 9.965424085937499843e-01 9.884595429687499379e-01
1.200000000000000000e+02 9.959224703125000300e-01 9.896584929687499699e-01
1.250000000000000000e+02 9.950682320312498330e-01 9.899622234375000662e-01
1.300000000000000000e+02 9.954411015624999859e-01 9.898816492187496596e-01
1.350000000000000000e+02 9.970712273437498663e-01 9.910241781249998771e-01
1.400000000000000000e+02 9.966408820312500083e-01 9.896047914062500173e-01
1.450000000000000000e+02 9.967968765624999339e-01 9.910839015625002579e-01
1.500000000000000000e+02 9.974270414062498258e-01 9.919552335937499299e-01
1.550000000000000000e+02 9.971042953124997776e-01 9.926426804687500383e-01
1.600000000000000000e+02 9.972122406249999127e-01 9.915981171874997946e-01
1.650000000000000000e+02 9.975412390624999182e-01 9.929027390624998173e-01
1.700000000000000000e+02 9.978373124999999622e-01 9.930591218750001170e-01
1.750000000000000000e+02 9.973383250000000810e-01 9.928331992187500177e-01
1.800000000000000000e+02 9.979560695312500451e-01 9.922070781249999749e-01
1.850000000000000000e+02 9.977097875000000560e-01 9.941739734375000248e-01
1.900000000000000000e+02 9.984042984375000040e-01 9.934951429687499669e-01
1.950000000000000000e+02 9.968256484375001003e-01 9.944857859374998110e-01
2.000000000000000000e+02 9.972855359375001338e-01 9.944348695312500430e-01
2.050000000000000000e+02 9.978686492187497370e-01 9.937922406249997120e-01
2.100000000000000000e+02 9.977899921874999745e-01 9.943990445312500537e-01
2.150000000000000000e+02 9.984409476562499108e-01 9.947601343749999936e-01
2.200000000000000000e+02 9.972400554687499419e-01 9.945958531250000956e-01
2.250000000000000000e+02 9.976487664062499983e-01 9.947028742187500328e-01
2.300000000000000000e+02 9.979708812499999970e-01 9.952860929687498137e-01
2.350000000000000000e+02 9.990614718749999401e-01 9.953497429687498954e-01
2.400000000000000000e+02 9.982874765625000535e-01 9.945809593750001287e-01
2.450000000000000000e+02 9.976081203124997909e-01 9.950605414062498877e-01
2.500000000000000000e+02 9.985826664062498192e-01 9.943818976562500689e-01
2.550000000000000000e+02 9.967938015624998593e-01 9.956770890624999648e-01
2.600000000000000000e+02 9.988359484374997876e-01 9.952348695312498439e-01
2.650000000000000000e+02 9.986637351562499543e-01 9.955723437499998107e-01
2.700000000000000000e+02 9.989438914062500618e-01 9.966689984374997868e-01
2.750000000000000000e+02 9.978836312500000139e-01 9.954113593750000266e-01
2.800000000000000000e+02 9.989240359375000100e-01 9.945346851562499868e-01
2.850000000000000000e+02 9.988957992187501578e-01 9.944528000000000256e-01
2.900000000000000000e+02 9.986579687500001246e-01 9.953623390624999345e-01
2.950000000000000000e+02 9.981464374999999833e-01 9.950794085937501032e-01
3.000000000000000000e+02 9.988728351562501384e-01 9.948177734374998860e-01
3.050000000000000000e+02 9.990784328125000835e-01 9.960772679687499576e-01
3.100000000000000000e+02 9.998950468749999709e-01 9.956530726562500266e-01
3.150000000000000000e+02 9.980619218749999799e-01 9.954258085937498501e-01
3.200000000000000000e+02 9.984564937500000070e-01 9.955944750000000898e-01
3.250000000000000000e+02 9.989977031249998030e-01 9.960968304687499719e-01
3.300000000000000000e+02 9.977103132812498165e-01 9.958422445312500315e-01
3.350000000000000000e+02 9.996287859375000417e-01 9.962608406249998660e-01
3.400000000000000000e+02 9.987758296875000052e-01 9.963373781249998951e-01
3.450000000000000000e+02 9.994665718750000982e-01 9.965568296874998122e-01
3.500000000000000000e+02 9.999974828125001158e-01 9.967041554687501304e-01
3.550000000000000000e+02 9.977705960937500729e-01 9.963320101562500586e-01
3.600000000000000000e+02 9.978692125000001578e-01 9.958435406249996902e-01
3.650000000000000000e+02 9.996660656250000443e-01 9.951646085937498887e-01
3.700000000000000000e+02 9.976066531249998537e-01 9.967178624999999403e-01
3.750000000000000000e+02 9.986392335937500642e-01 9.962870617187500333e-01
3.800000000000000000e+02 9.995428968749999754e-01 9.956402640624997247e-01
3.850000000000000000e+02 9.982597148437498680e-01 9.975146101562500922e-01
3.900000000000000000e+02 9.986134054687501038e-01 9.966311203125000073e-01
3.950000000000000000e+02 9.995474632812501037e-01 9.977197882812500751e-01
4.000000000000000000e+02 9.999425289062499056e-01 9.978111203124999662e-01
4.050000000000000000e+02 9.987817195312500562e-01 9.967794843749999689e-01
4.100000000000000000e+02 9.989894671874999243e-01 9.976906929687500147e-01
4.150000000000000000e+02 9.987277054687500044e-01 9.968802226562498703e-01
4.200000000000000000e+02 9.979094351562499687e-01 9.963796617187499205e-01
4.250000000000000000e+02 9.992062968749998442e-01 9.971474742187499407e-01
4.300000000000000000e+02 9.997666953124999534e-01 9.962033195312500755e-01
4.350000000000000000e+02 9.992836429687498301e-01 9.970060281249997214e-01
4.400000000000000000e+02 9.995400414062501904e-01 9.970870718750000083e-01
4.450000000000000000e+02 9.981807648437497349e-01 9.975076804687500465e-01
4.500000000000000000e+02 9.993889796874999565e-01 9.971941929687497819e-01
4.550000000000000000e+02 9.989700593749999413e-01 9.962511226562499322e-01
4.600000000000000000e+02 9.995594859374999919e-01 9.967036796874998439e-01
4.650000000000000000e+02 9.992725140624999502e-01 9.977371015624999506e-01
4.700000000000000000e+02 9.997046187500000514e-01 9.977275765624998849e-01
4.750000000000000000e+02 9.999715890624998327e-01 9.970393039062498408e-01
4.800000000000000000e+02 9.994564640624998830e-01 9.978569429687496051e-01
4.850000000000000000e+02 9.986103429687499533e-01 9.982033570312500714e-01
4.900000000000000000e+02 9.995891578124999066e-01 9.987529812499997828e-01
4.950000000000000000e+02 9.988095398437499828e-01 9.969324914062500653e-01
