0.000000000000000000e+00 3.187499999999999362e-02 3.187499999999999362e-02
5.000000000000000000e+00 9.789374328124997859e-01 9.775307609375000206e-01
1.000000000000000000e+01 9.838605695312500066e-01 9.866146546874998702e-01
1.500000000000000000e+01 9.861962015624999855e-01 9.893825632812497384e-01
2.000000000000000000e+01 9.896217328125000989e-01 9.909694695312498691e-01
2.500000000000000000e+01 9.879545296875000826e-01 9.913025624999999286e-01
3.000000000000000000e+01 9.885182875000001479e-01 9.934323093749999334e-01
3.500000000000000000e+01 9.894122976562499394e-01 9.945550718750002517e-01
4.000000000000000000e+01 9.894134124999999225e-01 9.935909851562497730e-01
4.500000000000000000e+01 9.910626820312498086e-01 9.928404945312496732e-01
5.000000000000000000e+01 9.930574101562499312e-01 9.937908218749997857e-01
5.500000000000000000e+01 9.911969046875001021e-01 9.939928398437498647e-01
6.000000000000000000e+01 9.932422039062499541e-01 9.951536718749997013e-01
6.500000000000000000e+01 9.919046390625000376e-01 9.941590289062498531e-01
7.000000000000000000e+01 9.933658898437499607e-01 9.957516617187499586e-01
7.500000000000000000e+01 9.930328039062500389e-01 9.951377882812499909e-01
8.000000000000000000e+01 9.937307390624997572e-01 9.942611335937499017e-01
8.500000000000000000e+01 9.923030203124998394e-01 9.950770328125001507e-01
9.000000000000000000e+01 9.938948929687499989e-01 9.953752906249997423e-01
9.500000000000000000e+01 9.929128203124998331e-01 9.953987562499999608e-01
1.000000000000000000e+02 9.936308296874998280e-01 9.960574749999999700e-01
1.050000000000000000e+02 9.930263148437499243e-01 9.951286500000001700e-01
1.100000000000000000e+02 9.935753046875002159e-01 9.955395953125002473e-01
1.150000000000000000e+02 9.935746124999997875e-01 9.960686742187497833e-01
1.200000000000000000e+02 9.921278195312501769e-01 9.951946296875000542e-01
1.250000000000000000e+02 9.935526679687498586e-01 9.967305179687500072e-01
1.300000000000000000e+02 9.941464179687500291e-01 9.939557359375001955e-01
1.350000000000000000e+02 9.932922453125001550e-01 9.956178382812501670e-01
1.400000000000000000e+02 9.949147531249996623e-01 9.965572874999997222e-01
1.450000000000000000e+02 9.943748351562499144e-01 9.965941515624999747e-01
1.500000000000000000e+02 9.960294226562499409e-01 9.963296234374998672e-01
1.550000000000000000e+02 9.933556882812499822e-01 9.964131242187498350e-01
1.600000000000000000e+02 9.952312335937500976e-01 9.960868124999999740e-01
1.650000000000000000e+02 9.937204171874999270e-01 9.967215437499998831e-01
1.700000000000000000e+02 9.923725195312499414e-01 9.964902429687496621e-01
1.750000000000000000e+02 9.947569554687498705e-01 9.965908750000000982e-01
1.800000000000000000e+02 9.936227757812499117e-01 9.954671382812498859e-01
1.850000000000000000e+02 9.940649531250000948e-01 9.955490265624999946e-01
1.900000000000000000e+02 9.939567515624998517e-01 9.958718656250000745e-01
1.950000000000000000e+02 9.948862390624999552e-01 9.970321500000001169e-01
2.000000000000000000e+02 9.942505124999998500e-01 9.959719468750000138e-01
2.050000000000000000e+02 9.941687289062501875e-01 9.958251406250001603e-01
2.100000000000000000e+02 9.958200976562500140e-01 9.973278320312498613e-01
2.150000000000000000e+02 9.946717968749998473e-01 9.956795031249999761e-01
2.200000000000000000e+02 9.947860085937498820e-01 9.959216898437501797e-01
2.250000000000000000e+02 9.942637804687498582e-01 9.970997343750001018e-01
2.300000000000000000e+02 9.956255578125000616e-01 9.961866632812499400e-01
2.350000000000000000e+02 9.963564578125000404e-01 9.958427218749997811e-01
2.400000000000000000e+02 9.949274710937500155e-01 9.975405882812500291e-01
2.450000000000000000e+02 9.943987765624999753e-01 9.960544945312499454e-01
2.500000000000000000e+02 9.952530148437501722e-01 9.976800343749999689e-01
2.550000000000000000e+02 9.951535734375001052e-01 9.965721828125000403e-01
2.600000000000000000e+02 9.945892203124999664e-01 9.963890953124998617e-01
2.650000000000000000e+02 9.954142109375002656e-01 9.961330203124999505e-01
2.700000000000000000e+02 9.944764820312498310e-01 9.969130429687498296e-01
2.750000000000000000e+02 9.947572562499997773e-01 9.965388109375000747e-01
2.800000000000000000e+02 9.958110921874998578e-01 9.959642937499999515e-01
2.850000000000000000e+02 9.956403718749997633e-01 9.975998710937499236e-01
2.900000000000000000e+02 9.967156765624997083e-01 9.980733703125000966e-01
2.950000000000000000e+02 9.968654796875000557e-01 9.964389539062500356e-01
3.000000000000000000e+02 9.956794781249997950e-01 9.971036249999999379e-01
3.050000000000000000e+02 9.966839859374998500e-01 9.969220773437497130e-01
3.100000000000000000e+02 9.964564242187498033e-01 9.973421468750001129e-01
3.150000000000000000e+02 9.955587859374999127e-01 9.978234960937498732e-01
3.200000000000000000e+02 9.967217843749999195e-01 9.961312414062499787e-01
3.250000000000000000e+02 9.962004195312499366e-01 9.958417757812499937e-01
3.300000000000000000e+02 9.958522757812499071e-01 9.977314398437500120e-01
3.350000000000000000e+02 9.964769335937498917e-01 9.966045929687499250e-01
3.400000000000000000e+02 9.961554867187499829e-01 9.962862226562501089e-01
3.450000000000000000e+02 9.952439757812496790e-01 9.963553031249998693e-01
3.500000000000000000e+02 9.964599742187500997e-01 9.965179390624998579e-01
3.550000000000000000e+02 9.962630203124998030e-01 9.969960179687499258e-01
3.600000000000000000e+02 9.951088710937501247e-01 9.958556304687500305e-01
3.650000000000000000e+02 9.968627742187499141e-01 9.965470312499998817e-01
3.700000000000000000e+02 9.968038414062497798e-01 9.964507203124999268e-01
3.750000000000000000e+02 9.950071835937499554e-01 9.961260148437499629e-01
3.800000000000000000e+02 9.958136773437500366e-01 9.960082343750000788e-01
3.850000000000000000e+02 9.964219984375002337e-01 9.962852265624999593e-01
3.900000000000000000e+02 9.962500570312500248e-01 9.964210843750000990e-01
3.950000000000000000e+02 9.972910148437501565e-01 9.973680921875001104e-01
4.000000000000000000e+02 9.964172882812498688e-01 9.966802101562499683e-01
4.050000000000000000e+02 9.953479835937502074e-01 9.965898437499998153e-01
4.100000000000000000e+02 9.970902851562499780e-01 9.965168312500001235e-01
4.150000000000000000e+02 9.975362984375000241e-01 9.969593656250002045e-01
4.200000000000000000e+02 9.954113679687498495e-01 9.966767804687497456e-01
4.250000000000000000e+02 9.975185554687499012e-01 9.971228335937499798e-01
4.300000000000000000e+02 9.962424898437500786e-01 9.984713656250001623e-01
4.350000000000000000e+02 9.973044539062501102e-01 9.965708726562499953e-01
4.400000000000000000e+02 9.966960671874998123e-01 9.965207359375000129e-01
4.450000000000000000e+02 9.964558671875000107e-01 9.972793242187499851e-01
4.500000000000000000e+02 9.961922789062500616e-01 9.969831796874999430e-01
4.550000000000000000e+02 9.964254601562497760e-01 9.979260039062498588e-01
4.600000000000000000e+02 9.966165515625000637e-01 9.980793921874997476e-01
4.650000000000000000e+02 9.967909195312497639e-01 9.973522757812499639e-01
4.700000000000000000e+02 9.963834718749996489e-01 9.965216226562498836e-01
4.750000000000000000e+02 9.975523312500002016e-01 9.973859367187498659e-01
4.800000000000000000e+02 9.966637320312500270e-01 9.964240601562499577e-01
4.850000000000000000e+02 9.974164343749999384e-01 9.967677156249999948e-01
4.900000000000000000e+02 9.971187523437500255e-01 9.963941374999997214e-01
4.950000000000000000e+02 9.971870343750000032e-01 9.979131296875001222e-01
