0.000000000000000000e+00 0.000000000000000000e+00 0.000000000000000000e+00 0.000000000000000000e+00 0.000000000000000000e+00 0.000000000000000000e+00 0.000000000000000000e+00
5.000000000000000000e+00 3.624431407684930995e-01 6.321356888067388713e-01 1.000000000000000000e+00 1.000000000000000000e+00 6.976003789239716701e-02 1.528280162165925049e-01
1.000000000000000000e+01 3.444183531776609519e-01 5.263528786548741234e-01 1.000000000000000000e+00 1.000000000000000000e+00 8.547815989666031344e-02 1.386228894630444075e-01
1.500000000000000000e+01 4.649253610162665251e-01 7.306419337868843566e-01 1.000000000000000000e+00 1.000000000000000000e+00 1.042271633133253772e-01 1.688547865447702911e-01
2.000000000000000000e+01 5.361951085636312841e-01 5.029590550306346497e-01 1.000000000000000000e+00 1.000000000000000000e+00 1.154305741419433401e-01 1.342496374722239039e-01
2.500000000000000000e+01 3.622532336339264192e-01 3.814925495469942973e-01 0.000000000000000000e+00 1.000000000000000000e+00 1.320556824835333043e-01 1.166927329301956362e-01
3.000000000000000000e+01 3.769788768278415358e-01 6.183501488020175518e-01 1.000000000000000000e+00 1.000000000000000000e+00 1.228138956288959832e-01 1.413276848500015226e-01
3.500000000000000000e+01 5.387433610587286648e-01 5.951205038175169104e-01 1.000000000000000000e+00 1.000000000000000000e+00 6.948776370258986923e-02 1.159496698638082801e-01
4.000000000000000000e+01 4.469095209487535802e-01 5.150029796899138201e-01 1.000000000000000000e+00 0.000000000000000000e+00 1.534534461799358651e-01 1.936933230108271176e-01
4.500000000000000000e+01 6.154323416302104333e-01 7.351314006206982610e-01 1.000000000000000000e+00 1.000000000000000000e+00 1.509922708015235260e-01 1.486020811694480082e-01
5.000000000000000000e+01 3.748343137437963324e-01 6.394462355651390206e-01 1.000000000000000000e+00 1.000000000000000000e+00 9.511653356539694071e-02 1.509242047516798635e-01
5.500000000000000000e+01 5.870102021732797049e-01 7.263712808080691197e-01 1.000000000000000000e+00 0.000000000000000000e+00 1.519236904096128438e-01 2.606961125101153187e-01
6.000000000000000000e+01 4.044753149147597426e-01 4.821941621971816971e-01 0.000000000000000000e+00 1.000000000000000000e+00 1.690464691616945792e-01 1.621050322091428242e-01
6.500000000000000000e+01 3.430383694146220130e-01 5.767257183487415340e-01 0.000000000000000000e+00 1.000000000000000000e+00 1.376239208568089678e-01 1.891834961949843963e-01
7.000000000000000000e+01 3.312559096406909043e-01 5.692535883220648518e-01 1.000000000000000000e+00 0.000000000000000000e+00 1.062860221499636743e-01 2.147140179728068976e-01
7.500000000000000000e+01 6.549470643946850856e-01 5.993769602197156487e-01 1.000000000000000000e+00 1.000000000000000000e+00 1.485275346241388683e-01 1.194237277601140762e-01
8.000000000000000000e+01 3.979216603316470535e-01 4.189841584051389733e-01 0.000000000000000000e+00 1.000000000000000000e+00 2.017869712365183976e-01 1.172991522255725227e-01
8.500000000000000000e+01 4.017125358573824245e-01 4.410095150551711640e-01 1.000000000000000000e+00 1.000000000000000000e+00 1.009424133456959111e-01 1.358308251623767948e-01
9.000000000000000000e+01 2.357154964474840464e-01 4.945632187148650272e-01 0.000000000000000000e+00 1.000000000000000000e+00 1.687369749856140744e-01 1.303203110449749069e-01
9.500000000000000000e+01 3.101583153166781459e-01 4.076170365341237334e-01 0.000000000000000000e+00 0.000000000000000000e+00 1.499917928528876621e-01 1.493001424176245984e-01
1.000000000000000000e+02 4.957155841884136604e-01 3.802040064777231776e-01 1.000000000000000000e+00 0.000000000000000000e+00 1.293181757253991926e-01 1.826211974353033063e-01
1.050000000000000000e+02 4.471005423310175364e-01 5.509574443182707615e-01 0.000000000000000000e+00 1.000000000000000000e+00 1.597959149314983895e-01 1.752018631277303951e-01
1.100000000000000000e+02 3.456015252931049497e-01 5.979371324946971544e-01 1.000000000000000000e+00 1.000000000000000000e+00 1.203778535959242890e-01 2.068666650387960548e-01
1.150000000000000000e+02 3.913072959814036800e-01 5.868912629290370386e-01 1.000000000000000000e+00 1.000000000000000000e+00 8.791909478043560822e-02 1.344646341796388866e-01
1.200000000000000000e+02 3.330519234362843695e-01 3.282460818638086031e-01 1.000000000000000000e+00 1.000000000000000000e+00 5.775665262807520156e-02 8.752133687326567324e-02
1.250000000000000000e+02 3.978895298513369094e-01 2.963157009488646132e-01 0.000000000000000000e+00 0.000000000000000000e+00 2.147319274352701979e-01 1.794948968749398577e-01
1.300000000000000000e+02 2.127316859447652142e-01 5.677085813340894127e-01 0.000000000000000000e+00 1.000000000000000000e+00 1.147150416613265528e-01 1.900164504404135146e-01
1.350000000000000000e+02 3.526622525720826129e-01 5.306841894869839260e-01 0.000000000000000000e+00 0.000000000000000000e+00 1.624468102511489875e-01 1.886946664814483920e-01
1.400000000000000000e+02 3.339816866435514342e-01 3.868765778282864942e-01 0.000000000000000000e+00 0.000000000000000000e+00 1.600433060067570079e-01 1.629776943260665967e-01
1.450000000000000000e+02 4.820930148002308679e-01 5.492164443459395251e-01 1.000000000000000000e+00 1.000000000000000000e+00 5.937200808702992882e-02 1.271241009228033791e-01
1.500000000000000000e+02 3.203634930637966338e-01 4.374167475023432727e-01 1.000000000000000000e+00 0.000000000000000000e+00 9.785888426633951309e-02 1.815114959644555104e-01
1.550000000000000000e+02 3.071808815004463122e-01 5.020550713914857521e-01 1.000000000000000000e+00 1.000000000000000000e+00 8.088553982018778510e-02 9.055598628080670232e-02
1.600000000000000000e+02 2.051646391286560400e-01 4.434165055051928483e-01 0.000000000000000000e+00 1.000000000000000000e+00 1.076746383838846910e-01 1.298679944000575015e-01
1.650000000000000000e+02 4.405612181834882568e-01 4.764566680203571880e-01 1.000000000000000000e+00 0.000000000000000000e+00 1.175913544660265181e-01 1.956526004754304271e-01
1.700000000000000000e+02 5.051484946162878575e-01 5.686838510037784955e-01 1.000000000000000000e+00 0.000000000000000000e+00 1.137916673725899580e-01 2.027019117096739431e-01
1.750000000000000000e+02 3.581008877774693455e-01 3.280331280981884645e-01 1.000000000000000000e+00 0.000000000000000000e+00 8.836657596023701766e-02 1.439635918093227218e-01
1.800000000000000000e+02 3.562804184393811857e-01 3.440955302065827892e-01 0.000000000000000000e+00 0.000000000000000000e+00 1.443195665779771486e-01 1.222520471233213835e-01
1.850000000000000000e+02 2.452297865782331332e-01 2.868495664833261016e-01 1.000000000000000000e+00 0.000000000000000000e+00 8.422662079832611559e-02 1.427128915059613090e-01
1.900000000000000000e+02 4.431808998109455500e-01 2.702524116757670236e-01 1.000000000000000000e+00 0.000000000000000000e+00 6.831326205084463365e-02 1.714223381519187350e-01
1.950000000000000000e+02 2.618096889236808389e-01 4.424153477334299422e-01 0.000000000000000000e+00 1.000000000000000000e+00 1.015858014736323173e-01 1.139249181957304041e-01
2.000000000000000000e+02 3.710391731965611006e-01 2.516084264496101230e-01 1.000000000000000000e+00 0.000000000000000000e+00 1.051137394714189016e-01 8.943866268170884426e-02
2.050000000000000000e+02 3.747765211999624646e-01 3.843906266163572005e-01 1.000000000000000000e+00 0.000000000000000000e+00 1.073079171826693129e-01 1.391056613332148362e-01
2.100000000000000000e+02 3.070067063010087915e-01 3.234289446354248754e-01 1.000000000000000000e+00 0.000000000000000000e+00 1.008576917185125266e-01 1.596037828688429139e-01
2.150000000000000000e+02 6.072304700582149550e-01 4.938342464883816452e-01 1.000000000000000000e+00 1.000000000000000000e+00 1.100977683173547522e-01 1.132312373706841901e-01
2.200000000000000000e+02 5.290427017303850343e-01 3.354841009443799704e-01 1.000000000000000000e+00 0.000000000000000000e+00 8.582041479437400866e-02 1.909912769970981417e-01
2.250000000000000000e+02 3.413606447368077168e-01 4.416796264498391578e-01 0.000000000000000000e+00 1.000000000000000000e+00 1.919452686014809506e-01 1.545748823789400428e-01
2.300000000000000000e+02 4.201732039277145114e-01 4.367535078811435878e-01 1.000000000000000000e+00 1.000000000000000000e+00 8.595930010179446412e-02 1.338231065888743632e-01
2.350000000000000000e+02 3.231613157068821129e-01 3.873099243767071376e-01 1.000000000000000000e+00 1.000000000000000000e+00 9.649506277760172557e-02 1.015643182989903193e-01
2.400000000000000000e+02 4.869644438500745354e-01 4.026158415444442973e-01 1.000000000000000000e+00 1.000000000000000000e+00 1.505848342767499848e-01 1.346745803169362987e-01
2.450000000000000000e+02 3.910272950486236576e-01 4.047330540381995911e-01 1.000000000000000000e+00 0.000000000000000000e+00 1.332363032836318129e-01 1.653826694137031927e-01
2.500000000000000000e+02 3.460054224010742363e-01 2.074844629737394863e-01 0.000000000000000000e+00 0.000000000000000000e+00 1.546179241155684059e-01 1.378707057568403782e-01
2.550000000000000000e+02 2.796190226859448513e-01 5.391801597647881694e-01 0.000000000000000000e+00 1.000000000000000000e+00 1.536060846827847770e-01 1.420091091667805006e-01
2.600000000000000000e+02 4.840155350642339482e-01 5.144570540404761472e-01 0.000000000000000000e+00 1.000000000000000000e+00 2.280371218292935598e-01 1.315057524968409886e-01
2.650000000000000000e+02 1.790097503579380633e-01 2.875362530831502283e-01 0.000000000000000000e+00 0.000000000000000000e+00 1.375063826314529281e-01 1.076281156766994429e-01
2.700000000000000000e+02 4.572795748772181534e-01 3.350761775230434170e-01 1.000000000000000000e+00 1.000000000000000000e+00 1.089988632864595519e-01 1.059731258414508825e-01
2.750000000000000000e+02 4.264705193512016157e-01 2.965580218128546219e-01 1.000000000000000000e+00 0.000000000000000000e+00 8.899327790167538277e-02 1.210282790883296794e-01
2.800000000000000000e+02 3.847914777558971156e-01 2.071978192427477716e-01 0.000000000000000000e+00 0.000000000000000000e+00 1.555178283834993125e-01 1.012712447527173570e-01
2.850000000000000000e+02 3.707888751519492487e-01 3.566357151246171142e-01 1.000000000000000000e+00 1.000000000000000000e+00 8.743534705900954385e-02 1.144723277008805468e-01
2.900000000000000000e+02 3.965475394890501382e-01 2.689315198652129646e-01 0.000000000000000000e+00 0.000000000000000000e+00 1.550331853638481638e-01 1.368671984134546271e-01
2.950000000000000000e+02 2.835609269933486720e-01 2.070969904389657612e-01 0.000000000000000000e+00 0.000000000000000000e+00 1.076289034133880856e-01 1.041624706384291221e-01
3.000000000000000000e+02 4.608754618846571671e-01 6.293893867729798142e-02 1.000000000000000000e+00 0.000000000000000000e+00 9.892111883563883823e-02 8.677472466983304766e-02
3.050000000000000000e+02 3.629867234868044967e-01 2.653501402533699483e-01 1.000000000000000000e+00 0.000000000000000000e+00 1.181128474085670066e-01 1.437807206479206623e-01
3.100000000000000000e+02 1.338811155925910545e-01 1.885400693611742062e-01 0.000000000000000000e+00 0.000000000000000000e+00 7.507197377474149336e-02 1.177964214199404142e-01
3.150000000000000000e+02 3.540693215252281312e-01 2.316752932253494934e-01 1.000000000000000000e+00 0.000000000000000000e+00 1.040580955005642877e-01 1.137832430346649992e-01
3.200000000000000000e+02 3.770396131611363222e-01 2.198494834429056688e-01 0.000000000000000000e+00 0.000000000000000000e+00 1.540113812027651130e-01 8.849654187407099415e-02
3.250000000000000000e+02 2.433595757387636005e-01 4.584084416241852589e-01 1.000000000000000000e+00 1.000000000000000000e+00 6.429273873316626586e-02 1.259941636584801794e-01
3.300000000000000000e+02 2.489767847596753847e-01 5.353278626872650658e-01 1.000000000000000000e+00 1.000000000000000000e+00 7.686594496310615587e-02 1.205447107721070166e-01
3.350000000000000000e+02 2.058823697048882961e-01 2.711641468266721700e-01 0.000000000000000000e+00 0.000000000000000000e+00 1.839508207052637789e-01 9.766415893608854093e-02
3.400000000000000000e+02 1.064042599845586440e-01 3.744165751876994408e-01 0.000000000000000000e+00 1.000000000000000000e+00 1.520170268214527942e-01 9.393252524707443318e-02
3.450000000000000000e+02 3.506477569267627548e-01 2.015755295800234492e-01 0.000000000000000000e+00 0.000000000000000000e+00 1.496562622516880436e-01 1.140805741838098603e-01
3.500000000000000000e+02 1.623119456799600457e-01 2.629924311725421182e-01 0.000000000000000000e+00 0.000000000000000000e+00 1.374054369706444456e-01 1.344790949730178264e-01
3.550000000000000000e+02 4.493563944912801200e-01 9.018783935327126522e-02 1.000000000000000000e+00 0.000000000000000000e+00 1.522924549893761859e-01 1.722994474464742687e-01
3.600000000000000000e+02 2.951143765521050399e-01 1.692659375765349639e-01 0.000000000000000000e+00 0.000000000000000000e+00 1.256808450647753650e-01 7.529267493430064073e-02
3.650000000000000000e+02 2.361552632244030003e-01 1.450683626790980063e-01 0.000000000000000000e+00 0.000000000000000000e+00 1.566580638965270889e-01 1.002184413653157830e-01
3.700000000000000000e+02 1.713944483629573357e-01 3.450367624521415988e-01 0.000000000000000000e+00 0.000000000000000000e+00 1.586062000914863213e-01 1.475158487430556220e-01
3.750000000000000000e+02 2.969703469176911415e-01 3.587996633013400549e-01 0.000000000000000000e+00 0.000000000000000000e+00 1.380058510162158469e-01 1.930601767740166286e-01
3.800000000000000000e+02 1.232256557797434260e-01 2.309785825636527790e-01 0.000000000000000000e+00 1.000000000000000000e+00 1.155213383065720606e-01 6.947270977851845164e-02
3.850000000000000000e+02 1.964294554492944378e-01 2.392523898300683849e-01 0.000000000000000000e+00 0.000000000000000000e+00 1.258989618383134501e-01 1.004916077850262768e-01
3.900000000000000000e+02 1.760202270578588857e-01 3.430115407218200518e-01 0.000000000000000000e+00 1.000000000000000000e+00 9.182415661482738745e-02 1.099816512993135598e-01
3.950000000000000000e+02 1.606501881616229643e-01 2.272383496620827281e-01 0.000000000000000000e+00 0.000000000000000000e+00 1.060482791492952798e-01 1.144625441254301657e-01
4.000000000000000000e+02 1.556727645295665763e-01 2.534559466207030320e-01 1.000000000000000000e+00 0.000000000000000000e+00 5.459502546386030969e-02 2.129196176005335728e-01
4.050000000000000000e+02 1.575331928023430694e-01 3.346011124235765966e-01 0.000000000000000000e+00 1.000000000000000000e+00 1.402510810357266713e-01 1.156030824288066666e-01
4.100000000000000000e+02 1.079325640489529892e-01 2.653137437573142021e-01 0.000000000000000000e+00 0.000000000000000000e+00 7.714136610549658657e-02 1.146169397352290037e-01
4.150000000000000000e+02 3.612831460757042756e-01 3.240903621408615098e-01 0.000000000000000000e+00 0.000000000000000000e+00 1.392422824065678855e-01 1.498259617925708220e-01
4.200000000000000000e+02 2.378874495363876851e-01 2.132864481170855253e-01 0.000000000000000000e+00 0.000000000000000000e+00 1.038076724262035622e-01 1.245650032201592733e-01
4.250000000000000000e+02 1.477321720205908018e-01 2.854243617834246183e-01 0.000000000000000000e+00 0.000000000000000000e+00 1.335700220160317420e-01 1.329020536142556108e-01
4.300000000000000000e+02 4.080690179242741356e-01 2.416787006565394580e-01 0.000000000000000000e+00 0.000000000000000000e+00 1.602343952971387597e-01 1.147423679155808174e-01
4.350000000000000000e+02 3.284431200595015476e-01 4.802829249404527157e-01 0.000000000000000000e+00 1.000000000000000000e+00 1.379879626650147295e-01 1.380281313723342174e-01
4.400000000000000000e+02 2.278868950781541280e-01 2.594956905653554857e-01 0.000000000000000000e+00 0.000000000000000000e+00 9.649431855354805021e-02 1.001306480124740800e-01
4.450000000000000000e+02 3.991562856856714636e-01 2.879681474888852732e-01 1.000000000000000000e+00 0.000000000000000000e+00 1.301381561785214802e-01 1.183349965574522489e-01
4.500000000000000000e+02 7.447176480006861832e-02 1.246069567360839070e-01 0.000000000000000000e+00 0.000000000000000000e+00 7.571171050455839657e-02 1.023453204681956663e-01
4.550000000000000000e+02 1.916303273334236945e-01 4.332994810906008465e-01 0.000000000000000000e+00 1.000000000000000000e+00 1.064505559761752956e-01 1.293822206591591917e-01
4.600000000000000000e+02 1.606874470481663431e-01 1.959091000422666928e-01 0.000000000000000000e+00 0.000000000000000000e+00 1.092410454825394894e-01 1.082646198460477660e-01
4.650000000000000000e+02 3.160715711334294298e-01 2.204747837290497170e-01 0.000000000000000000e+00 0.000000000000000000e+00 1.505777490688516573e-01 8.687478696183348337e-02
4.700000000000000000e+02 2.400118563324261378e-01 3.203048696438368093e-01 0.000000000000000000e+00 0.000000000000000000e+00 8.766566325876117005e-02 1.195071329261216675e-01
4.750000000000000000e+02 3.407277569907203874e-01 3.793848339837003758e-01 1.000000000000000000e+00 0.000000000000000000e+00 8.654686965736525794e-02 1.616496389431157088e-01
4.800000000000000000e+02 2.175731482413814644e-01 3.291574029413920632e-01 0.000000000000000000e+00 1.000000000000000000e+00 1.591207347381082826e-01 9.733670132005738107e-02
4.850000000000000000e+02 3.125678998745759496e-01 1.586752138917694732e-01 0.000000000000000000e+00 0.000000000000000000e+00 1.171470366685598841e-01 8.761903529754545839e-02
4.900000000000000000e+02 2.126680310726488388e-01 1.509054599655374196e-01 0.000000000000000000e+00 0.000000000000000000e+00 8.308047253841262247e-02 1.095412893392566506e-01
4.950000000000000000e+02 9.277280657943706710e-02 6.662918500400069610e-02 0.000000000000000000e+00 0.000000000000000000e+00 9.974812052006021279e-02 6.448727381379165680e-02
5.000000000000000000e+02 1.688210875340692974e-01 2.152990746101345054e-01 0.000000000000000000e+00 0.000000000000000000e+00 1.338613120702863146e-01 1.096477406555155937e-01
5.050000000000000000e+02 3.198344286470257147e-01 3.129973009643486348e-01 0.000000000000000000e+00 0.000000000000000000e+00 1.499369565758157941e-01 1.173992877497183202e-01
5.100000000000000000e+02 1.210257573928147090e-01 3.149868483152652443e-01 0.000000000000000000e+00 1.000000000000000000e+00 1.226027264383652698e-01 1.106975790073485844e-01
5.150000000000000000e+02 1.244207447601977795e-01 1.365316647394198835e-01 0.000000000000000000e+00 0.000000000000000000e+00 1.446908023535379284e-01 1.223120421986591683e-01
5.200000000000000000e+02 1.383452729161335493e-01 2.130918567583194728e-02 0.000000000000000000e+00 0.000000000000000000e+00 8.307928792886032365e-02 3.004551403210994898e-02
5.250000000000000000e+02 1.194219351410263225e-01 2.116161249047459891e-01 0.000000000000000000e+00 0.000000000000000000e+00 8.649953853394544423e-02 1.265987105528565970e-01
5.300000000000000000e+02 4.045782642397340867e-01 1.240347367229568815e-01 1.000000000000000000e+00 0.000000000000000000e+00 1.235318659041056838e-01 1.563897117874578635e-01
5.350000000000000000e+02 3.911558936545081466e-01 2.742383092036188019e-01 1.000000000000000000e+00 0.000000000000000000e+00 1.155058603803278822e-01 1.241959433099977111e-01
5.400000000000000000e+02 2.109791626686338406e-01 2.044158207755218393e-01 0.000000000000000000e+00 0.000000000000000000e+00 1.217899104018569656e-01 1.846331828382326290e-01
5.450000000000000000e+02 1.363874588103271557e-01 1.120478408225427103e-01 0.000000000000000000e+00 0.000000000000000000e+00 1.247852638248980739e-01 7.397735241391645289e-02
5.500000000000000000e+02 1.924685971431264186e-01 2.326059588073071394e-01 0.000000000000000000e+00 0.000000000000000000e+00 1.000508169839886136e-01 1.325649539921959497e-01
5.550000000000000000e+02 1.933860060433380545e-01 3.814863135798796795e-02 0.000000000000000000e+00 0.000000000000000000e+00 8.467240316859959981e-02 1.987944797123943896e-01
5.600000000000000000e+02 2.079009103531859748e-01 1.649300479589307922e-01 0.000000000000000000e+00 0.000000000000000000e+00 1.705316798258868505e-01 1.182909246622791538e-01
5.650000000000000000e+02 2.315747064349678030e-01 3.335157578697173220e-01 0.000000000000000000e+00 1.000000000000000000e+00 9.746304196137277331e-02 9.841057965259958351e-02
5.700000000000000000e+02 1.968410713168438908e-01 1.527871439381436880e-01 0.000000000000000000e+00 0.000000000000000000e+00 8.744955431913636890e-02 1.656778448099080203e-01
5.750000000000000000e+02 1.462819965740046191e-01 2.759237403332382987e-01 0.000000000000000000e+00 1.000000000000000000e+00 7.069461097174432884e-02 9.265494437530373550e-02
5.800000000000000000e+02 2.368098306271461395e-01 2.252976246674525118e-01 0.000000000000000000e+00 0.000000000000000000e+00 1.180948711493280817e-01 9.233186119528867530e-02
5.850000000000000000e+02 1.610980448993324932e-01 3.893159770106780632e-02 0.000000000000000000e+00 0.000000000000000000e+00 9.114525498635994705e-02 5.150729548830906140e-02
5.900000000000000000e+02 3.594731266131200864e-01 5.490066816875990158e-02 0.000000000000000000e+00 1.000000000000000000e+00 1.430714501676000616e-01 1.397337718775830059e-02
5.950000000000000000e+02 5.878172378983150675e-02 2.343555259141335001e-01 0.000000000000000000e+00 0.000000000000000000e+00 7.039277353549834582e-02 1.218134539466127209e-01
6.000000000000000000e+02 1.356902751969243370e-01 3.711604513466728039e-01 0.000000000000000000e+00 1.000000000000000000e+00 1.088116622516056287e-01 1.032999391240908699e-01
6.050000000000000000e+02 7.061721293814479661e-02 1.392504044912907246e-01 0.000000000000000000e+00 0.000000000000000000e+00 7.483428044299235415e-02 1.048003642006092584e-01
6.100000000000000000e+02 1.300930489526732903e-01 1.958209410045824161e-01 0.000000000000000000e+00 0.000000000000000000e+00 8.659345747160143714e-02 1.023802369467711609e-01
6.150000000000000000e+02 2.305431624262641588e-01 7.363392802794196945e-02 0.000000000000000000e+00 0.000000000000000000e+00 1.135910736940337895e-01 1.329663516436654647e-01
6.200000000000000000e+02 3.755478794407385995e-02 1.945833341578024900e-01 0.000000000000000000e+00 0.000000000000000000e+00 1.077287531579791680e-01 7.983345415533672773e-02
6.250000000000000000e+02 1.275834736473711595e-01 2.991876291594732229e-01 0.000000000000000000e+00 0.000000000000000000e+00 1.015174442230017821e-01 1.239830808128530304e-01
6.300000000000000000e+02 6.461885527950811392e-02 1.727337325930686229e-02 0.000000000000000000e+00 0.000000000000000000e+00 1.085252428990375190e-01 1.161802552673302409e-02
6.350000000000000000e+02 2.261098907319522289e-01 1.230903756458890663e-01 0.000000000000000000e+00 0.000000000000000000e+00 1.409326988619111765e-01 6.109966239286809819e-02
6.400000000000000000e+02 3.347188091973712226e-02 4.631049478145713438e-01 0.000000000000000000e+00 1.000000000000000000e+00 4.948917113569924198e-02 1.590715547924285156e-01
6.450000000000000000e+02 1.406392763813859859e-01 2.742979156605478419e-01 0.000000000000000000e+00 0.000000000000000000e+00 9.264937949833350339e-02 1.098260052381817703e-01
6.500000000000000000e+02 7.025701707000066298e-02 1.410098657762048624e-01 0.000000000000000000e+00 0.000000000000000000e+00 8.599786179601738578e-02 6.616129704145347346e-02
6.550000000000000000e+02 8.515155882665943754e-02 1.530355543669409679e-01 0.000000000000000000e+00 0.000000000000000000e+00 1.007163409619106637e-01 1.170998288113235114e-01
6.600000000000000000e+02 5.761493039592845145e-02 1.477491061116718019e-01 0.000000000000000000e+00 0.000000000000000000e+00 1.036805641114077470e-01 7.676040294751816651e-02
6.650000000000000000e+02 1.418745047296435247e-01 3.420911794248786553e-01 0.000000000000000000e+00 1.000000000000000000e+00 8.939473930835561966e-02 1.106694660743396952e-01
6.700000000000000000e+02 3.307140838237100644e-02 1.810981642334712205e-01 0.000000000000000000e+00 0.000000000000000000e+00 1.218024018171345590e-01 1.094610615248088892e-01
6.750000000000000000e+02 2.008619837242182071e-01 1.470129103985464425e-01 0.000000000000000000e+00 0.000000000000000000e+00 8.366949924834848895e-02 1.359307780869410398e-01
6.800000000000000000e+02 4.069462187072570361e-03 4.421162222280505816e-02 0.000000000000000000e+00 0.000000000000000000e+00 8.840402893566901010e-02 9.238295432261532658e-02
6.850000000000000000e+02 3.632413925577748694e-03 6.500563711203501127e-02 0.000000000000000000e+00 0.000000000000000000e+00 7.992067799332279454e-02 1.190423036413728736e-01
6.900000000000000000e+02 1.798585224273169161e-03 1.449370466011343228e-01 0.000000000000000000e+00 0.000000000000000000e+00 1.097761860180380827e-01 1.742014547590907958e-01
6.950000000000000000e+02 4.144268590311295242e-02 2.588657466923471318e-01 0.000000000000000000e+00 0.000000000000000000e+00 1.293087017501324543e-01 1.784287973180173070e-01
7.000000000000000000e+02 9.366529861466670048e-02 2.972708041654994471e-01 0.000000000000000000e+00 1.000000000000000000e+00 1.258228858742058143e-01 1.034331154322899599e-01
7.050000000000000000e+02 3.028710951522372019e-01 3.111136593867188660e-01 1.000000000000000000e+00 0.000000000000000000e+00 9.822905794980493766e-02 1.691145147457606968e-01
7.100000000000000000e+02 2.172004481830343836e-01 4.219766080717171630e-01 0.000000000000000000e+00 1.000000000000000000e+00 1.141535958644323140e-01 1.114476649916393142e-01
7.150000000000000000e+02 1.985994589057379078e-01 1.951854915617624031e-01 0.000000000000000000e+00 0.000000000000000000e+00 8.231858834194170915e-02 1.148641414020939028e-01
7.200000000000000000e+02 3.605729752976895020e-01 1.209025065043732167e-01 0.000000000000000000e+00 0.000000000000000000e+00 1.465866938737198644e-01 4.815035891547245206e-02
7.250000000000000000e+02 0.000000000000000000e+00 1.946209727444762616e-01 0.000000000000000000e+00 0.000000000000000000e+00 0.000000000000000000e+00 1.364191445858932705e-01
7.300000000000000000e+02 1.340674302387566685e-01 9.600804767464046763e-02 0.000000000000000000e+00 0.000000000000000000e+00 8.616779283436158676e-02 1.464451258281236068e-01
7.350000000000000000e+02 9.572142332901426021e-02 1.992384632063519401e-01 0.000000000000000000e+00 0.000000000000000000e+00 6.277757305703990376e-02 1.013043131234977606e-01
7.400000000000000000e+02 2.266814831446530010e-01 9.787680322545315448e-02 0.000000000000000000e+00 0.000000000000000000e+00 8.503502072733339079e-02 8.978121752178012949e-02
7.450000000000000000e+02 0.000000000000000000e+00 2.252442589100964732e-01 0.000000000000000000e+00 0.000000000000000000e+00 0.000000000000000000e+00 1.097515987064770493e-01
7.500000000000000000e+02 1.498081294031478883e-01 2.484475558142256735e-01 0.000000000000000000e+00 0.000000000000000000e+00 8.515104648559394807e-02 1.181729791388000800e-01
7.550000000000000000e+02 2.132305312403872111e-01 1.927010554163921530e-01 0.000000000000000000e+00 0.000000000000000000e+00 7.592465107852548745e-02 9.940472795263363692e-02
7.600000000000000000e+02 7.689889813913006189e-02 9.761324587564493283e-02 0.000000000000000000e+00 0.000000000000000000e+00 1.169145543035287060e-01 1.215220028371178373e-01
7.650000000000000000e+02 1.099309669729771899e-01 1.564480204725551549e-01 0.000000000000000000e+00 0.000000000000000000e+00 8.222350237788417227e-02 1.180045209234390630e-01
7.700000000000000000e+02 3.130264696525898727e-02 1.913801974659261884e-01 0.000000000000000000e+00 0.000000000000000000e+00 9.915599264465313478e-02 1.195446304803513687e-01
7.750000000000000000e+02 0.000000000000000000e+00 1.471593277400563837e-01 0.000000000000000000e+00 0.000000000000000000e+00 0.000000000000000000e+00 1.782048651016649721e-01
7.800000000000000000e+02 9.398599932247882205e-02 5.380028461766563075e-02 0.000000000000000000e+00 0.000000000000000000e+00 4.622894398800929394e-02 4.423654530391361167e-02
7.850000000000000000e+02 1.239809285544486023e-01 3.788526952040058848e-01 0.000000000000000000e+00 1.000000000000000000e+00 1.538786528878809401e-01 1.180149180125963371e-01
7.900000000000000000e+02 1.345445776226482926e-01 1.217837436722400968e-01 0.000000000000000000e+00 0.000000000000000000e+00 7.850147245183745903e-02 1.114845048166202002e-01
7.950000000000000000e+02 0.000000000000000000e+00 3.079247039549594667e-01 0.000000000000000000e+00 1.000000000000000000e+00 0.000000000000000000e+00 7.607049219156469810e-02
8.000000000000000000e+02 0.000000000000000000e+00 2.019026553566114490e-01 0.000000000000000000e+00 0.000000000000000000e+00 0.000000000000000000e+00 1.398382414177822275e-01
8.050000000000000000e+02 2.195483640538390194e-02 3.158660302094842276e-01 0.000000000000000000e+00 1.000000000000000000e+00 2.660041604876260332e-02 1.099832976090053815e-01
8.100000000000000000e+02 2.359088963942925221e-01 1.267843747651051511e-01 0.000000000000000000e+00 0.000000000000000000e+00 9.327524000610641630e-02 9.528440013319869339e-02
8.150000000000000000e+02 6.595756351389876759e-02 1.715030626461374053e-01 0.000000000000000000e+00 0.000000000000000000e+00 1.160204948800051816e-01 1.163508372128933960e-01
8.200000000000000000e+02 7.181133238331534330e-02 1.487582424814838655e-01 0.000000000000000000e+00 0.000000000000000000e+00 8.236592455074127905e-02 5.462589804665743398e-02
8.250000000000000000e+02 1.380992421419399985e-01 1.242848863089130729e-01 0.000000000000000000e+00 0.000000000000000000e+00 1.054515804701662562e-01 1.005258963747278494e-01
8.300000000000000000e+02 1.703348585164437823e-01 3.867148232029633294e-03 0.000000000000000000e+00 0.000000000000000000e+00 1.063077761040191888e-01 7.609147118948139665e-02
8.350000000000000000e+02 1.420677740564905978e-01 6.047775957590441342e-02 0.000000000000000000e+00 0.000000000000000000e+00 8.524272612163667773e-02 1.338019227288068380e-01
8.400000000000000000e+02 7.696237727411947560e-02 6.421713663080400036e-02 0.000000000000000000e+00 0.000000000000000000e+00 9.430352167680219888e-02 8.868689919922044529e-02
8.450000000000000000e+02 1.995678203716076404e-01 3.023165272803215453e-01 0.000000000000000000e+00 1.000000000000000000e+00 8.238008173877950369e-02 1.037082089691656189e-01
8.500000000000000000e+02 9.700280418041426489e-02 1.163510816817383275e-01 0.000000000000000000e+00 0.000000000000000000e+00 8.320513465452820945e-02 8.942011518954821880e-02
8.550000000000000000e+02 5.607351210636085832e-03 3.348448728461425605e-01 0.000000000000000000e+00 1.000000000000000000e+00 1.103523512093712439e-01 5.283521773009187961e-02
8.600000000000000000e+02 1.618497772845834126e-01 1.349564757349712152e-01 0.000000000000000000e+00 0.000000000000000000e+00 1.280087298432500131e-01 1.104526665310943401e-01
8.650000000000000000e+02 1.247256323138437040e-01 2.030002888125094773e-01 0.000000000000000000e+00 0.000000000000000000e+00 1.868211565235191607e-01 8.147273377633647284e-02
8.700000000000000000e+02 3.548136190810325385e-01 4.159603618984291512e-02 1.000000000000000000e+00 0.000000000000000000e+00 9.532935094354964833e-02 4.922472893000350014e-02
8.750000000000000000e+02 7.890596082614453888e-02 2.161313322946850912e-01 0.000000000000000000e+00 0.000000000000000000e+00 1.089266675398392475e-01 1.210071667636023474e-01
8.800000000000000000e+02 2.392204689193592748e-01 3.148237394283044943e-01 0.000000000000000000e+00 0.000000000000000000e+00 1.046700024130189366e-01 1.345774355420503443e-01
8.850000000000000000e+02 6.296835399950209688e-02 1.919909469477835418e-01 0.000000000000000000e+00 0.000000000000000000e+00 1.067254714156086193e-01 1.021497773464888764e-01
8.900000000000000000e+02 2.115157085166377016e-01 3.063788840020674198e-01 0.000000000000000000e+00 0.000000000000000000e+00 1.405197990558992027e-01 1.487188593154178951e-01
8.950000000000000000e+02 1.724872333851841244e-01 1.147655083993097402e-01 0.000000000000000000e+00 0.000000000000000000e+00 1.316038530736227952e-01 1.391908001381254589e-01
9.000000000000000000e+02 2.335263787148778025e-01 1.829847663272228531e-01 0.000000000000000000e+00 0.000000000000000000e+00 1.119683684295516429e-01 8.274329666320200116e-02
9.050000000000000000e+02 1.172404893413038496e-01 1.332211441974865129e-01 0.000000000000000000e+00 0.000000000000000000e+00 1.367296145046493216e-01 1.064042344180643473e-01
9.100000000000000000e+02 2.222601891493773962e-01 3.564336893369322856e-02 1.000000000000000000e+00 0.000000000000000000e+00 7.806354064061996056e-02 5.839811862166599532e-02
9.150000000000000000e+02 7.719017587247958834e-02 1.782691901370761500e-01 0.000000000000000000e+00 0.000000000000000000e+00 1.210616432763996220e-01 7.873930665187567346e-02
9.200000000000000000e+02 1.200538982641747264e-02 4.843227888558750138e-02 0.000000000000000000e+00 0.000000000000000000e+00 1.129607468321258169e-02 1.072943472576173424e-01
9.250000000000000000e+02 5.619324823380337369e-02 2.152994237027145430e-01 0.000000000000000000e+00 0.000000000000000000e+00 1.453120910251436970e-01 1.602263473342041278e-01
9.300000000000000000e+02 7.410391300391272473e-02 1.990987162719374537e-01 0.000000000000000000e+00 1.000000000000000000e+00 1.068837431582685404e-01 6.451470186788822725e-02
9.350000000000000000e+02 2.051378616895040974e-01 2.204595664607752747e-01 0.000000000000000000e+00 0.000000000000000000e+00 1.670372402462118600e-01 8.409756578032795415e-02
9.400000000000000000e+02 1.730328689867558223e-01 1.379566054031929057e-01 0.000000000000000000e+00 0.000000000000000000e+00 8.453578572853888418e-02 1.183857918032113904e-01
9.450000000000000000e+02 1.457947280485784869e-01 3.019892219371752007e-01 0.000000000000000000e+00 0.000000000000000000e+00 1.631672134961678344e-01 1.161540450672501890e-01
9.500000000000000000e+02 2.016830758316814354e-01 2.759758626549658755e-01 0.000000000000000000e+00 0.000000000000000000e+00 1.185461232901609818e-01 9.834631023510138903e-02
9.550000000000000000e+02 1.992233806588919465e-01 1.519888383606199933e-01 0.000000000000000000e+00 0.000000000000000000e+00 1.128681752653052234e-01 7.015043901817816230e-02
9.600000000000000000e+02 3.892927461215781593e-01 8.202654712275522786e-02 1.000000000000000000e+00 0.000000000000000000e+00 1.071861472919809904e-01 6.869186278423612679e-02
9.650000000000000000e+02 2.776986409274876944e-01 1.756908696007404014e-01 0.000000000000000000e+00 0.000000000000000000e+00 1.031564592102922062e-01 1.245750358605857144e-01
9.700000000000000000e+02 2.215723122172137335e-02 1.869732642859732452e-01 0.000000000000000000e+00 0.000000000000000000e+00 8.738578787886534804e-02 7.004724888802257854e-02
9.750000000000000000e+02 1.022032561268235301e-01 6.015059303804239088e-02 0.000000000000000000e+00 0.000000000000000000e+00 1.246104318793141985e-01 2.511039628747964089e-02
9.800000000000000000e+02 3.386642902648340225e-01 2.384654494213730713e-01 1.000000000000000000e+00 0.000000000000000000e+00 7.220711100184051823e-02 1.340656157740617582e-01
9.850000000000000000e+02 4.333998406644643531e-01 1.371646664978136976e-01 1.000000000000000000e+00 0.000000000000000000e+00 1.495905355259035119e-01 6.701280483843832791e-02
9.900000000000000000e+02 2.310778755141245852e-02 1.710397333848892587e-01 0.000000000000000000e+00 0.000000000000000000e+00 8.609848767984551454e-02 8.963684084684388209e-02
9.950000000000000000e+02 1.440265399577017047e-01 1.237686591183552176e-01 0.000000000000000000e+00 0.000000000000000000e+00 1.054264792532046829e-01 1.206139055503326063e-01
