0.000000000000000000e+00 0.000000000000000000e+00 0.000000000000000000e+00 0.000000000000000000e+00 0.000000000000000000e+00 0.000000000000000000e+00 0.000000000000000000e+00
5.000000000000000000e+00 5.231693321230356242e-01 2.930792213695427306e-01 1.000000000000000000e+00 1.000000000000000000e+00 8.981982327035409330e-02 7.489049641443465410e-02
1.000000000000000000e+01 5.685128207370915288e-01 5.531439049055087986e-01 1.000000000000000000e+00 1.000000000000000000e+00 1.323090745474521102e-01 1.290548092637096300e-01
1.500000000000000000e+01 5.956432506604703025e-01 3.485213349369604141e-01 1.000000000000000000e+00 0.000000000000000000e+00 1.535075750520759896e-01 1.324435718903354264e-01
2.000000000000000000e+01 5.433623357859097558e-01 2.595951118352743947e-01 1.000000000000000000e+00 0.000000000000000000e+00 1.549779985489893042e-01 1.192349347657853942e-01
2.500000000000000000e+01 3.834751123573479914e-01 2.286749844245360985e-01 1.000000000000000000e+00 0.000000000000000000e+00 1.241396838801120672e-01 1.524851456718792353e-01
3.000000000000000000e+01 3.905061821130731414e-01 3.495339928717154931e-01 0.000000000000000000e+00 1.000000000000000000e+00 1.386932890536073104e-01 1.156550327627787617e-01
3.500000000000000000e+01 5.222746052899585045e-01 2.859363857926697228e-01 1.000000000000000000e+00 0.000000000000000000e+00 1.112445090769864087e-01 1.402856019711308244e-01
4.000000000000000000e+01 4.124468751412603273e-01 4.851031959070525867e-01 0.000000000000000000e+00 1.000000000000000000e+00 1.938235802555827170e-01 1.158489438987118786e-01
4.500000000000000000e+01 2.934089523815671674e-01 4.875935902803146815e-01 0.000000000000000000e+00 1.000000000000000000e+00 1.062396590980461131e-01 9.649551010577321619e-02
5.000000000000000000e+01 5.116731794412427980e-01 4.331422523369529154e-01 1.000000000000000000e+00 0.000000000000000000e+00 1.639979737249185332e-01 1.675542165135490980e-01
5.500000000000000000e+01 5.007951784022665054e-01 4.302728699243401067e-01 1.000000000000000000e+00 0.000000000000000000e+00 1.362177936285615676e-01 1.580626865541016335e-01
6.000000000000000000e+01 6.220925078604996328e-01 3.269182649844878386e-01 1.000000000000000000e+00 1.000000000000000000e+00 1.558893874118569278e-01 1.067439719441723167e-01
6.500000000000000000e+01 4.169823674841807160e-01 3.631816041460638189e-01 1.000000000000000000e+00 0.000000000000000000e+00 1.370558300058597467e-01 1.523332368008110116e-01
7.000000000000000000e+01 3.153534246877219283e-01 3.363413140357186526e-01 0.000000000000000000e+00 1.000000000000000000e+00 1.799241049857033536e-01 9.751057454238953870e-02
7.500000000000000000e+01 4.759376075652891336e-01 4.838825667552697496e-01 1.000000000000000000e+00 1.000000000000000000e+00 1.235537803916549465e-01 1.354300079925789546e-01
8.000000000000000000e+01 5.392018249981711531e-01 1.487856793142841860e-01 1.000000000000000000e+00 0.000000000000000000e+00 1.578462680844714139e-01 1.678772986145648793e-01
8.500000000000000000e+01 4.084492881973175171e-01 2.290368017424491975e-01 0.000000000000000000e+00 0.000000000000000000e+00 1.938981762961365651e-01 1.110488783327597817e-01
9.000000000000000000e+01 2.050295852660752316e-01 1.783422775237057389e-01 0.000000000000000000e+00 0.000000000000000000e+00 1.401270912173784300e-01 1.416260482087922379e-01
9.500000000000000000e+01 4.038490650083064182e-01 2.613096098951753765e-01 1.000000000000000000e+00 0.000000000000000000e+00 1.357651409541242860e-01 1.345149715408439917e-01
1.000000000000000000e+02 5.028319683627864300e-01 3.453825118484118439e-01 1.000000000000000000e+00 0.000000000000000000e+00 1.207132318496153822e-01 1.480164307140693636e-01
1.050000000000000000e+02 6.401167209526555935e-01 3.052450136078331822e-01 1.000000000000000000e+00 0.000000000000000000e+00 1.229672780372207258e-01 1.115499274549042463e-01
1.100000000000000000e+02 3.741524221376745230e-01 4.835759332986523384e-01 1.000000000000000000e+00 0.000000000000000000e+00 1.099834105597567169e-01 1.753131926353499737e-01
1.150000000000000000e+02 4.536539027904825661e-01 2.035654368186181062e-01 1.000000000000000000e+00 0.000000000000000000e+00 1.418448124670725341e-01 1.257225893927232385e-01
1.200000000000000000e+02 3.990959710255126969e-01 2.999584243197430666e-01 0.000000000000000000e+00 1.000000000000000000e+00 1.424725031197952851e-01 9.876952245230248562e-02
1.250000000000000000e+02 3.370567761399266837e-01 1.580820011761935318e-01 0.000000000000000000e+00 1.000000000000000000e+00 1.267395288204792858e-01 5.161942249552956691e-02
1.300000000000000000e+02 3.728791890914096019e-01 3.657575891180023797e-01 0.000000000000000000e+00 1.000000000000000000e+00 1.568631291933648420e-01 1.283007928527323538e-01
1.350000000000000000e+02 3.493277558920707682e-01 2.165608287079337779e-01 0.000000000000000000e+00 0.000000000000000000e+00 1.419799408054236434e-01 1.090951782042773599e-01
1.400000000000000000e+02 4.382434942655069610e-01 2.102049515689151937e-01 0.000000000000000000e+00 1.000000000000000000e+00 1.732664852175181958e-01 7.336494102651448801e-02
1.450000000000000000e+02 3.635682150396257195e-01 3.027735041734779253e-01 1.000000000000000000e+00 0.000000000000000000e+00 1.220182843592296229e-01 1.147259524318976209e-01
1.500000000000000000e+02 3.869508172379701461e-01 3.126766977302521400e-01 0.000000000000000000e+00 0.000000000000000000e+00 1.557873456643096566e-01 1.759611622995044533e-01
1.550000000000000000e+02 4.975637112356467995e-01 5.099526413907408129e-01 0.000000000000000000e+00 1.000000000000000000e+00 2.032596638409852052e-01 1.680524246970113711e-01
1.600000000000000000e+02 4.725967766080785282e-01 3.065717559444609552e-01 1.000000000000000000e+00 1.000000000000000000e+00 1.421084057291511493e-01 1.002015336905446447e-01
1.650000000000000000e+02 4.456141346888726207e-01 2.635299428193534355e-01 1.000000000000000000e+00 0.000000000000000000e+00 1.563620033604904425e-01 1.769848734298371529e-01
1.700000000000000000e+02 3.330021143761454083e-01 2.992770377654327962e-01 0.000000000000000000e+00 0.000000000000000000e+00 1.409610530521199501e-01 1.311324007316707341e-01
1.750000000000000000e+02 2.095932097509909942e-01 1.968130391520087896e-01 0.000000000000000000e+00 0.000000000000000000e+00 1.085681696532736079e-01 1.216742291859709141e-01
1.800000000000000000e+02 3.890719479024994376e-01 1.115554281027916206e-01 1.000000000000000000e+00 0.000000000000000000e+00 1.274336387859224817e-01 1.032330452300461721e-01
1.850000000000000000e+02 2.731658435867627688e-01 8.001465244602086468e-02 0.000000000000000000e+00 0.000000000000000000e+00 1.993791861067512328e-01 5.754711599958700630e-02
1.900000000000000000e+02 4.435913556646481348e-01 8.642852165143823095e-02 0.000000000000000000e+00 0.000000000000000000e+00 1.692787242466243236e-01 1.578505115397081104e-01
1.950000000000000000e+02 3.545956035752770852e-01 2.683873513316888948e-01 0.000000000000000000e+00 0.000000000000000000e+00 1.378113902275014679e-01 1.091087759494627496e-01
2.000000000000000000e+02 2.946182652493857246e-01 1.625595022848018434e-01 0.000000000000000000e+00 0.000000000000000000e+00 1.935719743116920688e-01 1.188452940486343506e-01
2.050000000000000000e+02 2.770792229264134043e-01 3.541558133857271584e-01 0.000000000000000000e+00 0.000000000000000000e+00 1.248769407902815959e-01 1.686814166792478809e-01
2.100000000000000000e+02 2.955499197218932061e-01 1.117221093022793960e-01 0.000000000000000000e+00 0.000000000000000000e+00 1.411785543488303096e-01 1.039912839945323908e-01
2.150000000000000000e+02 3.773334161947384247e-01 3.622489969533886911e-01 0.000000000000000000e+00 1.000000000000000000e+00 1.631223222971612263e-01 1.186956322302610556e-01
2.200000000000000000e+02 3.500921298812850191e-01 1.971626036533391246e-01 0.000000000000000000e+00 0.000000000000000000e+00 1.914720221646771803e-01 8.831286090729094373e-02
2.250000000000000000e+02 3.481115446664436175e-01 3.764188588220780396e-01 0.000000000000000000e+00 1.000000000000000000e+00 1.597711690739390400e-01 1.067296462164025600e-01
2.300000000000000000e+02 3.635144349815940812e-01 5.806715265226616157e-02 0.000000000000000000e+00 0.000000000000000000e+00 1.304317847809071673e-01 8.439948977590587542e-02
2.350000000000000000e+02 4.004543893858050763e-01 2.445747303927018612e-01 0.000000000000000000e+00 0.000000000000000000e+00 1.781449333265499035e-01 1.076310986010293042e-01
2.400000000000000000e+02 1.841706121855666289e-01 2.263043607805942659e-01 0.000000000000000000e+00 0.000000000000000000e+00 1.026235618991550302e-01 9.852090535823505857e-02
2.450000000000000000e+02 4.746615306221181885e-01 2.130825114749709814e-01 1.000000000000000000e+00 0.000000000000000000e+00 1.451133931145970335e-01 1.244146929073620955e-01
2.500000000000000000e+02 2.742066507680599452e-01 2.192610033532930713e-01 0.000000000000000000e+00 0.000000000000000000e+00 1.452589946835844970e-01 1.239658664785291409e-01
2.550000000000000000e+02 3.249035533245903107e-01 3.858890985146453678e-01 0.000000000000000000e+00 1.000000000000000000e+00 1.507462553310744136e-01 8.412496211125310153e-02
2.600000000000000000e+02 2.338851986100945468e-01 3.492016040302872160e-01 0.000000000000000000e+00 1.000000000000000000e+00 1.642336363831185253e-01 1.154240009508309406e-01
2.650000000000000000e+02 3.440532638905377527e-01 1.477901141391747275e-01 0.000000000000000000e+00 0.000000000000000000e+00 1.524734584272060822e-01 1.706060524312832671e-01
2.700000000000000000e+02 4.097360437484856566e-01 2.216972544209236395e-01 1.000000000000000000e+00 0.000000000000000000e+00 8.866782493103604612e-02 1.757941478998760465e-01
2.750000000000000000e+02 4.163039533284313976e-01 2.449521717212822247e-01 0.000000000000000000e+00 0.000000000000000000e+00 1.510414833067975082e-01 1.157446471868266574e-01
2.800000000000000000e+02 3.244896130206632590e-01 3.386178311137102992e-01 0.000000000000000000e+00 1.000000000000000000e+00 1.646449328980053861e-01 1.034037965459172065e-01
2.850000000000000000e+02 3.993060916094996471e-01 3.261038059248706489e-01 1.000000000000000000e+00 0.000000000000000000e+00 1.408447605565630034e-01 1.168842138949862941e-01
2.900000000000000000e+02 2.121121274862808603e-01 1.682262552512033826e-01 0.000000000000000000e+00 0.000000000000000000e+00 1.511708198112321488e-01 9.980397102590674030e-02
2.950000000000000000e+02 3.211802562821958196e-01 2.708007401324562524e-01 0.000000000000000000e+00 0.000000000000000000e+00 1.210900607918502653e-01 1.621642281501353700e-01
3.000000000000000000e+02 2.661379746242308331e-01 5.908921028992523972e-02 0.000000000000000000e+00 0.000000000000000000e+00 1.658197009523258991e-01 1.667724688889176132e-01
3.050000000000000000e+02 2.214032245813498390e-01 1.792423562411761262e-01 0.000000000000000000e+00 0.000000000000000000e+00 1.159371643410014169e-01 1.042924788259936564e-01
3.100000000000000000e+02 4.359785821814690654e-01 1.783663136395479132e-01 1.000000000000000000e+00 0.000000000000000000e+00 1.219421662068091577e-01 1.278109080254984375e-01
3.150000000000000000e+02 3.154412139751697763e-01 2.925607984591596655e-01 0.000000000000000000e+00 1.000000000000000000e+00 1.627260351063675170e-01 5.304169836005241667e-02
3.200000000000000000e+02 2.728772863301147100e-01 1.757066056477104010e-01 0.000000000000000000e+00 0.000000000000000000e+00 1.682505932841970586e-01 9.714392484761924518e-02
3.250000000000000000e+02 3.687106771130834182e-01 2.515658300242674117e-01 1.000000000000000000e+00 0.000000000000000000e+00 9.004346674374212600e-02 1.219720840792219568e-01
3.300000000000000000e+02 1.631314646449670003e-01 3.477022336925733592e-01 0.000000000000000000e+00 1.000000000000000000e+00 1.082152435053680417e-01 1.196573123442589148e-01
3.350000000000000000e+02 1.898662861564040794e-01 2.062491699568848591e-01 0.000000000000000000e+00 0.000000000000000000e+00 1.606352835780844313e-01 1.350754604083586607e-01
3.400000000000000000e+02 2.321580378724577010e-01 2.859128882131797278e-01 0.000000000000000000e+00 0.000000000000000000e+00 1.203461189403379761e-01 1.960438624618623671e-01
3.450000000000000000e+02 1.852867653940523107e-01 1.098742818552610537e-02 0.000000000000000000e+00 0.000000000000000000e+00 1.835987932792300659e-01 4.610450365251626131e-02
3.500000000000000000e+02 2.858406064672446290e-01 1.846534343231671649e-01 1.000000000000000000e+00 0.000000000000000000e+00 9.131242383756660308e-02 9.260070311271413612e-02
3.550000000000000000e+02 3.944511286431430230e-01 9.709849061188922936e-02 1.000000000000000000e+00 0.000000000000000000e+00 1.352643295961995784e-01 1.140005180410395558e-01
3.600000000000000000e+02 4.396466926756251725e-01 9.781718951855634947e-02 1.000000000000000000e+00 0.000000000000000000e+00 1.181085607537079307e-01 1.133178703081664518e-01
3.650000000000000000e+02 4.649840802713174348e-01 1.888489480982040170e-01 1.000000000000000000e+00 0.000000000000000000e+00 1.406264488941110224e-01 9.325823043811505564e-02
3.700000000000000000e+02 3.236680721804472971e-01 2.448673697266288141e-01 1.000000000000000000e+00 0.000000000000000000e+00 1.121994679411792289e-01 1.502126293099912135e-01
3.750000000000000000e+02 2.571963206996518148e-01 3.203647577390252854e-01 0.000000000000000000e+00 0.000000000000000000e+00 1.313630498095389176e-01 1.640926800220515458e-01
3.800000000000000000e+02 1.238580552326951911e-01 2.652355679995953563e-01 0.000000000000000000e+00 0.000000000000000000e+00 9.424236257551281415e-02 1.228319990044387244e-01
3.850000000000000000e+02 3.047264297796923316e-01 2.301024545044652037e-01 0.000000000000000000e+00 0.000000000000000000e+00 1.211566064315231089e-01 8.737577621869228872e-02
3.900000000000000000e+02 3.475284226879597482e-01 2.837571722709371080e-01 1.000000000000000000e+00 0.000000000000000000e+00 6.997325932261835857e-02 1.128971476091041037e-01
3.950000000000000000e+02 1.045957587467101491e-01 2.136877812019735146e-01 0.000000000000000000e+00 0.000000000000000000e+00 1.133177296081387536e-01 1.136240509862876669e-01
4.000000000000000000e+02 3.426495028010899668e-01 1.867190934132972047e-01 0.000000000000000000e+00 0.000000000000000000e+00 1.621547856791105413e-01 1.585268817532676511e-01
4.050000000000000000e+02 1.694572247401429643e-01 4.186714703737842713e-01 0.000000000000000000e+00 1.000000000000000000e+00 1.306321882623828479e-01 7.835320781985581629e-02
4.100000000000000000e+02 3.162371582544780124e-01 1.679487383089451336e-01 0.000000000000000000e+00 0.000000000000000000e+00 1.409073490531486672e-01 9.820898493185674372e-02
4.150000000000000000e+02 2.924934447615655797e-01 1.538255346298721404e-01 1.000000000000000000e+00 0.000000000000000000e+00 9.366645275463099385e-02 2.126370851959970554e-01
4.200000000000000000e+02 3.466083773445517435e-01 1.309068762982752154e-01 1.000000000000000000e+00 0.000000000000000000e+00 1.027755589019727633e-01 6.885818052351826146e-02
4.250000000000000000e+02 1.546872099679611201e-01 2.161806016362486926e-01 0.000000000000000000e+00 0.000000000000000000e+00 1.926597388417163326e-01 1.025102204593327099e-01
4.300000000000000000e+02 2.696972548596570651e-01 1.561082616241682985e-01 1.000000000000000000e+00 0.000000000000000000e+00 9.476945507282756587e-02 8.502068170941881609e-02
4.350000000000000000e+02 1.095395569241213590e-01 3.344509004230021842e-01 0.000000000000000000e+00 0.000000000000000000e+00 8.286034520318556751e-02 1.421462950504707723e-01
4.400000000000000000e+02 3.495894694999941987e-01 1.067709571216259867e-01 1.000000000000000000e+00 0.000000000000000000e+00 1.228769089221885408e-01 1.140793239674509491e-01
4.450000000000000000e+02 4.147136293912686567e-01 1.551865348576055847e-01 0.000000000000000000e+00 0.000000000000000000e+00 1.524900651231964610e-01 1.063918485752931159e-01
4.500000000000000000e+02 2.880848772053020146e-01 6.932901248531710137e-02 0.000000000000000000e+00 0.000000000000000000e+00 1.253496311962567222e-01 1.743896791009283687e-01
4.550000000000000000e+02 2.914493779761491155e-01 3.431402437904894631e-01 1.000000000000000000e+00 1.000000000000000000e+00 8.291904295788118939e-02 1.104758155020306720e-01
4.600000000000000000e+02 1.958136708825954364e-01 5.776452104504377350e-02 0.000000000000000000e+00 0.000000000000000000e+00 1.120065795887288662e-01 1.566377996402555373e-01
4.650000000000000000e+02 1.710848370625131787e-01 1.511790744442142176e-01 0.000000000000000000e+00 0.000000000000000000e+00 1.112782644389608000e-01 9.268944149636945684e-02
4.700000000000000000e+02 3.821505447779234843e-01 3.954305549187238089e-01 1.000000000000000000e+00 1.000000000000000000e+00 9.464190844226993971e-02 9.805280886998306300e-02
4.750000000000000000e+02 1.769244061075456176e-01 3.363960471616620485e-01 0.000000000000000000e+00 0.000000000000000000e+00 1.149608826077426205e-01 1.665018860389434752e-01
4.800000000000000000e+02 2.229038555252100262e-01 3.192484300417562926e-01 0.000000000000000000e+00 1.000000000000000000e+00 1.241721123112574238e-01 1.067864447448970966e-01
4.850000000000000000e+02 1.416656036238063687e-01 1.570524223820736476e-01 0.000000000000000000e+00 1.000000000000000000e+00 8.724937976717837829e-02 4.647696979300976888e-02
4.900000000000000000e+02 1.457433693293072319e-01 6.301128790863277929e-02 0.000000000000000000e+00 0.000000000000000000e+00 1.385119791643147635e-01 3.294696255221065545e-02
4.950000000000000000e+02 2.101026544439624499e-01 1.391206757177498310e-01 0.000000000000000000e+00 0.000000000000000000e+00 1.263682246543946230e-01 1.061308501934988408e-01
5.000000000000000000e+02 1.290381893797589163e-01 2.895322834881431384e-01 0.000000000000000000e+00 0.000000000000000000e+00 2.009566011532070706e-01 1.161348571503242472e-01
5.050000000000000000e+02 1.328041575423029030e-01 2.834512892622484403e-01 0.000000000000000000e+00 0.000000000000000000e+00 7.136426554664057620e-02 1.039701918109598167e-01
5.100000000000000000e+02 2.082326529489757494e-01 1.504453245777263339e-02 0.000000000000000000e+00 0.000000000000000000e+00 1.172351491283557812e-01 1.206771603533508125e-02
5.150000000000000000e+02 1.045859751009395600e-01 4.592235112333724334e-02 0.000000000000000000e+00 0.000000000000000000e+00 7.227699380604467316e-02 1.239623007030383334e-01
5.200000000000000000e+02 1.968816581189136161e-01 4.991355874472820642e-02 0.000000000000000000e+00 0.000000000000000000e+00 1.199031340762202746e-01 1.756812897207334356e-01
5.250000000000000000e+02 1.455726282637346825e-01 3.048716313431309999e-01 0.000000000000000000e+00 0.000000000000000000e+00 1.348911590440748653e-01 1.409899965833170954e-01
5.300000000000000000e+02 5.026609956830634107e-02 3.858303952168953832e-02 0.000000000000000000e+00 0.000000000000000000e+00 6.504856599703610909e-02 2.067780204643896932e-02
5.350000000000000000e+02 9.315105669005707689e-02 1.233823598566262392e-01 0.000000000000000000e+00 0.000000000000000000e+00 6.291875568044077993e-02 8.809791432373387243e-02
5.400000000000000000e+02 2.498361102059085126e-01 4.426847888474739756e-01 1.000000000000000000e+00 1.000000000000000000e+00 8.267015099652437471e-02 1.456620144000569661e-01
5.450000000000000000e+02 1.320121331004939780e-01 2.731625303823069784e-01 0.000000000000000000e+00 0.000000000000000000e+00 9.235469750226216190e-02 1.490480611398078969e-01
5.500000000000000000e+02 2.142723572889658479e-01 2.819530765088016921e-01 0.000000000000000000e+00 1.000000000000000000e+00 1.593237388382249542e-01 8.056726303676793599e-02
5.550000000000000000e+02 2.414078590622218690e-01 7.953930059574765288e-02 1.000000000000000000e+00 0.000000000000000000e+00 8.000385616435969072e-02 6.710544875544306731e-02
5.600000000000000000e+02 1.578451294331180144e-01 9.981999955855203055e-02 0.000000000000000000e+00 0.000000000000000000e+00 1.192450651579904652e-01 6.861903394378773835e-02
5.650000000000000000e+02 7.528353935301065891e-02 2.360042190358374314e-01 0.000000000000000000e+00 0.000000000000000000e+00 6.558956182945650804e-02 9.291171820502534817e-02
5.700000000000000000e+02 1.788138011291687535e-01 1.281369275647787354e-01 0.000000000000000000e+00 0.000000000000000000e+00 1.286247326730207419e-01 1.564502205981475047e-01
5.750000000000000000e+02 1.954170638831644602e-01 2.621666535843099055e-01 0.000000000000000000e+00 0.000000000000000000e+00 1.285677310319769950e-01 9.300890263997566021e-02
5.800000000000000000e+02 2.549993933786699474e-01 2.815119059930410450e-01 0.000000000000000000e+00 0.000000000000000000e+00 9.832914451333893413e-02 1.010492995542049827e-01
5.850000000000000000e+02 3.116512277219246063e-01 3.235580981019077658e-03 1.000000000000000000e+00 0.000000000000000000e+00 5.537639188964482012e-02 2.177788614436284090e-02
5.900000000000000000e+02 1.075827782153174761e-01 6.427720896441638243e-02 0.000000000000000000e+00 0.000000000000000000e+00 8.291802581100590763e-02 4.950985590539423026e-02
5.950000000000000000e+02 1.502272312882837156e-02 1.992445900309119389e-01 0.000000000000000000e+00 0.000000000000000000e+00 1.429360753436998040e-02 8.018203136001458842e-02
6.000000000000000000e+02 8.057018404383198273e-02 2.497100447322995742e-01 0.000000000000000000e+00 0.000000000000000000e+00 7.061551661935114299e-02 1.367047386900313577e-01
6.050000000000000000e+02 1.294776458298662059e-01 2.281728328284478025e-01 0.000000000000000000e+00 0.000000000000000000e+00 1.280550527458498844e-01 9.370316301269616954e-02
6.100000000000000000e+02 1.522347783296187640e-01 1.897445486852201157e-01 0.000000000000000000e+00 0.000000000000000000e+00 1.331974124237907398e-01 1.023534596743986419e-01
6.150000000000000000e+02 1.583023613657842110e-01 1.163523055328095496e-01 0.000000000000000000e+00 0.000000000000000000e+00 1.040342609600827251e-01 9.379591602493750346e-02
6.200000000000000000e+02 2.606997476661199742e-01 8.225461434193741261e-02 1.000000000000000000e+00 0.000000000000000000e+00 8.841716832704227258e-02 6.695327918561798375e-02
6.250000000000000000e+02 1.561949667416180909e-01 2.860988484797362674e-01 0.000000000000000000e+00 0.000000000000000000e+00 1.012157017045115653e-01 1.734316450962700429e-01
6.300000000000000000e+02 2.436432716574145341e-01 1.547037574628462586e-01 0.000000000000000000e+00 0.000000000000000000e+00 1.059824071421357483e-01 9.621991182085112837e-02
6.350000000000000000e+02 2.886065640546402467e-01 2.582422106569318698e-01 0.000000000000000000e+00 0.000000000000000000e+00 1.497184062122345338e-01 1.621449727135514385e-01
6.400000000000000000e+02 1.381256469307622602e-02 2.488812467598783829e-01 0.000000000000000000e+00 0.000000000000000000e+00 1.446494908987008311e-02 1.450936336148961059e-01
6.450000000000000000e+02 1.982999251902900772e-01 2.044009340740303438e-01 0.000000000000000000e+00 0.000000000000000000e+00 1.076032555484698339e-01 1.294296313357992112e-01
6.500000000000000000e+02 2.577918419562809649e-01 8.671348081055925416e-02 1.000000000000000000e+00 0.000000000000000000e+00 8.292480695612775010e-02 7.683901261646121361e-02
6.550000000000000000e+02 1.112419549646441463e-01 1.412711543000159942e-01 0.000000000000000000e+00 0.000000000000000000e+00 8.441709243249927164e-02 6.458995731182022582e-02
6.600000000000000000e+02 2.279453226748269223e-01 9.724208070052771380e-02 0.000000000000000000e+00 0.000000000000000000e+00 1.071973418848610055e-01 1.157375451839853797e-01
6.650000000000000000e+02 1.770420282297446579e-01 2.024022298418379773e-01 0.000000000000000000e+00 0.000000000000000000e+00 7.271732948404090180e-02 1.437418925021013982e-01
6.700000000000000000e+02 4.871361488307807130e-02 1.381135639224418954e-01 0.000000000000000000e+00 0.000000000000000000e+00 1.561233439746562701e-01 1.148113071954043191e-01
6.750000000000000000e+02 2.107715974190371711e-01 1.525564445857011675e-01 0.000000000000000000e+00 0.000000000000000000e+00 1.118445303140510744e-01 1.219190830265975828e-01
6.800000000000000000e+02 2.396910953417078771e-01 1.669249673247425458e-01 0.000000000000000000e+00 0.000000000000000000e+00 1.088108028422770240e-01 1.338720822431580249e-01
6.850000000000000000e+02 2.103279969864390309e-01 5.693070286550327985e-02 1.000000000000000000e+00 0.000000000000000000e+00 6.346012060558479939e-02 6.660773184864240970e-02
6.900000000000000000e+02 2.027721286392905609e-01 2.291724087522832298e-01 0.000000000000000000e+00 0.000000000000000000e+00 1.026985939368953854e-01 1.427153091270691176e-01
6.950000000000000000e+02 2.037439084417128898e-01 1.610782770668079400e-01 0.000000000000000000e+00 0.000000000000000000e+00 7.621490579061852844e-02 9.735794169091442629e-02
7.000000000000000000e+02 5.466777239731383797e-02 1.928218421171180030e-01 0.000000000000000000e+00 0.000000000000000000e+00 7.905372629624317360e-02 1.445070953279653236e-01
7.050000000000000000e+02 4.844389703520229212e-02 1.971628502562198793e-01 0.000000000000000000e+00 0.000000000000000000e+00 1.134391270418305397e-01 8.682591828746816232e-02
7.100000000000000000e+02 9.534857589568014602e-02 1.977983899427077918e-01 0.000000000000000000e+00 1.000000000000000000e+00 8.070577158766886749e-02 6.996791813113031888e-02
7.150000000000000000e+02 8.251810740547420309e-02 2.570744694776904704e-01 0.000000000000000000e+00 0.000000000000000000e+00 1.082281951892475336e-01 1.148603175411879035e-01
7.200000000000000000e+02 1.015165405223908274e-01 6.794078321215915595e-02 0.000000000000000000e+00 0.000000000000000000e+00 8.479787477651624938e-02 9.207496226198132183e-02
7.250000000000000000e+02 1.937431106880155018e-01 1.167226953253642369e-01 0.000000000000000000e+00 0.000000000000000000e+00 1.031346764260696186e-01 7.627485497414759896e-02
7.300000000000000000e+02 1.135016183829947040e-01 2.296749750153311564e-01 0.000000000000000000e+00 0.000000000000000000e+00 1.274769578615127241e-01 1.220372215342487715e-01
7.350000000000000000e+02 1.498422358249270891e-01 2.275349205296818000e-01 0.000000000000000000e+00 1.000000000000000000e+00 5.718295056810426130e-02 7.265495999826143692e-02
7.400000000000000000e+02 1.451316442605913269e-02 2.024022589200352995e-01 0.000000000000000000e+00 0.000000000000000000e+00 1.184576458773295080e-02 1.205951069440365786e-01
7.450000000000000000e+02 1.811712625190860515e-01 6.690253329703564622e-02 0.000000000000000000e+00 0.000000000000000000e+00 1.252311026297033281e-01 1.030590961232387831e-01
7.500000000000000000e+02 8.354736540207312323e-02 1.609736906755357411e-01 0.000000000000000000e+00 0.000000000000000000e+00 9.004021527512835743e-02 9.767852500652726699e-02
7.550000000000000000e+02 1.457527635877056693e-01 9.586776942192108686e-02 0.000000000000000000e+00 0.000000000000000000e+00 1.168801106426653053e-01 1.020202846647463579e-01
7.600000000000000000e+02 7.387628204361315447e-03 1.023775744421292766e-01 0.000000000000000000e+00 0.000000000000000000e+00 9.088409033172347232e-03 1.163204382268227394e-01
7.650000000000000000e+02 2.104276599648772783e-01 1.474355076440970191e-01 0.000000000000000000e+00 0.000000000000000000e+00 1.384946507152938766e-01 8.443009462511831542e-02
7.700000000000000000e+02 1.122087553403758875e-01 8.864278451852036778e-02 0.000000000000000000e+00 0.000000000000000000e+00 1.518230355081195138e-01 1.389009364369188371e-01
7.750000000000000000e+02 2.369967780223694587e-01 3.177266647446652659e-01 0.000000000000000000e+00 0.000000000000000000e+00 1.429951809856530032e-01 1.893948281232504527e-01
7.800000000000000000e+02 1.665712442909000335e-01 1.749318128790835342e-02 0.000000000000000000e+00 0.000000000000000000e+00 8.522488127172149486e-02 1.128284752348002462e-01
7.850000000000000000e+02 8.055947557996513686e-02 2.802138029603570835e-01 0.000000000000000000e+00 0.000000000000000000e+00 4.779175657509023706e-02 1.128763602054094067e-01
7.900000000000000000e+02 2.277519300365798693e-01 1.980258861837241174e-02 1.000000000000000000e+00 0.000000000000000000e+00 5.545995395640036796e-02 7.886559117635065508e-02
7.950000000000000000e+02 1.970761998019157912e-01 3.101685734581999809e-01 0.000000000000000000e+00 1.000000000000000000e+00 9.611032710271504020e-02 9.244064796701739750e-02
8.000000000000000000e+02 1.328269599270506807e-01 1.930989577681156977e-01 0.000000000000000000e+00 0.000000000000000000e+00 1.241487244448677418e-01 1.600945263970826871e-01
8.050000000000000000e+02 8.824066142304179405e-02 2.902584545340006761e-01 0.000000000000000000e+00 0.000000000000000000e+00 3.770700697175027177e-02 1.336030662465571284e-01
8.100000000000000000e+02 2.548605646384473067e-01 1.220172169134664530e-01 0.000000000000000000e+00 0.000000000000000000e+00 1.099805423021051887e-01 7.925273463092254167e-02
8.150000000000000000e+02 2.848692717449079551e-02 1.076189600995598877e-01 0.000000000000000000e+00 0.000000000000000000e+00 3.077732284160439313e-02 1.293575247092547953e-01
8.200000000000000000e+02 1.194872740991369253e-01 2.751112698690915126e-01 0.000000000000000000e+00 0.000000000000000000e+00 1.449590596031539724e-01 1.391075894711274741e-01
8.250000000000000000e+02 7.475443349701507700e-02 6.003176615991843296e-02 0.000000000000000000e+00 0.000000000000000000e+00 1.127287194928267566e-01 8.149907579170859173e-02
8.300000000000000000e+02 1.684547950005551020e-01 3.979152564650757784e-02 0.000000000000000000e+00 0.000000000000000000e+00 1.133405312211491489e-01 8.428411085140946613e-02
8.350000000000000000e+02 2.124939602078121728e-02 1.093047799714426394e-01 0.000000000000000000e+00 0.000000000000000000e+00 1.243632556194647354e-02 1.512364027061961491e-01
8.400000000000000000e+02 4.424597051502578149e-02 1.816587184373751052e-01 0.000000000000000000e+00 0.000000000000000000e+00 2.541184217948033036e-02 1.162882192518019803e-01
8.450000000000000000e+02 1.179888799929181553e-01 2.799064632067701508e-01 0.000000000000000000e+00 0.000000000000000000e+00 8.655364771912311961e-02 1.056327833705148489e-01
8.500000000000000000e+02 1.310756116846495678e-01 4.312308396837914726e-02 0.000000000000000000e+00 0.000000000000000000e+00 1.304394303318898996e-01 1.197713455801868165e-01
8.550000000000000000e+02 6.592434610826855557e-02 6.568170344875493005e-02 0.000000000000000000e+00 0.000000000000000000e+00 1.218130442096262700e-01 1.126737240208770807e-01
8.600000000000000000e+02 2.834275376318012296e-01 1.173604531521931921e-01 0.000000000000000000e+00 0.000000000000000000e+00 1.023502485195264683e-01 1.132533617688486482e-01
8.650000000000000000e+02 9.450579524256461084e-02 6.336342208487243111e-02 0.000000000000000000e+00 0.000000000000000000e+00 1.007790435806052709e-01 5.950296619246558255e-02
8.700000000000000000e+02 7.275458864942570270e-02 2.525729436452125304e-02 0.000000000000000000e+00 0.000000000000000000e+00 1.065881243938866518e-01 1.061037804726125550e-01
8.750000000000000000e+02 2.890177422088710535e-01 2.740720227808147724e-01 1.000000000000000000e+00 1.000000000000000000e+00 8.311882164167522236e-02 7.965232871310724827e-02
8.800000000000000000e+02 1.017682185802465562e-02 2.152486010114780801e-01 0.000000000000000000e+00 0.000000000000000000e+00 2.652391492104030912e-02 9.516632820099574230e-02
8.850000000000000000e+02 2.820731440833477294e-02 3.677249896993124711e-02 0.000000000000000000e+00 0.000000000000000000e+00 1.202569963117708779e-01 6.593584439731253743e-02
8.900000000000000000e+02 6.419669717301398904e-02 1.714507004792688305e-01 0.000000000000000000e+00 0.000000000000000000e+00 1.535641796007545801e-01 1.217499114015193062e-01
8.950000000000000000e+02 1.452031121030770699e-01 8.751145342866820109e-02 0.000000000000000000e+00 0.000000000000000000e+00 1.456831964662358703e-01 9.142402872181241980e-02
9.000000000000000000e+02 3.837918389821824705e-02 1.246721461442183987e-01 0.000000000000000000e+00 0.000000000000000000e+00 9.337410475901473939e-02 1.011885862407171932e-01
9.050000000000000000e+02 2.037569730914294830e-01 9.022663075286126155e-02 0.000000000000000000e+00 0.000000000000000000e+00 1.451058551899664650e-01 1.170730226880476871e-01
9.100000000000000000e+02 1.958415363757301866e-03 1.036540165832948307e-01 0.000000000000000000e+00 0.000000000000000000e+00 7.351611079945318677e-03 9.220241946960167079e-02
9.150000000000000000e+02 1.376514930801532588e-01 4.072645143734422712e-02 0.000000000000000000e+00 0.000000000000000000e+00 1.310612487937188320e-01 1.084473946074870909e-01
9.200000000000000000e+02 2.962968201799225931e-01 1.345321305194981387e-01 0.000000000000000000e+00 0.000000000000000000e+00 1.385295936505360204e-01 7.658852646948600962e-02
9.250000000000000000e+02 1.540620480068920772e-01 2.683076880090999317e-01 0.000000000000000000e+00 0.000000000000000000e+00 7.854657306935332317e-02 9.865274963715477130e-02
9.300000000000000000e+02 8.696115429321980839e-02 1.060626238599736426e-01 0.000000000000000000e+00 0.000000000000000000e+00 1.447399504119903091e-01 7.715884620226269586e-02
9.350000000000000000e+02 7.808368111809789458e-02 3.183713006408407376e-01 0.000000000000000000e+00 0.000000000000000000e+00 1.385096598443061877e-01 1.234716216983070131e-01
9.400000000000000000e+02 0.000000000000000000e+00 1.027184061038704382e-01 0.000000000000000000e+00 0.000000000000000000e+00 0.000000000000000000e+00 1.589708490507651950e-01
9.450000000000000000e+02 2.734897253317448707e-01 1.009560863856966140e-01 0.000000000000000000e+00 0.000000000000000000e+00 1.100332293146789320e-01 7.934886734478657777e-02
9.500000000000000000e+02 3.995903526266349898e-02 2.694322183333063836e-01 0.000000000000000000e+00 0.000000000000000000e+00 1.134295244139180286e-01 9.921095659715442605e-02
9.550000000000000000e+02 1.864563619829731622e-01 1.135308220892297937e-01 0.000000000000000000e+00 0.000000000000000000e+00 8.489658337171716862e-02 9.180550562890736621e-02
9.600000000000000000e+02 2.011899169033632973e-01 1.292177428977686060e-01 0.000000000000000000e+00 0.000000000000000000e+00 1.273287795275371836e-01 9.176023559326776380e-02
9.650000000000000000e+02 2.729824901439433793e-01 2.901497305597423582e-01 0.000000000000000000e+00 1.000000000000000000e+00 9.689474944838133430e-02 9.440470398288809684e-02
9.700000000000000000e+02 1.619617348086882513e-01 2.670165778991829830e-01 0.000000000000000000e+00 1.000000000000000000e+00 1.134426293792371448e-01 7.796202572949173515e-02
9.750000000000000000e+02 2.071525118284130440e-01 9.999376051320094105e-02 0.000000000000000000e+00 0.000000000000000000e+00 1.131897974686059821e-01 9.185758042417287161e-02
9.800000000000000000e+02 8.503928843474142796e-02 2.446075513545110103e-01 0.000000000000000000e+00 1.000000000000000000e+00 1.127935352179248035e-01 8.397832131189247873e-02
9.850000000000000000e+02 7.404686008477366632e-02 1.506708016254270643e-01 0.000000000000000000e+00 0.000000000000000000e+00 7.796919230902624176e-02 7.587640737875767094e-02
9.900000000000000000e+02 8.592193371456947892e-02 1.234771002764716019e-01 0.000000000000000000e+00 0.000000000000000000e+00 7.358987000000669076e-02 7.200345611719857764e-02
9.950000000000000000e+02 2.001029223453620332e-01 1.210046000392452914e-01 0.000000000000000000e+00 0.000000000000000000e+00 1.211163926026226356e-01 7.918554737782999842e-02
