0.000000000000000000e+00 0.000000000000000000e+00 0.000000000000000000e+00 0.000000000000000000e+00 0.000000000000000000e+00 0.000000000000000000e+00 0.000000000000000000e+00
5.000000000000000000e+00 4.797487558905338401e-01 3.864491251878520162e-01 1.000000000000000000e+00 1.000000000000000000e+00 1.677373057286321578e-01 1.231711771064978311e-01
1.000000000000000000e+01 3.641946797419157722e-01 1.914493058517575397e-01 1.000000000000000000e+00 0.000000000000000000e+00 1.098781289001297817e-01 9.543719054043499350e-02
1.500000000000000000e+01 2.546175900214453502e-01 5.368176495826416650e-01 0.000000000000000000e+00 1.000000000000000000e+00 1.173667133740682461e-01 1.695386368518583264e-01
2.000000000000000000e+01 3.978143309652177328e-01 3.733077217060987163e-01 1.000000000000000000e+00 1.000000000000000000e+00 1.025289129344669758e-01 1.103326453891464998e-01
2.500000000000000000e+01 5.278862085990607689e-01 2.210845874937256705e-01 1.000000000000000000e+00 0.000000000000000000e+00 1.389239670393809523e-01 1.109628894434641494e-01
3.000000000000000000e+01 4.186485473321647222e-01 3.955883543330238061e-01 0.000000000000000000e+00 1.000000000000000000e+00 1.513484663555058618e-01 8.882847852941053168e-02
3.500000000000000000e+01 4.730439324176707316e-01 2.889043808595237461e-01 1.000000000000000000e+00 0.000000000000000000e+00 1.174566491161506687e-01 1.114763776984145777e-01
4.000000000000000000e+01 2.034932741928533184e-01 4.137621340567569916e-01 0.000000000000000000e+00 0.000000000000000000e+00 1.011754222079160187e-01 1.630081709149787117e-01
4.500000000000000000e+01 3.473164032071681673e-01 4.213642486841661094e-01 0.000000000000000000e+00 1.000000000000000000e+00 1.335498215690691659e-01 1.205684949907288306e-01
5.000000000000000000e+01 2.941314544098699857e-01 4.889355523789659652e-01 1.000000000000000000e+00 1.000000000000000000e+00 7.457554157224649538e-02 1.348512899297907575e-01
5.500000000000000000e+01 3.436690718148391888e-01 3.699755774351196069e-01 1.000000000000000000e+00 0.000000000000000000e+00 8.004245582219622623e-02 1.592254031000043812e-01
6.000000000000000000e+01 4.102204789526445738e-01 1.900133250273877139e-01 1.000000000000000000e+00 0.000000000000000000e+00 1.091905390902052492e-01 1.249970203788643014e-01
6.500000000000000000e+01 2.911999617718575850e-01 5.424747936009757243e-01 0.000000000000000000e+00 1.000000000000000000e+00 1.604619322351175381e-01 1.750728454751997176e-01
7.000000000000000000e+01 4.894359498061185976e-01 4.213437559999909654e-01 1.000000000000000000e+00 1.000000000000000000e+00 1.074632412956433303e-01 1.479043334050299530e-01
7.500000000000000000e+01 3.884655341697556552e-01 3.354889997447992878e-01 0.000000000000000000e+00 1.000000000000000000e+00 1.507670866254298414e-01 8.305620691864533389e-02
8.000000000000000000e+01 3.406697604867919837e-01 2.149276991334581055e-01 1.000000000000000000e+00 1.000000000000000000e+00 1.049605064821696326e-01 4.661313788459434115e-02
8.500000000000000000e+01 3.230379531879388200e-01 3.526384963040333220e-01 0.000000000000000000e+00 1.000000000000000000e+00 1.235861800582136877e-01 1.055522047925941259e-01
9.000000000000000000e+01 2.845683734273910526e-01 3.176605296480851104e-01 0.000000000000000000e+00 0.000000000000000000e+00 1.500232335691485952e-01 1.559491250450653621e-01
9.500000000000000000e+01 4.109102943995178170e-01 3.441211533489808017e-01 1.000000000000000000e+00 0.000000000000000000e+00 1.114095447849835774e-01 1.709366420029371503e-01
1.000000000000000000e+02 3.924849711347493941e-01 3.587607814166137721e-01 1.000000000000000000e+00 1.000000000000000000e+00 1.343405606372756467e-01 9.891402750612243722e-02
1.050000000000000000e+02 3.816129231409155498e-01 2.340284708570474215e-01 1.000000000000000000e+00 1.000000000000000000e+00 8.478385618659328715e-02 7.530818495806006208e-02
1.100000000000000000e+02 3.063208328293845484e-01 4.246197411301556035e-01 0.000000000000000000e+00 1.000000000000000000e+00 1.275878794706143127e-01 1.266702081462737217e-01
1.150000000000000000e+02 3.328778492268648637e-01 3.717845305349244400e-01 0.000000000000000000e+00 0.000000000000000000e+00 1.309252642904841502e-01 1.510885970823697688e-01
1.200000000000000000e+02 5.189013141905242099e-01 2.725491641656601072e-01 1.000000000000000000e+00 1.000000000000000000e+00 1.125598872941347278e-01 9.617683198388987664e-02
1.250000000000000000e+02 4.951258919183467166e-01 1.508294165894077943e-01 1.000000000000000000e+00 0.000000000000000000e+00 5.787022626085985139e-02 1.580121554193153477e-01
1.300000000000000000e+02 3.103801703166101378e-01 3.360392418840320028e-01 1.000000000000000000e+00 0.000000000000000000e+00 8.788120453042932989e-02 1.540054835028243918e-01
1.350000000000000000e+02 2.045143910241694896e-01 3.161885547071484615e-01 0.000000000000000000e+00 1.000000000000000000e+00 9.441695665768920498e-02 1.102931062827078174e-01
1.400000000000000000e+02 4.370018781942765496e-01 2.839016312373594531e-01 0.000000000000000000e+00 0.000000000000000000e+00 1.747995329265800701e-01 1.118266195711880434e-01
1.450000000000000000e+02 3.681442775418383162e-01 2.621145141937270551e-01 1.000000000000000000e+00 1.000000000000000000e+00 1.022692730943865619e-01 9.185290730166928430e-02
1.500000000000000000e+02 3.952915730848128861e-01 3.088532183003477871e-01 0.000000000000000000e+00 0.000000000000000000e+00 1.792483013098688516e-01 1.581744270113074335e-01
1.550000000000000000e+02 3.676023595245140330e-01 3.929597861613683407e-01 0.000000000000000000e+00 1.000000000000000000e+00 1.442901507708296838e-01 8.976225857697742172e-02
1.600000000000000000e+02 5.284495780598467141e-01 3.701442582264273806e-01 1.000000000000000000e+00 1.000000000000000000e+00 1.348238574796297717e-01 1.125563257682551804e-01
1.650000000000000000e+02 3.304254902331524857e-01 3.341047154769664629e-01 1.000000000000000000e+00 0.000000000000000000e+00 9.197958637465179776e-02 2.086693164499918984e-01
1.700000000000000000e+02 2.753769874691117669e-01 3.124906460981237699e-01 0.000000000000000000e+00 0.000000000000000000e+00 1.291299774450895832e-01 1.173304947174128310e-01
1.750000000000000000e+02 3.655353192249825023e-01 2.857426796077779940e-01 1.000000000000000000e+00 0.000000000000000000e+00 9.489273448217948326e-02 1.400434856277438245e-01
1.800000000000000000e+02 4.203072473091175598e-01 2.014988420355126875e-01 0.000000000000000000e+00 0.000000000000000000e+00 1.605878802265290339e-01 1.261377525814506573e-01
1.850000000000000000e+02 3.136449652885006101e-01 1.295248572436291934e-01 0.000000000000000000e+00 0.000000000000000000e+00 2.302194330866292327e-01 7.818348525133678173e-02
1.900000000000000000e+02 1.248573907525927645e-01 1.794901194867359606e-01 0.000000000000000000e+00 1.000000000000000000e+00 1.767923328816278783e-01 6.060647777101899752e-02
1.950000000000000000e+02 2.859001478507680605e-01 2.104114220466140606e-01 0.000000000000000000e+00 0.000000000000000000e+00 1.048795349854877018e-01 9.346131664490232860e-02
2.000000000000000000e+02 2.698284364635247234e-01 2.823146085463654198e-01 1.000000000000000000e+00 0.000000000000000000e+00 6.912528127295619607e-02 1.598159335372400514e-01
2.050000000000000000e+02 2.382822126937536866e-01 2.464724682103656139e-01 0.000000000000000000e+00 0.000000000000000000e+00 1.442586041092946136e-01 1.252119488451481077e-01
2.100000000000000000e+02 1.761886999990082414e-01 1.721878195833890512e-01 0.000000000000000000e+00 0.000000000000000000e+00 1.766441628055464563e-01 6.630089053722172665e-02
2.150000000000000000e+02 2.888391360377009498e-01 3.927426062001070917e-01 0.000000000000000000e+00 1.000000000000000000e+00 1.062665624350529608e-01 1.271964967304773930e-01
2.200000000000000000e+02 3.696995320285997311e-01 1.785270556846722534e-01 1.000000000000000000e+00 0.000000000000000000e+00 1.145231514071663459e-01 1.351204644527883580e-01
2.250000000000000000e+02 4.345803005944827158e-01 2.053063126104310854e-01 0.000000000000000000e+00 0.000000000000000000e+00 1.623856978395542272e-01 1.026298700537702779e-01
2.300000000000000000e+02 3.864941530409771175e-01 2.398301236494778110e-01 0.000000000000000000e+00 0.000000000000000000e+00 1.727547524358669373e-01 1.438082322833616478e-01
2.350000000000000000e+02 2.929319035133752802e-01 2.370674305853751884e-01 0.000000000000000000e+00 0.000000000000000000e+00 1.054445978040484955e-01 1.463379001213589437e-01
2.400000000000000000e+02 2.657334882316820801e-01 2.576076683734799255e-01 0.000000000000000000e+00 0.000000000000000000e+00 1.703095211445649071e-01 1.118721895310254982e-01
2.450000000000000000e+02 2.247013219791368088e-01 1.936458992617683950e-01 0.000000000000000000e+00 0.000000000000000000e+00 1.223486452171991673e-01 1.831419419296498874e-01
2.500000000000000000e+02 2.463181350433575056e-01 2.605888987429993975e-01 0.000000000000000000e+00 0.000000000000000000e+00 1.284261178841303030e-01 1.235794758996350273e-01
2.550000000000000000e+02 3.473698175684901690e-01 3.466949799975446167e-01 1.000000000000000000e+00 1.000000000000000000e+00 1.076790916820274113e-01 8.109867923487307229e-02
2.600000000000000000e+02 3.268076484830922945e-01 4.229343943750651924e-01 1.000000000000000000e+00 1.000000000000000000e+00 1.154323351590077207e-01 1.168661614759496509e-01
2.650000000000000000e+02 3.422824017188434431e-01 1.588627778348473962e-01 0.000000000000000000e+00 0.000000000000000000e+00 1.618628687307041292e-01 1.358888454807058999e-01
2.700000000000000000e+02 2.694224887071583474e-01 4.071866402922593720e-01 0.000000000000000000e+00 1.000000000000000000e+00 1.238590278577252346e-01 1.382237928244441361e-01
2.750000000000000000e+02 2.420298246570371514e-01 1.472303532905176460e-01 1.000000000000000000e+00 0.000000000000000000e+00 7.840300190979859751e-02 1.114650309031032377e-01
2.800000000000000000e+02 1.135294022501279060e-01 3.327623500942925583e-01 0.000000000000000000e+00 1.000000000000000000e+00 1.337297103594505543e-01 1.100935554047225845e-01
2.850000000000000000e+02 3.400225839992203625e-01 1.852542532433960609e-01 0.000000000000000000e+00 0.000000000000000000e+00 1.350098975038013793e-01 7.934901217338125035e-02
2.900000000000000000e+02 3.614382152405132276e-01 2.557105308072292194e-01 1.000000000000000000e+00 0.000000000000000000e+00 9.719814838024072590e-02 1.290263861327264616e-01
2.950000000000000000e+02 1.975917659247010127e-01 2.016037265492054975e-01 0.000000000000000000e+00 0.000000000000000000e+00 1.101673452729525077e-01 1.017982480692674191e-01
3.000000000000000000e+02 3.475301279502354679e-01 8.369954022160719376e-02 1.000000000000000000e+00 0.000000000000000000e+00 9.562381250797832855e-02 6.471503976483269915e-02
3.050000000000000000e+02 3.407979076146360753e-01 7.458725897894022405e-02 0.000000000000000000e+00 0.000000000000000000e+00 1.778009003374892705e-01 1.142818770352791308e-01
3.100000000000000000e+02 2.074451482213109654e-01 2.120003509876253744e-01 0.000000000000000000e+00 0.000000000000000000e+00 1.167423358040482889e-01 1.406254839305839388e-01
3.150000000000000000e+02 3.541733889722696871e-01 2.585289111659917483e-01 1.000000000000000000e+00 1.000000000000000000e+00 1.045887658958185029e-01 5.625288971425383006e-02
3.200000000000000000e+02 1.644198500177507793e-01 2.010579685523135873e-01 0.000000000000000000e+00 0.000000000000000000e+00 1.282724698928831564e-01 9.689016393994505372e-02
3.250000000000000000e+02 1.992902220934837376e-01 8.928833618829908059e-02 0.000000000000000000e+00 0.000000000000000000e+00 1.126415469690031923e-01 8.732221004859830327e-02
3.300000000000000000e+02 1.792118132506508865e-01 4.660721027695799989e-01 0.000000000000000000e+00 1.000000000000000000e+00 1.338820246855516871e-01 1.119924562051681088e-01
3.350000000000000000e+02 3.245523757397476006e-01 2.732889183738421712e-01 0.000000000000000000e+00 0.000000000000000000e+00 1.232748372591034591e-01 1.273537866222970438e-01
3.400000000000000000e+02 7.694884263052226281e-02 2.588276629380952820e-01 0.000000000000000000e+00 0.000000000000000000e+00 1.700579705125090935e-01 1.573422324392803606e-01
3.450000000000000000e+02 1.837822982728852250e-01 6.096754718112982335e-02 0.000000000000000000e+00 0.000000000000000000e+00 1.479801554296672206e-01 1.244283981924728388e-01
3.500000000000000000e+02 1.831113657530926975e-01 3.200478995510075420e-01 0.000000000000000000e+00 1.000000000000000000e+00 1.383939118770317611e-01 6.245732969974367166e-02
3.550000000000000000e+02 3.284289263305034678e-01 5.114754511810357812e-02 1.000000000000000000e+00 0.000000000000000000e+00 1.067767585341865277e-01 1.396146664256564807e-01
3.600000000000000000e+02 2.378436221608946077e-01 1.871732864980104327e-01 0.000000000000000000e+00 0.000000000000000000e+00 1.309346084760526774e-01 9.417052776504197809e-02
3.650000000000000000e+02 3.027352577499483610e-01 1.743406007330152996e-01 0.000000000000000000e+00 0.000000000000000000e+00 1.940576759349752767e-01 9.992636076683855673e-02
3.700000000000000000e+02 1.684270754335788489e-01 2.740879848014285414e-01 0.000000000000000000e+00 0.000000000000000000e+00 9.938908291019286911e-02 9.720779308509212846e-02
3.750000000000000000e+02 3.025722191303227282e-01 3.242180027319064850e-01 0.000000000000000000e+00 0.000000000000000000e+00 1.239046389631030670e-01 1.811663555860110464e-01
3.800000000000000000e+02 4.109267326516857222e-01 2.277265536109643329e-01 1.000000000000000000e+00 1.000000000000000000e+00 1.176848302233636512e-01 6.724789439085322729e-02
3.850000000000000000e+02 2.327886584726844288e-01 2.487940099204588029e-01 0.000000000000000000e+00 0.000000000000000000e+00 1.171781454985890703e-01 9.380708894125401598e-02
3.900000000000000000e+02 1.994602792095406807e-01 2.806277102385201783e-01 0.000000000000000000e+00 0.000000000000000000e+00 1.647338814839117704e-01 1.121593032298075915e-01
3.950000000000000000e+02 2.385236974491017625e-01 1.580236350471075357e-01 0.000000000000000000e+00 0.000000000000000000e+00 1.287154476903985267e-01 1.042632587354847679e-01
4.000000000000000000e+02 1.733316054541141349e-01 3.146189791061943519e-01 0.000000000000000000e+00 0.000000000000000000e+00 1.468605943157210714e-01 1.482826065122991310e-01
4.050000000000000000e+02 1.409348123261800756e-01 2.945142508783483715e-01 0.000000000000000000e+00 1.000000000000000000e+00 6.127954901841434904e-02 1.020058266603976610e-01
4.100000000000000000e+02 2.264257333109319925e-01 2.016840856313442676e-01 0.000000000000000000e+00 0.000000000000000000e+00 1.405804343395491984e-01 7.532747984912908923e-02
4.150000000000000000e+02 2.058366959851247180e-01 2.798620286435355431e-01 1.000000000000000000e+00 0.000000000000000000e+00 5.551389367927494350e-02 1.617951796443532486e-01
4.200000000000000000e+02 7.462802796560434604e-02 2.652104183979240443e-02 0.000000000000000000e+00 0.000000000000000000e+00 8.313348417775978660e-02 1.044991613599811076e-01
4.250000000000000000e+02 7.152021970167084242e-02 3.452082849709237761e-02 0.000000000000000000e+00 0.000000000000000000e+00 1.152859462997812973e-01 8.554611217943021428e-02
4.300000000000000000e+02 1.036268127858856192e-01 4.484879381234593149e-02 0.000000000000000000e+00 0.000000000000000000e+00 8.819830482924614912e-02 1.696150695159338306e-01
4.350000000000000000e+02 1.493433471635971233e-01 3.145877117114557198e-01 0.000000000000000000e+00 0.000000000000000000e+00 1.126644979014466419e-01 1.731025276861322681e-01
4.400000000000000000e+02 3.595889387977471152e-01 7.484873544774972576e-02 1.000000000000000000e+00 0.000000000000000000e+00 1.151118220453072050e-01 1.431334511548472688e-01
4.450000000000000000e+02 3.125338647127918756e-01 2.099486121987011733e-01 1.000000000000000000e+00 0.000000000000000000e+00 9.015942772481980172e-02 1.326284694295557787e-01
4.500000000000000000e+02 3.053241240087403163e-01 2.048159702247361602e-01 0.000000000000000000e+00 0.000000000000000000e+00 1.851078832597236878e-01 1.480230557715017659e-01
4.550000000000000000e+02 2.355754901964622339e-01 4.503222491606595490e-01 0.000000000000000000e+00 1.000000000000000000e+00 1.019754790027932873e-01 1.056222589461214278e-01
4.600000000000000000e+02 1.080838737804738214e-01 1.826517409089254418e-01 0.000000000000000000e+00 0.000000000000000000e+00 1.114884360944154995e-01 1.600074278669666450e-01
4.650000000000000000e+02 1.152204929010776022e-02 1.634948950129688217e-01 0.000000000000000000e+00 0.000000000000000000e+00 9.482026787408676105e-02 1.020127624300563307e-01
4.700000000000000000e+02 1.050344625707436003e-01 2.446161004895617275e-01 0.000000000000000000e+00 1.000000000000000000e+00 8.388902822772018042e-02 8.359869549215782902e-02
4.750000000000000000e+02 1.254171053559975380e-01 2.857877820441006023e-01 0.000000000000000000e+00 0.000000000000000000e+00 6.425014554796004695e-02 1.918752950306961413e-01
4.800000000000000000e+02 1.642977018615963403e-01 3.309181996789584135e-01 0.000000000000000000e+00 1.000000000000000000e+00 1.006643071300998560e-01 1.073678677045173946e-01
4.850000000000000000e+02 2.434644120364736763e-01 7.033013871526874738e-02 0.000000000000000000e+00 0.000000000000000000e+00 1.169753290195666429e-01 8.692671051552781913e-02
4.900000000000000000e+02 3.325359199413250866e-01 1.899315168758781147e-01 1.000000000000000000e+00 0.000000000000000000e+00 8.573464620752978271e-02 8.569868440218755823e-02
4.950000000000000000e+02 2.018484018964306070e-01 2.662990776022782780e-01 1.000000000000000000e+00 0.000000000000000000e+00 7.028325421351455660e-02 9.702487317420986634e-02
5.000000000000000000e+02 1.387182802533982739e-01 1.826222821120261075e-01 0.000000000000000000e+00 0.000000000000000000e+00 8.521841432196146371e-02 1.688392164942889850e-01
5.050000000000000000e+02 1.522299630472296328e-01 2.397926065641005633e-01 0.000000000000000000e+00 0.000000000000000000e+00 8.148888335759665869e-02 1.839556154822420686e-01
5.100000000000000000e+02 1.823960096006953246e-01 1.278384324950397610e-01 0.000000000000000000e+00 0.000000000000000000e+00 1.319171365479343827e-01 7.703808283583619965e-02
5.150000000000000000e+02 4.856124593043043697e-02 1.713812580334572455e-01 0.000000000000000000e+00 0.000000000000000000e+00 7.836449440975100378e-02 8.905730360039129656e-02
5.200000000000000000e+02 1.293148170069049752e-01 4.614011320518413006e-02 0.000000000000000000e+00 0.000000000000000000e+00 1.639754462738499674e-01 1.235587628750381278e-01
5.250000000000000000e+02 2.990994280551612094e-01 3.996186948788428284e-01 0.000000000000000000e+00 1.000000000000000000e+00 1.118075581679015135e-01 1.039940410948838323e-01
5.300000000000000000e+02 2.397619135001939072e-01 1.682811416722497788e-01 0.000000000000000000e+00 0.000000000000000000e+00 8.830240426570339085e-02 1.049226916693511980e-01
5.350000000000000000e+02 1.923015117049390876e-01 2.017340837751055438e-01 0.000000000000000000e+00 0.000000000000000000e+00 1.117756253900210467e-01 1.440722777483918748e-01
5.400000000000000000e+02 7.370133981734001971e-02 2.333238817778164054e-01 0.000000000000000000e+00 0.000000000000000000e+00 6.544497074907622280e-02 1.333840121938333900e-01
5.450000000000000000e+02 1.539686617232708110e-01 1.142862675207982071e-01 0.000000000000000000e+00 0.000000000000000000e+00 1.369194645143995692e-01 4.334507193190587082e-02
5.500000000000000000e+02 1.576248088640679890e-01 1.478723641028888425e-01 0.000000000000000000e+00 0.000000000000000000e+00 1.261486661812108723e-01 1.335910436895965669e-01
5.550000000000000000e+02 2.300238923343736752e-01 1.586578929956024009e-01 0.000000000000000000e+00 0.000000000000000000e+00 1.016620658021042956e-01 1.334287579737903073e-01
5.600000000000000000e+02 1.365906555699149538e-01 1.347980652144861735e-01 0.000000000000000000e+00 0.000000000000000000e+00 1.088206223739484335e-01 1.317579877802490806e-01
5.650000000000000000e+02 2.147262693315784080e-02 3.135017428591883593e-01 0.000000000000000000e+00 0.000000000000000000e+00 1.639503791077543682e-01 1.761172454300698742e-01
5.700000000000000000e+02 2.219221210742242101e-01 1.960606344174099513e-01 0.000000000000000000e+00 0.000000000000000000e+00 1.468732981379733682e-01 1.097001944412184793e-01
5.750000000000000000e+02 3.108905992479360503e-02 3.759486651183110983e-01 0.000000000000000000e+00 0.000000000000000000e+00 1.134689512648849735e-01 1.612920909546141091e-01
5.800000000000000000e+02 7.682387912682953068e-02 2.243486915386422031e-01 0.000000000000000000e+00 0.000000000000000000e+00 1.217716960061963200e-01 9.265755816151949320e-02
5.850000000000000000e+02 3.129204442642326001e-01 7.109923331219528131e-02 0.000000000000000000e+00 0.000000000000000000e+00 1.418277957629326402e-01 1.473142434742124307e-01
5.900000000000000000e+02 1.267402896075691954e-01 2.899578121443910361e-02 0.000000000000000000e+00 0.000000000000000000e+00 1.562248735874112449e-01 1.504431520119883792e-02
5.950000000000000000e+02 1.324358407727970963e-02 1.288892627894830945e-01 0.000000000000000000e+00 0.000000000000000000e+00 8.201412351072884244e-02 1.418121539185018543e-01
6.000000000000000000e+02 9.012781690476093233e-02 2.856027605351337262e-01 0.000000000000000000e+00 0.000000000000000000e+00 8.937186751070738677e-02 1.693205448223567000e-01
6.050000000000000000e+02 2.746901669732589729e-02 2.942926983280816366e-01 0.000000000000000000e+00 1.000000000000000000e+00 2.377272799803269859e-02 6.703288600598007740e-02
6.100000000000000000e+02 3.545404247334249526e-02 1.665268978264107802e-01 0.000000000000000000e+00 0.000000000000000000e+00 8.311868046119479103e-02 1.259953798903659106e-01
6.150000000000000000e+02 1.029207213566565166e-02 8.217572866120456676e-02 0.000000000000000000e+00 0.000000000000000000e+00 6.008975701086845429e-03 1.595397227443809685e-01
6.200000000000000000e+02 1.117781119303130621e-01 8.401094400507690130e-02 0.000000000000000000e+00 0.000000000000000000e+00 1.041623520756962129e-01 1.349647946907321927e-01
6.250000000000000000e+02 6.692571727168547535e-02 1.640934820509946102e-01 0.000000000000000000e+00 0.000000000000000000e+00 1.307735845793204510e-01 1.115641126726921589e-01
6.300000000000000000e+02 1.384554290807763210e-01 1.836706040503488790e-01 0.000000000000000000e+00 0.000000000000000000e+00 8.335383738473149673e-02 1.068243552918980988e-01
6.350000000000000000e+02 1.535905966274306311e-01 1.748476028508099966e-01 0.000000000000000000e+00 0.000000000000000000e+00 1.628190465675028176e-01 1.153957686863672227e-01
6.400000000000000000e+02 1.606477328895266898e-01 4.031722852395658308e-01 0.000000000000000000e+00 1.000000000000000000e+00 1.097538361139442920e-01 1.139503315110904497e-01
6.450000000000000000e+02 7.233315445227178619e-02 3.161237862371307772e-01 0.000000000000000000e+00 0.000000000000000000e+00 2.946322084506512035e-02 1.200115131615277358e-01
6.500000000000000000e+02 3.856869222774100825e-02 2.397996360414758610e-01 0.000000000000000000e+00 0.000000000000000000e+00 8.542463852572899918e-02 9.096163179411435873e-02
6.550000000000000000e+02 1.092805535208514200e-01 3.887470978498919760e-01 0.000000000000000000e+00 0.000000000000000000e+00 9.813647000069451731e-02 1.561437841716126484e-01
6.600000000000000000e+02 1.258664243421382944e-01 1.922290412201537735e-01 0.000000000000000000e+00 0.000000000000000000e+00 1.035597069385536112e-01 1.188363239801470822e-01
6.650000000000000000e+02 6.137272854614034268e-02 4.191361148024380090e-01 0.000000000000000000e+00 1.000000000000000000e+00 1.089156232416270964e-01 1.016079798838345344e-01
6.700000000000000000e+02 3.490860718645275723e-02 1.381514704892845002e-01 0.000000000000000000e+00 0.000000000000000000e+00 2.209123277002751976e-02 9.893829268267059773e-02
6.750000000000000000e+02 1.108949827812470146e-01 8.341393634204211094e-02 0.000000000000000000e+00 0.000000000000000000e+00 1.073131843307944394e-01 1.509469907742456152e-01
6.800000000000000000e+02 1.014991884965667640e-01 2.170860556489531690e-01 0.000000000000000000e+00 0.000000000000000000e+00 8.777742258535921327e-02 1.250476322402244989e-01
6.850000000000000000e+02 1.051951140004581120e-01 7.278418078097474708e-03 0.000000000000000000e+00 0.000000000000000000e+00 7.293830141715397508e-02 1.209978119828331034e-02
6.900000000000000000e+02 1.690382648014351619e-01 1.679718719965031526e-01 0.000000000000000000e+00 0.000000000000000000e+00 9.712515445329322761e-02 1.303043309017381246e-01
6.950000000000000000e+02 2.039795601452261964e-01 2.039599403511773157e-01 0.000000000000000000e+00 1.000000000000000000e+00 8.390657944030958937e-02 5.856769842903874340e-02
7.000000000000000000e+02 2.945037762827113492e-01 1.353590490188363304e-01 0.000000000000000000e+00 0.000000000000000000e+00 1.385431275596286371e-01 9.655682841729099075e-02
7.050000000000000000e+02 1.067705992361980688e-01 2.191417366073587780e-01 0.000000000000000000e+00 1.000000000000000000e+00 9.793470038568970193e-02 5.863864152389686168e-02
7.100000000000000000e+02 1.720702252963723575e-02 2.987314474331891900e-01 0.000000000000000000e+00 1.000000000000000000e+00 8.799340232692985653e-02 8.897723070103244480e-02
7.150000000000000000e+02 7.955111539045564562e-02 2.671923666609170578e-01 0.000000000000000000e+00 1.000000000000000000e+00 1.288876682101484650e-01 5.106712341112776971e-02
7.200000000000000000e+02 1.313960973878007532e-01 6.270012271742284038e-02 0.000000000000000000e+00 0.000000000000000000e+00 8.552611288252480459e-02 6.717154548473301678e-02
7.250000000000000000e+02 1.075841473322822761e-01 2.232011870723986102e-01 0.000000000000000000e+00 0.000000000000000000e+00 1.204005097016691839e-01 1.677185621363192491e-01
7.300000000000000000e+02 2.437698778487347728e-01 6.446638609768054473e-02 0.000000000000000000e+00 0.000000000000000000e+00 1.597666933037938108e-01 8.124377148733553933e-02
7.350000000000000000e+02 1.819920159588958308e-01 1.281932205487051613e-01 0.000000000000000000e+00 0.000000000000000000e+00 1.382944686685982361e-01 9.919819639281828028e-02
7.400000000000000000e+02 2.256500341906345075e-01 9.619182203655869678e-02 0.000000000000000000e+00 0.000000000000000000e+00 1.100217805785772412e-01 9.612847404938819340e-02
7.450000000000000000e+02 1.197521512462096649e-01 8.969653606569241711e-02 0.000000000000000000e+00 0.000000000000000000e+00 8.412713426285652052e-02 8.183571630899159899e-02
7.500000000000000000e+02 2.807120613269419376e-02 2.289175500215832049e-01 0.000000000000000000e+00 0.000000000000000000e+00 9.853218338531827269e-02 8.427466966969186790e-02
7.550000000000000000e+02 1.472951916299890807e-01 1.282866238526598202e-01 0.000000000000000000e+00 0.000000000000000000e+00 1.205296277077779477e-01 1.407122899101523883e-01
7.600000000000000000e+02 1.048851040038660531e-01 1.486623905628365883e-01 0.000000000000000000e+00 0.000000000000000000e+00 1.115782533989162079e-01 9.183736323565704074e-02
7.650000000000000000e+02 3.613640948932181907e-01 1.546352718722467101e-01 1.000000000000000000e+00 0.000000000000000000e+00 8.202615942687493944e-02 1.335615602445019423e-01
7.700000000000000000e+02 7.420701870774355779e-02 1.214980181484101307e-01 0.000000000000000000e+00 0.000000000000000000e+00 7.736330852289473314e-02 1.583711912200770344e-01
7.750000000000000000e+02 1.487916167134335221e-01 2.180490367826986853e-01 0.000000000000000000e+00 0.000000000000000000e+00 1.152989526081317356e-01 9.994616475354588248e-02
7.800000000000000000e+02 1.818115552312785377e-01 1.246782274373584888e-02 0.000000000000000000e+00 0.000000000000000000e+00 8.935200708755677845e-02 8.224592960727487856e-02
7.850000000000000000e+02 2.416376693681211458e-03 2.953905056923444294e-01 0.000000000000000000e+00 0.000000000000000000e+00 6.232490676880803396e-03 1.478310361989842170e-01
7.900000000000000000e+02 4.218253044290215525e-01 2.286356454837680172e-02 1.000000000000000000e+00 0.000000000000000000e+00 9.431559131923852868e-02 1.268202824717148403e-01
7.950000000000000000e+02 2.503746681658576279e-01 1.308218296711490258e-01 1.000000000000000000e+00 0.000000000000000000e+00 5.234510767565873218e-02 1.157353721345623226e-01
8.000000000000000000e+02 8.259790924119861377e-02 2.250567175341337267e-01 0.000000000000000000e+00 0.000000000000000000e+00 8.412140424120706506e-02 1.827634176373546249e-01
8.050000000000000000e+02 1.032421115055331684e-01 1.302589538371915212e-01 0.000000000000000000e+00 0.000000000000000000e+00 9.463896576632592483e-02 1.189425856022205824e-01
8.100000000000000000e+02 1.324427494472428801e-01 1.723883827405349733e-01 0.000000000000000000e+00 0.000000000000000000e+00 1.018423644172740533e-01 9.515117075753509734e-02
8.150000000000000000e+02 1.584823950059761344e-01 8.719957918158438570e-02 0.000000000000000000e+00 0.000000000000000000e+00 8.651785553071202062e-02 8.612652318414314168e-02
8.200000000000000000e+02 2.771061508144008201e-01 1.783229068296250108e-01 0.000000000000000000e+00 0.000000000000000000e+00 1.232069198536066001e-01 8.621222711048719123e-02
8.250000000000000000e+02 8.634502155369802590e-02 2.609997225882971228e-01 0.000000000000000000e+00 0.000000000000000000e+00 8.436953683714637497e-02 9.357880215746065822e-02
8.300000000000000000e+02 1.732659699317550539e-01 2.917405411348938243e-02 0.000000000000000000e+00 0.000000000000000000e+00 1.299682942674160735e-01 4.754675138638769782e-02
8.350000000000000000e+02 1.022986215433971946e-01 1.537583931737409593e-01 0.000000000000000000e+00 0.000000000000000000e+00 1.157279552438495451e-01 1.266167874462148790e-01
8.400000000000000000e+02 4.007186454832824263e-02 1.134951485307583441e-01 0.000000000000000000e+00 0.000000000000000000e+00 1.055462384118516644e-01 1.282268053892120230e-01
8.450000000000000000e+02 1.763951358163332039e-01 1.842385522480905757e-01 1.000000000000000000e+00 0.000000000000000000e+00 4.125631313424616559e-02 1.405312481541420577e-01
8.500000000000000000e+02 1.495109228672968360e-01 7.467829389465045764e-02 0.000000000000000000e+00 0.000000000000000000e+00 1.039521334503783895e-01 1.412464522476150341e-01
8.550000000000000000e+02 5.846722636356306568e-02 1.423413280986198237e-01 0.000000000000000000e+00 0.000000000000000000e+00 6.928860131320950522e-02 1.348699432250149710e-01
8.600000000000000000e+02 2.707096726717382884e-01 2.055947466977121538e-02 0.000000000000000000e+00 0.000000000000000000e+00 1.079984607490532128e-01 1.173127939833080828e-02
8.650000000000000000e+02 6.480089554768683757e-02 3.111952031014916242e-01 0.000000000000000000e+00 1.000000000000000000e+00 8.348654273540107029e-02 9.209207902089382169e-02
8.700000000000000000e+02 3.350586184088755748e-01 0.000000000000000000e+00 0.000000000000000000e+00 0.000000000000000000e+00 1.305995208240071093e-01 0.000000000000000000e+00
8.750000000000000000e+02 3.646336767558295833e-01 2.893621087263557601e-01 0.000000000000000000e+00 0.000000000000000000e+00 1.377633781509194355e-01 1.309968608327254092e-01
8.800000000000000000e+02 2.167423954865316804e-01 1.344174785321906040e-01 0.000000000000000000e+00 0.000000000000000000e+00 1.107726511863887653e-01 6.498668935089610410e-02
8.850000000000000000e+02 2.095695722084897628e-02 1.877725846182506098e-01 0.000000000000000000e+00 0.000000000000000000e+00 1.998257374720818769e-02 9.268999915173101178e-02
8.900000000000000000e+02 1.050373966412876392e-01 3.802236163575329342e-01 0.000000000000000000e+00 0.000000000000000000e+00 1.519418792629797788e-01 1.359049639299076961e-01
8.950000000000000000e+02 1.986326131857323596e-01 1.875714383983763682e-04 0.000000000000000000e+00 0.000000000000000000e+00 1.650526534355562513e-01 3.489623521600225108e-03
9.000000000000000000e+02 1.116248481294343647e-01 7.963487415623134169e-02 0.000000000000000000e+00 0.000000000000000000e+00 1.369480001071671504e-01 6.876610745221729826e-02
9.050000000000000000e+02 3.206249920390149555e-01 1.164206933563828733e-01 1.000000000000000000e+00 0.000000000000000000e+00 9.334248851370161026e-02 1.219618381912970784e-01
9.100000000000000000e+02 1.591101093149901169e-01 1.025471456508257190e-01 0.000000000000000000e+00 0.000000000000000000e+00 8.480492937616210258e-02 1.521063353945343588e-01
9.150000000000000000e+02 3.795842520596892644e-02 9.912474781815391878e-02 0.000000000000000000e+00 0.000000000000000000e+00 6.337408853448782409e-02 8.669233441590261380e-02
9.200000000000000000e+02 9.288427342838143086e-02 4.988426594013175425e-02 0.000000000000000000e+00 0.000000000000000000e+00 9.420518291060472893e-02 1.454393134132860033e-01
9.250000000000000000e+02 1.906346002667053952e-01 1.600347763496074160e-01 0.000000000000000000e+00 0.000000000000000000e+00 9.613115377785991233e-02 9.629253323710096346e-02
9.300000000000000000e+02 7.711581371982460797e-02 1.454758922526493692e-01 0.000000000000000000e+00 1.000000000000000000e+00 1.118424329245469723e-01 4.447201593474784526e-02
9.350000000000000000e+02 2.338063629728980852e-01 3.705171452834148949e-01 1.000000000000000000e+00 1.000000000000000000e+00 8.110319397766779792e-02 8.475758700911008303e-02
9.400000000000000000e+02 3.512857512010990335e-02 1.925321703026400821e-01 0.000000000000000000e+00 0.000000000000000000e+00 3.408230165189782973e-02 8.412440629396160385e-02
9.450000000000000000e+02 1.901894821715522654e-01 1.187159799771189406e-01 0.000000000000000000e+00 0.000000000000000000e+00 1.129692518146931252e-01 8.865506099996463274e-02
9.500000000000000000e+02 2.885891453979862464e-01 2.799823251131587920e-01 0.000000000000000000e+00 0.000000000000000000e+00 1.569001385825798678e-01 1.298729663003048151e-01
9.550000000000000000e+02 9.987358615913825843e-02 3.862554704406033490e-02 0.000000000000000000e+00 0.000000000000000000e+00 1.145029735973340235e-01 1.124853728550829490e-01
9.600000000000000000e+02 3.329317559769494035e-04 1.256669763586118205e-01 0.000000000000000000e+00 0.000000000000000000e+00 3.041151122415147214e-03 8.368029732336247639e-02
9.650000000000000000e+02 2.010369201499259684e-01 1.420115887533988652e-01 0.000000000000000000e+00 0.000000000000000000e+00 1.109442041599920520e-01 1.259096168847048669e-01
9.700000000000000000e+02 1.006178194804709936e-01 4.538539038054049263e-02 0.000000000000000000e+00 0.000000000000000000e+00 1.199907226414827915e-01 1.823212866297538037e-01
9.750000000000000000e+02 9.914618350223339260e-02 4.168607846907150527e-02 0.000000000000000000e+00 0.000000000000000000e+00 4.178651004488785625e-02 9.808048979452499427e-02
9.800000000000000000e+02 9.735349989761397926e-02 1.550565162267608654e-01 0.000000000000000000e+00 0.000000000000000000e+00 7.656835159448704964e-02 6.335368936437596465e-02
9.850000000000000000e+02 1.380344921812146630e-01 8.157556354804636201e-02 0.000000000000000000e+00 0.000000000000000000e+00 1.411618525432539462e-01 1.088697131302116955e-01
9.900000000000000000e+02 1.308626518083706725e-01 1.392111047060499707e-01 0.000000000000000000e+00 0.000000000000000000e+00 1.360707664181059484e-01 1.099445999891866255e-01
9.950000000000000000e+02 2.194639161758897838e-01 2.969902489483000618e-02 0.000000000000000000e+00 0.000000000000000000e+00 1.363924252042449659e-01 1.078365163653463299e-01
