0.000000000000000000e+00 0.000000000000000000e+00 0.000000000000000000e+00 0.000000000000000000e+00 0.000000000000000000e+00 0.000000000000000000e+00 0.000000000000000000e+00
5.000000000000000000e+00 5.662315084865638948e-01 7.030725406169637814e-01 1.000000000000000000e+00 1.000000000000000000e+00 1.284148619283191906e-01 8.970614286781945779e-02
1.000000000000000000e+01 5.672343199295092342e-01 5.998479955899823635e-01 1.000000000000000000e+00 1.000000000000000000e+00 1.438522848779706098e-01 1.272411666075375092e-01
1.500000000000000000e+01 4.625057645221435365e-01 7.343304035359459192e-01 0.000000000000000000e+00 1.000000000000000000e+00 1.710802617494832090e-01 1.676326329442502372e-01
2.000000000000000000e+01 5.444453459377986970e-01 4.911854057360011683e-01 1.000000000000000000e+00 1.000000000000000000e+00 1.546224285266707965e-01 7.589338500267497900e-02
2.500000000000000000e+01 2.597524852440027954e-01 4.038567422324618184e-01 0.000000000000000000e+00 1.000000000000000000e+00 1.052175582796035930e-01 1.229158418559571364e-01
3.000000000000000000e+01 3.392957766841663281e-01 6.419910045316019609e-01 1.000000000000000000e+00 1.000000000000000000e+00 9.943501354084646748e-02 1.694323321636932445e-01
3.500000000000000000e+01 4.832616712541560888e-01 5.307317213645134091e-01 1.000000000000000000e+00 1.000000000000000000e+00 8.857900661769683992e-02 1.293468359020965575e-01
4.000000000000000000e+01 4.175214187696556500e-01 6.819903410273107092e-01 1.000000000000000000e+00 1.000000000000000000e+00 6.660329076825971528e-02 1.534106720254467815e-01
4.500000000000000000e+01 4.358556529720575279e-01 5.429490016707733124e-01 1.000000000000000000e+00 1.000000000000000000e+00 1.463709397044191396e-01 1.604744377176935688e-01
5.000000000000000000e+01 5.128404398757908655e-01 6.476880700853047124e-01 1.000000000000000000e+00 1.000000000000000000e+00 1.142089021003633298e-01 1.859361279596175587e-01
5.500000000000000000e+01 6.300490871186410491e-01 5.807282311577223188e-01 1.000000000000000000e+00 1.000000000000000000e+00 1.594914830827222352e-01 1.140285435042926593e-01
6.000000000000000000e+01 3.143703058904477876e-01 4.334214830240914473e-01 0.000000000000000000e+00 1.000000000000000000e+00 1.556596571329265100e-01 9.625011172425758377e-02
6.500000000000000000e+01 3.754295823062206439e-01 4.528709863873761066e-01 0.000000000000000000e+00 1.000000000000000000e+00 1.738724232050264662e-01 1.471300065596537754e-01
7.000000000000000000e+01 4.718307783710137260e-01 4.795424525955964690e-01 0.000000000000000000e+00 1.000000000000000000e+00 1.700598459466912127e-01 1.168488240884205109e-01
7.500000000000000000e+01 6.404509675821145054e-01 6.251167636502760194e-01 1.000000000000000000e+00 1.000000000000000000e+00 1.728228692901995767e-01 1.127921818420314221e-01
8.000000000000000000e+01 6.913966031796352496e-01 2.273769791078525948e-01 1.000000000000000000e+00 0.000000000000000000e+00 9.345747961342404375e-02 1.522220739388207289e-01
8.500000000000000000e+01 5.249885039281350085e-01 3.821089766657655984e-01 1.000000000000000000e+00 1.000000000000000000e+00 1.419135328129471629e-01 1.205531313322399656e-01
9.000000000000000000e+01 5.380753771226555182e-01 6.630459172212140873e-01 1.000000000000000000e+00 1.000000000000000000e+00 1.192270592850887823e-01 1.906033834928645143e-01
9.500000000000000000e+01 4.809793960425910453e-01 3.217077410517868996e-01 1.000000000000000000e+00 1.000000000000000000e+00 1.332234391268271867e-01 1.075401577483797722e-01
1.000000000000000000e+02 3.831229080603612003e-01 3.707902715820706185e-01 0.000000000000000000e+00 1.000000000000000000e+00 1.412036318771081600e-01 9.286022651930540828e-02
1.050000000000000000e+02 4.577186320816858389e-01 3.779924692109575268e-01 0.000000000000000000e+00 1.000000000000000000e+00 1.952896039634555436e-01 1.002174468157888271e-01
1.100000000000000000e+02 6.449480173104251701e-01 6.756580141909742654e-01 1.000000000000000000e+00 1.000000000000000000e+00 1.245190204949076784e-01 1.286784869804049325e-01
1.150000000000000000e+02 6.532460076770973956e-01 3.784322081261514148e-01 1.000000000000000000e+00 0.000000000000000000e+00 1.170377134599412255e-01 1.507686039633930053e-01
1.200000000000000000e+02 5.359671057328656563e-01 3.211719625204931261e-01 1.000000000000000000e+00 0.000000000000000000e+00 9.372389559773131040e-02 1.475586880587718697e-01
1.250000000000000000e+02 5.712799210884820234e-01 2.795815732167420409e-01 1.000000000000000000e+00 0.000000000000000000e+00 1.328762065033796680e-01 1.686545578818332003e-01
1.300000000000000000e+02 6.133218749162411276e-01 5.557906402476568974e-01 1.000000000000000000e+00 1.000000000000000000e+00 9.467478712278758202e-02 1.340933696674574127e-01
1.350000000000000000e+02 4.243420204731017664e-01 4.980415970853903640e-01 1.000000000000000000e+00 1.000000000000000000e+00 1.501277113953646269e-01 9.907836323114395383e-02
1.400000000000000000e+02 3.803054513595075514e-01 3.795886375928145817e-01 0.000000000000000000e+00 1.000000000000000000e+00 1.431567058211060950e-01 1.272233256859250927e-01
1.450000000000000000e+02 3.921855820302730944e-01 3.086719180164970155e-01 0.000000000000000000e+00 0.000000000000000000e+00 2.179942574141159606e-01 1.568307451518545503e-01
1.500000000000000000e+02 2.639949456821862883e-01 3.998429836718074282e-01 0.000000000000000000e+00 1.000000000000000000e+00 1.637910352904233813e-01 1.311215909711405392e-01
1.550000000000000000e+02 6.050709583237610101e-01 4.941362670183814254e-01 1.000000000000000000e+00 1.000000000000000000e+00 1.100793146591100280e-01 1.150078094451264243e-01
1.600000000000000000e+02 6.377767378108757379e-01 3.688271759006137573e-01 1.000000000000000000e+00 1.000000000000000000e+00 1.295243613390049398e-01 1.218987063316157443e-01
1.650000000000000000e+02 4.461968545666065156e-01 3.676254518303735952e-01 1.000000000000000000e+00 0.000000000000000000e+00 1.558775575951825421e-01 1.319110384688206850e-01
1.700000000000000000e+02 4.800716607592698248e-01 4.563834457181748516e-01 1.000000000000000000e+00 1.000000000000000000e+00 1.270217126382749140e-01 1.205693634432509626e-01
1.750000000000000000e+02 4.817231955172558422e-01 4.397811109471346791e-01 1.000000000000000000e+00 1.000000000000000000e+00 1.238253533275914670e-01 8.117115960200410596e-02
1.800000000000000000e+02 5.304513932807738419e-01 4.057754939648419712e-01 1.000000000000000000e+00 1.000000000000000000e+00 1.454042558546120856e-01 1.043312924430200295e-01
1.850000000000000000e+02 3.966770642441621586e-01 3.361554220907149171e-01 0.000000000000000000e+00 1.000000000000000000e+00 1.418781238405744383e-01 7.269680691704470676e-02
1.900000000000000000e+02 4.259286388313065497e-01 3.861569393203175826e-01 1.000000000000000000e+00 1.000000000000000000e+00 1.503151540692365673e-01 1.212735196107013053e-01
1.950000000000000000e+02 3.191452287547900668e-01 2.819311293828742904e-01 0.000000000000000000e+00 1.000000000000000000e+00 1.176768623924655116e-01 9.988172957366726890e-02
2.000000000000000000e+02 3.493911017574745093e-01 2.043871997177740540e-01 1.000000000000000000e+00 1.000000000000000000e+00 8.714270863762921260e-02 5.744241203029044895e-02
2.050000000000000000e+02 3.406977807230632260e-01 4.218848303989498061e-01 1.000000000000000000e+00 0.000000000000000000e+00 7.183477451010839010e-02 1.688905640703507460e-01
2.100000000000000000e+02 1.932842156412840073e-01 1.801202361316427969e-01 0.000000000000000000e+00 0.000000000000000000e+00 9.675919149652424667e-02 1.663692324985322768e-01
2.150000000000000000e+02 2.701276080519250944e-01 6.136350926015923246e-01 0.000000000000000000e+00 1.000000000000000000e+00 1.592131937097952810e-01 1.007941270703948816e-01
2.200000000000000000e+02 1.306937618553570823e-01 2.642938540923570612e-01 0.000000000000000000e+00 0.000000000000000000e+00 1.681560200711244846e-01 1.189445528281255632e-01
2.250000000000000000e+02 2.396808466064029308e-01 3.212857999378832541e-01 0.000000000000000000e+00 0.000000000000000000e+00 1.317654594890895758e-01 1.335189957041419961e-01
2.300000000000000000e+02 2.497258141269245169e-01 3.353565522049950509e-01 0.000000000000000000e+00 0.000000000000000000e+00 1.116635689843648166e-01 1.549420645598621749e-01
2.350000000000000000e+02 2.248975994738387774e-01 4.612577192481815969e-01 0.000000000000000000e+00 1.000000000000000000e+00 9.365871270393784365e-02 1.090946101693807957e-01
2.400000000000000000e+02 3.660243889166142073e-01 2.196121227706956669e-01 1.000000000000000000e+00 0.000000000000000000e+00 1.160049975699599112e-01 9.472420477130026606e-02
2.450000000000000000e+02 1.586015490887798252e-01 2.873756887428257079e-01 0.000000000000000000e+00 0.000000000000000000e+00 1.346257555926207716e-01 1.962724817722245330e-01
2.500000000000000000e+02 2.459086202559346845e-01 2.746572307103317678e-01 1.000000000000000000e+00 0.000000000000000000e+00 7.811966339906840917e-02 1.272612763902568611e-01
2.550000000000000000e+02 3.540843047303294799e-01 4.262659046995917467e-01 0.000000000000000000e+00 1.000000000000000000e+00 1.271822039771284552e-01 1.122088823252140322e-01
2.600000000000000000e+02 2.607846672055421089e-01 3.723947044061837186e-01 1.000000000000000000e+00 1.000000000000000000e+00 8.362703414211898612e-02 8.495392969364434776e-02
2.650000000000000000e+02 2.306743412249988023e-01 2.971345930886397646e-01 0.000000000000000000e+00 0.000000000000000000e+00 2.200318520669856670e-01 1.364776614385068698e-01
2.700000000000000000e+02 2.212440354375441731e-01 1.816701766844714960e-01 0.000000000000000000e+00 0.000000000000000000e+00 9.829170575853414527e-02 9.188960515229660508e-02
2.750000000000000000e+02 4.808132700952659766e-01 2.755789170493643803e-01 1.000000000000000000e+00 0.000000000000000000e+00 1.171660257883399281e-01 1.267616232612553684e-01
2.800000000000000000e+02 4.432283360430841479e-01 1.741450206156043845e-01 1.000000000000000000e+00 0.000000000000000000e+00 8.690612564693664388e-02 7.610671802558327537e-02
2.850000000000000000e+02 2.188724638010818013e-01 1.823110483250818536e-01 0.000000000000000000e+00 0.000000000000000000e+00 1.051547308184217211e-01 1.581226735953661644e-01
2.900000000000000000e+02 2.047309218679100318e-01 1.867721101477630707e-01 0.000000000000000000e+00 0.000000000000000000e+00 1.500473262905555050e-01 1.294394105360457403e-01
2.950000000000000000e+02 2.529995178090380659e-01 1.169894993871006400e-01 0.000000000000000000e+00 0.000000000000000000e+00 1.045973019213919386e-01 1.078474771726706249e-01
3.000000000000000000e+02 4.620143248278318349e-01 1.880142699959478358e-01 1.000000000000000000e+00 0.000000000000000000e+00 1.268439197791729478e-01 1.550566886966929514e-01
3.050000000000000000e+02 3.361272113295344921e-01 1.798179977053575018e-01 0.000000000000000000e+00 0.000000000000000000e+00 1.756031957802979826e-01 1.246453914857879042e-01
3.100000000000000000e+02 2.329976314755409228e-01 2.013843303134284779e-01 0.000000000000000000e+00 0.000000000000000000e+00 1.131315640877750550e-01 1.145799341574497421e-01
3.150000000000000000e+02 4.354721807283165047e-01 2.913548377801300493e-01 0.000000000000000000e+00 1.000000000000000000e+00 1.894687797141615948e-01 8.976624003651235972e-02
3.200000000000000000e+02 2.248836922649718184e-01 4.853517941560508975e-01 0.000000000000000000e+00 1.000000000000000000e+00 1.672882136836977562e-01 1.210715358603699221e-01
3.250000000000000000e+02 2.956768158710644245e-01 8.375780965132839651e-02 0.000000000000000000e+00 0.000000000000000000e+00 1.276077057766616119e-01 9.645401871352596301e-02
3.300000000000000000e+02 2.086661480106970501e-01 4.086419399653552498e-01 1.000000000000000000e+00 1.000000000000000000e+00 4.614413024444297129e-02 8.426220703032348547e-02
3.350000000000000000e+02 3.106130311408555889e-01 2.470874211910164819e-01 0.000000000000000000e+00 0.000000000000000000e+00 1.799609708696684185e-01 1.119182814159712935e-01
3.400000000000000000e+02 1.992878877077357835e-01 2.997343649948908118e-01 0.000000000000000000e+00 0.000000000000000000e+00 1.198416761834838612e-01 1.620216760904472364e-01
3.450000000000000000e+02 1.916808683043214612e-01 1.243624158892210271e-02 0.000000000000000000e+00 0.000000000000000000e+00 7.143148350653882872e-02 1.246866788400767673e-01
3.500000000000000000e+02 2.950545582365612374e-01 3.294361999108909034e-01 0.000000000000000000e+00 1.000000000000000000e+00 1.176651285504935751e-01 1.088071918853681236e-01
3.550000000000000000e+02 1.712627328370877056e-01 1.045787727741276790e-01 0.000000000000000000e+00 0.000000000000000000e+00 1.596123605097410081e-01 1.057824799836273033e-01
3.600000000000000000e+02 2.228815387076049093e-01 1.325732205165144617e-01 0.000000000000000000e+00 0.000000000000000000e+00 1.212532278358092741e-01 1.155599367615123135e-01
3.650000000000000000e+02 1.769077068223538496e-01 1.642444447079813019e-01 0.000000000000000000e+00 0.000000000000000000e+00 1.289892584358228456e-01 1.408964895403273243e-01
3.700000000000000000e+02 2.358843293081481218e-01 3.636374058657615427e-01 1.000000000000000000e+00 0.000000000000000000e+00 6.919903701098577276e-02 1.507418741582375321e-01
3.750000000000000000e+02 2.738097782163503302e-01 2.199580487155093633e-01 0.000000000000000000e+00 0.000000000000000000e+00 1.024552398482807686e-01 2.094894023318986387e-01
3.800000000000000000e+02 3.656382129163576744e-01 4.091756271444032533e-01 1.000000000000000000e+00 1.000000000000000000e+00 1.063189667968722912e-01 1.143987659765529213e-01
3.850000000000000000e+02 1.555159171038046073e-01 3.039518376877327621e-01 0.000000000000000000e+00 1.000000000000000000e+00 6.574514551397540874e-02 6.526465059860166174e-02
3.900000000000000000e+02 2.091847183601688864e-01 3.302784550143436637e-01 0.000000000000000000e+00 1.000000000000000000e+00 9.463306144713573564e-02 8.420336728422134209e-02
3.950000000000000000e+02 2.230900522346757897e-01 2.535992408981974089e-01 0.000000000000000000e+00 0.000000000000000000e+00 1.358310031698715670e-01 1.142052668307115132e-01
4.000000000000000000e+02 4.037834858586680231e-01 1.558391136267004151e-01 1.000000000000000000e+00 0.000000000000000000e+00 1.043219760568214610e-01 1.611665361098682803e-01
4.050000000000000000e+02 2.869365970873933858e-01 3.198769038073407955e-01 0.000000000000000000e+00 1.000000000000000000e+00 1.191918799475320118e-01 9.433646770503460732e-02
4.100000000000000000e+02 3.396115243746201662e-01 3.478750026490151082e-01 1.000000000000000000e+00 0.000000000000000000e+00 8.753868740202061516e-02 1.313802830768358854e-01
4.150000000000000000e+02 2.072543872057227010e-01 3.187686908781920403e-01 0.000000000000000000e+00 1.000000000000000000e+00 8.748377249835209701e-02 1.033854627191040099e-01
4.200000000000000000e+02 2.023009874492526505e-01 1.282470229488574254e-01 0.000000000000000000e+00 0.000000000000000000e+00 7.403332441623601545e-02 6.457258512589282573e-02
4.250000000000000000e+02 1.640890414983443846e-01 1.563374149316007489e-01 0.000000000000000000e+00 0.000000000000000000e+00 7.119403465976932577e-02 1.564152886285883892e-01
4.300000000000000000e+02 1.758793915026873600e-01 1.557115639982479538e-01 0.000000000000000000e+00 0.000000000000000000e+00 1.184575974400774306e-01 1.383807831491604967e-01
4.350000000000000000e+02 6.153870520077196066e-02 2.118544340583983776e-01 0.000000000000000000e+00 0.000000000000000000e+00 8.640563569055044468e-02 8.734225172864090725e-02
4.400000000000000000e+02 6.907641563793044670e-02 2.374975106233993272e-01 0.000000000000000000e+00 0.000000000000000000e+00 1.240027437690507661e-01 1.159014528829720170e-01
4.450000000000000000e+02 1.547794615085089087e-01 3.213891806785166283e-01 0.000000000000000000e+00 0.000000000000000000e+00 9.593213948707476901e-02 1.522345810370118180e-01
4.500000000000000000e+02 2.101510200938022932e-01 2.104042306784432714e-01 0.000000000000000000e+00 0.000000000000000000e+00 8.427893542726037912e-02 1.779131055495824232e-01
4.550000000000000000e+02 1.661588323256702471e-01 3.227177243038023557e-01 1.000000000000000000e+00 0.000000000000000000e+00 5.693837616175734251e-02 1.504334083768246177e-01
4.600000000000000000e+02 2.176685085695687083e-01 2.763568356599455655e-01 1.000000000000000000e+00 1.000000000000000000e+00 5.679143239383857567e-02 7.479743026143431672e-02
4.650000000000000000e+02 8.420048896918562453e-02 3.046110269466796305e-01 0.000000000000000000e+00 1.000000000000000000e+00 1.192979973480620404e-01 1.055449157728009790e-01
4.700000000000000000e+02 1.083488654863975914e-01 3.318380052324273466e-01 0.000000000000000000e+00 1.000000000000000000e+00 1.186613845941801443e-01 8.369249837870815223e-02
4.750000000000000000e+02 1.322074026907189281e-01 4.116511018735491412e-01 0.000000000000000000e+00 0.000000000000000000e+00 8.663534979619565146e-02 1.677084986061586347e-01
4.800000000000000000e+02 9.039084774354125273e-02 2.784095138899045363e-01 0.000000000000000000e+00 0.000000000000000000e+00 8.490909209139183011e-02 1.128598198051527640e-01
4.850000000000000000e+02 1.407682487316530007e-01 1.167133450791194293e-01 0.000000000000000000e+00 0.000000000000000000e+00 1.276181746722217514e-01 9.244804251344221346e-02
4.900000000000000000e+02 2.329731751434993559e-02 1.210630018946145664e-01 0.000000000000000000e+00 0.000000000000000000e+00 3.705667102729607448e-02 1.035249602448765072e-01
4.950000000000000000e+02 1.387989679430611523e-01 7.301881417244836248e-02 0.000000000000000000e+00 0.000000000000000000e+00 1.215416930608100021e-01 4.212011174426835008e-02
5.000000000000000000e+02 3.018334067561864176e-01 1.666057614072273818e-01 1.000000000000000000e+00 0.000000000000000000e+00 8.844582082011938351e-02 1.167679156967001697e-01
5.050000000000000000e+02 1.671553230137813872e-01 1.482576881803889801e-01 0.000000000000000000e+00 0.000000000000000000e+00 1.362230949357967902e-01 1.781700225377744196e-01
5.100000000000000000e+02 2.539833273861798468e-01 1.962254554402892148e-01 0.000000000000000000e+00 0.000000000000000000e+00 1.022696666713320962e-01 1.355555915297006475e-01
5.150000000000000000e+02 8.439474217700718151e-02 3.163318820065670611e-02 0.000000000000000000e+00 0.000000000000000000e+00 1.138680378889327938e-01 8.443567925576594968e-02
5.200000000000000000e+02 1.814008955109066012e-01 9.701979012682719616e-02 0.000000000000000000e+00 0.000000000000000000e+00 1.197645678392064844e-01 8.308916942069725919e-02
5.250000000000000000e+02 4.945779299905154330e-02 3.808722141689319107e-01 0.000000000000000000e+00 1.000000000000000000e+00 1.413554688256563607e-01 1.197221856858055183e-01
5.300000000000000000e+02 2.866222033968059968e-01 1.355887019760531886e-01 1.000000000000000000e+00 0.000000000000000000e+00 7.429121367842429768e-02 1.103722729679256637e-01
5.350000000000000000e+02 1.015300757004241189e-01 5.533221363899839401e-02 0.000000000000000000e+00 0.000000000000000000e+00 8.971696711902343857e-02 7.770393434450895143e-02
5.400000000000000000e+02 6.287173390796911565e-02 2.029556213735896342e-01 0.000000000000000000e+00 0.000000000000000000e+00 1.269937605316099338e-01 1.126969274973759483e-01
5.450000000000000000e+02 4.835788195872999656e-02 1.886563270590362884e-01 0.000000000000000000e+00 0.000000000000000000e+00 3.526975769034249031e-02 1.311939238315710243e-01
5.500000000000000000e+02 3.740330681576502225e-02 3.089670227651998835e-01 0.000000000000000000e+00 1.000000000000000000e+00 1.817422481536198342e-01 9.571623886982985607e-02
5.550000000000000000e+02 9.715418799437737507e-02 4.839428050318986263e-02 0.000000000000000000e+00 0.000000000000000000e+00 7.105478906616401191e-02 6.783605088543942507e-02
5.600000000000000000e+02 1.785502276352152751e-01 1.277870519312215292e-01 0.000000000000000000e+00 0.000000000000000000e+00 1.064329178202858966e-01 1.001429160164110793e-01
5.650000000000000000e+02 6.805651078342222701e-03 2.826894408095087519e-01 0.000000000000000000e+00 0.000000000000000000e+00 1.562219083612228707e-02 1.143991045341650054e-01
5.700000000000000000e+02 1.475049260057886228e-03 1.686604645763248311e-01 0.000000000000000000e+00 0.000000000000000000e+00 8.023415594797951231e-03 1.615888890095140973e-01
5.750000000000000000e+02 2.666549936373308061e-02 2.900682063335685568e-01 0.000000000000000000e+00 0.000000000000000000e+00 9.107239891039489721e-02 1.203285434265963100e-01
5.800000000000000000e+02 2.574035952704963326e-01 2.665483735252155428e-01 0.000000000000000000e+00 0.000000000000000000e+00 1.197185305610819345e-01 1.061202664236967352e-01
5.850000000000000000e+02 1.020763372651359857e-01 1.011046250623040821e-01 0.000000000000000000e+00 0.000000000000000000e+00 1.205338439002311274e-01 9.656331826527961293e-02
5.900000000000000000e+02 8.351893723733001471e-03 9.516009535518220319e-02 0.000000000000000000e+00 0.000000000000000000e+00 9.458833168554071913e-02 6.166121377755667821e-02
5.950000000000000000e+02 6.460222804797820240e-02 1.332075423806535208e-01 0.000000000000000000e+00 0.000000000000000000e+00 9.789371636978705382e-02 9.513548006274032132e-02
6.000000000000000000e+02 1.806161266216831929e-01 2.186406003349188332e-01 0.000000000000000000e+00 0.000000000000000000e+00 6.893984296047118987e-02 1.354735511482208499e-01
6.050000000000000000e+02 2.830566465037578916e-01 2.537489748553847790e-01 1.000000000000000000e+00 0.000000000000000000e+00 9.023123696914644998e-02 1.522908288069794447e-01
6.100000000000000000e+02 5.258042465640822005e-02 2.411530281664980291e-01 0.000000000000000000e+00 0.000000000000000000e+00 8.721809203797530052e-02 9.396730921237617107e-02
6.150000000000000000e+02 2.455560088165880950e-01 3.828954119068475430e-03 0.000000000000000000e+00 0.000000000000000000e+00 1.104614086315517524e-01 1.158364577843625821e-02
6.200000000000000000e+02 1.716820864299824917e-02 0.000000000000000000e+00 0.000000000000000000e+00 0.000000000000000000e+00 1.058475161338919557e-01 0.000000000000000000e+00
6.250000000000000000e+02 9.194545634873034501e-02 5.803950749822230776e-02 0.000000000000000000e+00 0.000000000000000000e+00 9.980643205140921070e-02 1.047160619404645110e-01
6.300000000000000000e+02 5.095834343910030789e-02 1.850091670549781075e-01 0.000000000000000000e+00 0.000000000000000000e+00 9.056110991087357176e-02 8.818031257928390931e-02
6.350000000000000000e+02 2.681596326644035064e-02 7.524803452799525005e-02 0.000000000000000000e+00 0.000000000000000000e+00 3.112723810749727996e-02 9.387142931569540660e-02
6.400000000000000000e+02 3.377163507349806304e-01 2.131980116867726593e-01 0.000000000000000000e+00 0.000000000000000000e+00 1.753498977969646377e-01 1.102572795806600892e-01
6.450000000000000000e+02 1.389089762302484210e-01 3.220691185801251022e-01 0.000000000000000000e+00 0.000000000000000000e+00 1.387017636914658625e-01 1.239886120198874092e-01
6.500000000000000000e+02 1.805294824278474430e-01 1.098743989862278614e-01 0.000000000000000000e+00 0.000000000000000000e+00 7.174700774214091969e-02 9.425565672011487761e-02
6.550000000000000000e+02 5.837397935996646581e-02 1.498727403032933392e-01 0.000000000000000000e+00 0.000000000000000000e+00 1.097201871404826362e-01 8.934419195283638260e-02
6.600000000000000000e+02 1.559647974355643785e-01 8.365178863327447922e-02 0.000000000000000000e+00 0.000000000000000000e+00 7.826669182030292216e-02 1.331430875385789803e-01
6.650000000000000000e+02 1.537346012069407963e-01 3.705751162104679031e-01 0.000000000000000000e+00 1.000000000000000000e+00 1.391305960706021583e-01 1.015523119277564196e-01
6.700000000000000000e+02 5.718563528089504189e-02 1.193133929156593026e-01 0.000000000000000000e+00 0.000000000000000000e+00 1.023145575485016889e-01 1.273835447985301461e-01
6.750000000000000000e+02 6.881341168128810026e-02 1.044324479654387128e-01 0.000000000000000000e+00 0.000000000000000000e+00 1.276884051963378397e-01 1.098127941735422414e-01
6.800000000000000000e+02 2.332184388895930938e-01 7.166428912603410584e-02 0.000000000000000000e+00 0.000000000000000000e+00 1.109143444491839381e-01 1.010550653902516915e-01
6.850000000000000000e+02 1.080786030561829703e-01 6.449253494261468489e-02 0.000000000000000000e+00 0.000000000000000000e+00 1.016246250283379948e-01 5.531000206009389214e-02
6.900000000000000000e+02 6.373511088035843652e-02 2.374207404668822186e-01 0.000000000000000000e+00 0.000000000000000000e+00 1.388562509792396482e-01 1.188126954235445287e-01
6.950000000000000000e+02 4.068769779590152708e-03 5.909184443011898658e-02 0.000000000000000000e+00 0.000000000000000000e+00 2.023357255926254081e-02 8.228142474263540340e-02
7.000000000000000000e+02 1.161084038780086231e-01 2.070893924433891142e-01 0.000000000000000000e+00 0.000000000000000000e+00 1.040859089294790402e-01 8.301204557200704548e-02
7.050000000000000000e+02 9.929648567914332868e-02 2.293432426840644189e-01 0.000000000000000000e+00 0.000000000000000000e+00 1.180210592688848148e-01 9.905355388404933625e-02
7.100000000000000000e+02 1.071272237723952109e-01 1.936301995827072187e-01 0.000000000000000000e+00 0.000000000000000000e+00 8.037870698287162552e-02 1.445871593386965914e-01
7.150000000000000000e+02 2.148664191203556173e-01 7.989225565529574358e-02 0.000000000000000000e+00 0.000000000000000000e+00 9.892281807620001421e-02 9.708596715698257495e-02
7.200000000000000000e+02 0.000000000000000000e+00 8.622829323962390158e-02 0.000000000000000000e+00 0.000000000000000000e+00 0.000000000000000000e+00 7.870071985782592372e-02
7.250000000000000000e+02 1.194803425151595988e-01 2.537320675938475323e-01 0.000000000000000000e+00 0.000000000000000000e+00 1.403425030756456915e-01 1.015930382682505295e-01
7.300000000000000000e+02 6.469638945141886754e-02 1.527255309128245919e-01 0.000000000000000000e+00 0.000000000000000000e+00 6.719048148125943143e-02 1.179128207873319789e-01
7.350000000000000000e+02 6.896471387310151857e-02 1.602069732048199968e-01 0.000000000000000000e+00 0.000000000000000000e+00 1.370571167714818572e-01 7.817125110765002494e-02
7.400000000000000000e+02 8.704597073298400711e-02 1.472539372343455999e-01 0.000000000000000000e+00 0.000000000000000000e+00 6.208470776906279548e-02 1.525805938517897919e-01
7.450000000000000000e+02 1.580868850906669842e-01 1.429582423682486669e-01 0.000000000000000000e+00 0.000000000000000000e+00 8.799497585776866471e-02 1.069870585229730081e-01
7.500000000000000000e+02 7.662204860685935259e-02 1.812809040541044636e-01 0.000000000000000000e+00 0.000000000000000000e+00 5.347080269154245308e-02 1.224298828713552695e-01
7.550000000000000000e+02 1.643941352649380128e-01 1.622095050066316158e-01 0.000000000000000000e+00 0.000000000000000000e+00 8.774968862945643766e-02 1.164626655667887617e-01
7.600000000000000000e+02 2.818061355692584313e-01 1.613500264865229961e-01 0.000000000000000000e+00 0.000000000000000000e+00 1.064725938469961025e-01 9.528118446286604204e-02
7.650000000000000000e+02 5.970453204454608670e-02 1.367026383740983231e-01 0.000000000000000000e+00 0.000000000000000000e+00 7.048493227224815472e-02 1.521138512307859958e-01
7.700000000000000000e+02 1.157044426521521424e-01 7.157974502333290523e-02 0.000000000000000000e+00 0.000000000000000000e+00 1.074650795969919193e-01 1.775111298052814701e-01
7.750000000000000000e+02 2.615526979662291529e-01 8.636479096223208252e-02 0.000000000000000000e+00 0.000000000000000000e+00 1.036089471133379153e-01 1.427171215896729517e-01
7.800000000000000000e+02 9.470359076185826119e-02 4.248356976553623043e-02 0.000000000000000000e+00 0.000000000000000000e+00 9.249593404894299042e-02 7.417888882697178110e-02
7.850000000000000000e+02 2.421425551140342358e-01 2.405393010599739811e-01 0.000000000000000000e+00 0.000000000000000000e+00 1.382253692067931250e-01 1.442431006405310578e-01
7.900000000000000000e+02 2.199057006601649600e-01 9.837729394683725204e-02 0.000000000000000000e+00 0.000000000000000000e+00 8.651339192735106598e-02 1.097942378629032101e-01
7.950000000000000000e+02 1.730470375256954463e-01 1.767397268732026905e-01 0.000000000000000000e+00 0.000000000000000000e+00 1.409488216645536640e-01 1.137733661580729722e-01
8.000000000000000000e+02 1.482021675767529467e-01 2.087510799315843713e-01 0.000000000000000000e+00 0.000000000000000000e+00 1.386539296303805346e-01 1.536990710858897602e-01
8.050000000000000000e+02 1.358530930404249770e-01 1.814907558065223525e-01 0.000000000000000000e+00 0.000000000000000000e+00 1.205596889429363383e-01 8.241104820047956414e-02
8.100000000000000000e+02 1.625081942990972139e-01 1.450357531435538493e-02 0.000000000000000000e+00 0.000000000000000000e+00 1.277857516171541641e-01 7.244527236562040007e-02
8.150000000000000000e+02 1.152846045036018743e-02 5.596925875604352729e-02 0.000000000000000000e+00 0.000000000000000000e+00 2.029015146647925386e-02 8.501593891549509563e-02
8.200000000000000000e+02 1.234859148795526967e-01 1.517142997455112885e-01 0.000000000000000000e+00 0.000000000000000000e+00 6.439341815256952040e-02 9.641448373323978360e-02
8.250000000000000000e+02 7.006955489785526847e-02 1.572798180625755715e-01 0.000000000000000000e+00 0.000000000000000000e+00 1.365965574255449122e-01 8.768273772516373132e-02
8.300000000000000000e+02 5.977576477224293139e-02 1.849252360148590651e-03 0.000000000000000000e+00 0.000000000000000000e+00 7.966361383926637285e-02 7.779515700768882894e-03
8.350000000000000000e+02 1.073097983925500321e-01 3.593594982720312025e-02 0.000000000000000000e+00 0.000000000000000000e+00 1.458094942953447049e-01 3.512849806877239855e-02
8.400000000000000000e+02 2.736211262118694032e-01 9.606642411529910108e-02 1.000000000000000000e+00 0.000000000000000000e+00 7.900149907093470536e-02 1.441721200068145914e-01
8.450000000000000000e+02 1.010574187030085225e-01 1.272488127994282903e-01 0.000000000000000000e+00 0.000000000000000000e+00 1.075612422101837606e-01 8.301965726940342682e-02
8.500000000000000000e+02 1.203206902039078152e-01 5.459757296049116623e-03 0.000000000000000000e+00 0.000000000000000000e+00 1.579790497359346568e-01 9.850078108102650054e-03
8.550000000000000000e+02 1.152883148731723706e-01 1.052389330640887133e-01 0.000000000000000000e+00 0.000000000000000000e+00 1.088166905030750337e-01 9.579703431363634225e-02
8.600000000000000000e+02 3.967409608157217854e-02 1.771442696498576608e-01 0.000000000000000000e+00 0.000000000000000000e+00 1.217906124761748005e-01 1.166971557381030061e-01
8.650000000000000000e+02 2.948418565162170824e-01 1.898690831872822116e-01 0.000000000000000000e+00 0.000000000000000000e+00 1.318273749021095786e-01 1.534178144339443661e-01
8.700000000000000000e+02 1.164125494932742172e-01 1.275367870376007962e-01 0.000000000000000000e+00 0.000000000000000000e+00 1.626098241616376061e-01 1.473309032033849053e-01
8.750000000000000000e+02 1.064934143321843718e-01 9.510756075745066540e-02 0.000000000000000000e+00 0.000000000000000000e+00 1.172449827780070730e-01 7.414017946026378592e-02
8.800000000000000000e+02 9.472819600683601848e-02 8.032053592378672613e-02 0.000000000000000000e+00 0.000000000000000000e+00 9.009480314097026432e-02 2.903660626593832644e-02
8.850000000000000000e+02 1.900525930934742758e-01 1.081514438278626533e-01 0.000000000000000000e+00 0.000000000000000000e+00 1.022733314413103306e-01 8.637556815454891512e-02
8.900000000000000000e+02 4.967092799515501061e-02 4.554173059440806415e-01 0.000000000000000000e+00 1.000000000000000000e+00 1.267718003981271324e-01 5.487601534266727671e-02
8.950000000000000000e+02 1.982261620990631301e-01 1.518447046849840765e-04 0.000000000000000000e+00 0.000000000000000000e+00 1.120847601811135463e-01 2.724584700949122043e-03
9.000000000000000000e+02 2.611356559150336265e-01 1.234678485884312116e-01 1.000000000000000000e+00 0.000000000000000000e+00 7.825165011705889628e-02 1.091787257156904833e-01
9.050000000000000000e+02 5.984462176994877203e-02 6.810781066515533833e-02 0.000000000000000000e+00 0.000000000000000000e+00 8.414565622463288097e-02 1.123003792980725585e-01
9.100000000000000000e+02 1.140850132369660708e-01 1.506874282783250973e-01 0.000000000000000000e+00 0.000000000000000000e+00 1.093009748307004619e-01 1.577246366435249847e-01
9.150000000000000000e+02 7.826145842626978932e-02 9.484472787309392028e-02 0.000000000000000000e+00 0.000000000000000000e+00 1.513814927724538295e-01 9.247867304802716293e-02
9.200000000000000000e+02 2.483025106851158570e-01 1.166684653223219598e-01 0.000000000000000000e+00 0.000000000000000000e+00 1.376524914690055723e-01 1.345900204483355955e-01
9.250000000000000000e+02 2.445771320652453673e-01 2.792597765447510927e-01 0.000000000000000000e+00 0.000000000000000000e+00 9.578980490921792934e-02 1.835728095014177164e-01
9.300000000000000000e+02 1.306416730891633848e-01 1.084857297963258693e-01 0.000000000000000000e+00 0.000000000000000000e+00 1.235889676448810592e-01 6.684746552283132859e-02
9.350000000000000000e+02 1.530797382604190404e-01 3.126659174882268077e-01 0.000000000000000000e+00 1.000000000000000000e+00 1.312225830721479025e-01 1.069436480041670856e-01
9.400000000000000000e+02 2.519131223073629577e-01 1.392501492619945269e-01 0.000000000000000000e+00 0.000000000000000000e+00 1.216998392212509522e-01 1.026649881399616798e-01
9.450000000000000000e+02 2.949819332056235477e-01 1.447460817685176648e-01 1.000000000000000000e+00 0.000000000000000000e+00 9.122620781241803922e-02 9.477166809327557118e-02
9.500000000000000000e+02 5.802725893534573659e-02 1.360730164350704707e-01 0.000000000000000000e+00 0.000000000000000000e+00 1.359228560107439698e-01 1.397171336505475814e-01
9.550000000000000000e+02 4.043565620077229500e-02 7.966694166483505313e-02 0.000000000000000000e+00 0.000000000000000000e+00 6.449900488886099736e-02 6.768260419119760674e-02
9.600000000000000000e+02 4.090817867972035976e-02 2.337820084981186430e-01 0.000000000000000000e+00 0.000000000000000000e+00 8.347254335399192926e-02 1.250408493042372560e-01
9.650000000000000000e+02 4.643361197704717197e-02 9.914856069472435807e-02 0.000000000000000000e+00 0.000000000000000000e+00 8.446350079615502771e-02 1.154246733904334410e-01
9.700000000000000000e+02 8.857298799298163328e-02 1.508363618672538542e-01 0.000000000000000000e+00 0.000000000000000000e+00 9.715144909892445280e-02 1.391335036196504338e-01
9.750000000000000000e+02 8.154520410884022463e-02 8.595727302702634021e-02 0.000000000000000000e+00 0.000000000000000000e+00 1.116569443974922693e-01 1.077353527014271867e-01
9.800000000000000000e+02 1.306732038078936217e-02 3.107713478107124727e-01 0.000000000000000000e+00 1.000000000000000000e+00 1.296766382666179711e-02 9.665511015154498731e-02
9.850000000000000000e+02 1.099018458861071926e-02 1.599269178489091947e-01 0.000000000000000000e+00 0.000000000000000000e+00 1.618386780006576819e-01 8.658600759166565353e-02
9.900000000000000000e+02 3.630936192708230509e-02 4.580058323248716728e-02 0.000000000000000000e+00 0.000000000000000000e+00 1.109971252845299017e-01 9.719612486986850541e-02
9.950000000000000000e+02 3.101851862124670525e-02 6.515376070982491392e-03 0.000000000000000000e+00 0.000000000000000000e+00 1.624362144423886212e-01 1.768527099125025842e-02
