0.000000000000000000e+00 0.000000000000000000e+00 0.000000000000000000e+00 0.000000000000000000e+00 0.000000000000000000e+00 0.000000000000000000e+00 0.000000000000000000e+00
5.000000000000000000e+00 5.916481575662432268e-01 5.255971566446678844e-01 1.000000000000000000e+00 0.000000000000000000e+00 1.421620228721940105e-01 2.115729057316644290e-01
1.000000000000000000e+01 7.522506031318741959e-01 7.411846245583844084e-01 1.000000000000000000e+00 1.000000000000000000e+00 1.239946392080871623e-01 7.287833549029097691e-02
1.500000000000000000e+01 6.335348173015207252e-01 7.927867457929110850e-01 1.000000000000000000e+00 1.000000000000000000e+00 1.715880326369907116e-01 1.470629990960121980e-01
2.000000000000000000e+01 3.824238844814819571e-01 5.091606218775470705e-01 0.000000000000000000e+00 1.000000000000000000e+00 1.425783305823717928e-01 1.166573437357100451e-01
2.500000000000000000e+01 5.486164591200921592e-01 4.158592623061522220e-01 1.000000000000000000e+00 1.000000000000000000e+00 1.241362348076137101e-01 1.221556802567531630e-01
3.000000000000000000e+01 5.790042596626571170e-01 5.448105907032461115e-01 1.000000000000000000e+00 1.000000000000000000e+00 1.386573151612584542e-01 1.348499204555595188e-01
3.500000000000000000e+01 4.447437284340833297e-01 6.300304694452225629e-01 1.000000000000000000e+00 1.000000000000000000e+00 1.575711828992370223e-01 1.382513624892164339e-01
4.000000000000000000e+01 5.631307822394114870e-01 4.132185243181038525e-01 1.000000000000000000e+00 0.000000000000000000e+00 1.066864635280827811e-01 1.520060804859713899e-01
4.500000000000000000e+01 4.112798866109436124e-01 6.348239581792397557e-01 1.000000000000000000e+00 1.000000000000000000e+00 1.279309884928085395e-01 1.244155613437828989e-01
5.000000000000000000e+01 5.788537448967969734e-01 5.627723930954579012e-01 1.000000000000000000e+00 1.000000000000000000e+00 9.534270416854831454e-02 1.215023063258131586e-01
5.500000000000000000e+01 4.542408048059461412e-01 4.394421123099768733e-01 1.000000000000000000e+00 0.000000000000000000e+00 1.498123959219048729e-01 1.683555022315207650e-01
6.000000000000000000e+01 4.276130312265179478e-01 4.320815130455393782e-01 1.000000000000000000e+00 1.000000000000000000e+00 1.284790370388866620e-01 7.412195193364361223e-02
6.500000000000000000e+01 5.760496051866684786e-01 5.993411601374655229e-01 1.000000000000000000e+00 1.000000000000000000e+00 1.939032135999413931e-01 1.228695914131377881e-01
7.000000000000000000e+01 4.425474943655144378e-01 6.350596466401295936e-01 0.000000000000000000e+00 1.000000000000000000e+00 2.099248177489499989e-01 1.902045876842758110e-01
7.500000000000000000e+01 4.386433756256649663e-01 5.078104466797577210e-01 1.000000000000000000e+00 1.000000000000000000e+00 1.264622846644674337e-01 1.104850934738665080e-01
8.000000000000000000e+01 3.376278304583042456e-01 2.760728285281107142e-01 0.000000000000000000e+00 1.000000000000000000e+00 1.271737498558078994e-01 8.463054841320287458e-02
8.500000000000000000e+01 4.039595869945126760e-01 3.877143080653067120e-01 1.000000000000000000e+00 1.000000000000000000e+00 1.370445726591310587e-01 1.184348750435480768e-01
9.000000000000000000e+01 5.185910924276526668e-01 3.585825989923611123e-01 1.000000000000000000e+00 0.000000000000000000e+00 1.620217610151062082e-01 1.372639655786862256e-01
9.500000000000000000e+01 4.582239468656277848e-01 3.547393331019904616e-01 1.000000000000000000e+00 0.000000000000000000e+00 1.141321806146369244e-01 1.794628095150355152e-01
1.000000000000000000e+02 7.337108208729727910e-01 3.219527813880802003e-01 1.000000000000000000e+00 0.000000000000000000e+00 1.523352064273868767e-01 1.254538115409556676e-01
1.050000000000000000e+02 5.973851797189729806e-01 3.757785879580250454e-01 1.000000000000000000e+00 1.000000000000000000e+00 1.162073317741074141e-01 1.326651171491473602e-01
1.100000000000000000e+02 4.222291076170451296e-01 6.123923398193678036e-01 0.000000000000000000e+00 1.000000000000000000e+00 1.823012702341740010e-01 1.492809301601202843e-01
1.150000000000000000e+02 4.237186236533506678e-01 5.383367529792205675e-01 1.000000000000000000e+00 1.000000000000000000e+00 1.238296641235298728e-01 1.173382264492861676e-01
1.200000000000000000e+02 4.256713044995075745e-01 3.175392713077070939e-01 1.000000000000000000e+00 1.000000000000000000e+00 1.413276510716708068e-01 1.074903179693040001e-01
1.250000000000000000e+02 4.876599687702963815e-01 2.751420328603598753e-01 0.000000000000000000e+00 1.000000000000000000e+00 2.033907243183208646e-01 8.593761681900514982e-02
1.300000000000000000e+02 4.290579828886145752e-01 4.781734981869166790e-01 0.000000000000000000e+00 0.000000000000000000e+00 1.697187883711082923e-01 1.771930007400894791e-01
1.350000000000000000e+02 5.395696738192217179e-01 4.704997123337166798e-01 1.000000000000000000e+00 1.000000000000000000e+00 9.819090730161027236e-02 1.376693121066465131e-01
1.400000000000000000e+02 4.271832467469566241e-01 3.383050452270146558e-01 0.000000000000000000e+00 0.000000000000000000e+00 1.813792941366353662e-01 1.442267262414838325e-01
1.450000000000000000e+02 4.707028416763137102e-01 4.071440638978803817e-01 1.000000000000000000e+00 1.000000000000000000e+00 1.408367788475013704e-01 1.204402433446305487e-01
1.500000000000000000e+02 5.811645413384356473e-01 4.472477817077368245e-01 1.000000000000000000e+00 1.000000000000000000e+00 1.349867988681726361e-01 1.333812570587528945e-01
1.550000000000000000e+02 5.382369984966001164e-01 6.439633954392695037e-01 1.000000000000000000e+00 1.000000000000000000e+00 1.746420722396770930e-01 1.388089832562107440e-01
1.600000000000000000e+02 4.820177678060413307e-01 3.207780035690382947e-01 0.000000000000000000e+00 0.000000000000000000e+00 1.728406911343651764e-01 1.173549742510088395e-01
1.650000000000000000e+02 5.657255797922799978e-01 3.745230836725398915e-01 1.000000000000000000e+00 0.000000000000000000e+00 1.118497475472729347e-01 1.582198874184043980e-01
1.700000000000000000e+02 4.822692070257222907e-01 4.305946226161155299e-01 1.000000000000000000e+00 0.000000000000000000e+00 1.616555647849857724e-01 1.833665401512048210e-01
1.750000000000000000e+02 7.052181873389313793e-01 3.104397471308363299e-01 1.000000000000000000e+00 1.000000000000000000e+00 2.028850822051431191e-01 6.371428662527903186e-02
1.800000000000000000e+02 3.322705306957592364e-01 3.584005224569616344e-01 0.000000000000000000e+00 0.000000000000000000e+00 1.754389078966306359e-01 1.489323864848540735e-01
1.850000000000000000e+02 5.414859950077853812e-01 2.339318427581812965e-01 1.000000000000000000e+00 0.000000000000000000e+00 1.159828325223264539e-01 1.341660512019876572e-01
1.900000000000000000e+02 4.512452330120396704e-01 2.531353510251027616e-01 0.000000000000000000e+00 0.000000000000000000e+00 1.864359497397647114e-01 1.323137043513027966e-01
1.950000000000000000e+02 4.025024183844517767e-01 4.430491682956844701e-01 1.000000000000000000e+00 1.000000000000000000e+00 9.875907134413883237e-02 1.022099279632517760e-01
2.000000000000000000e+02 3.975720217278419510e-01 3.615058500452345003e-01 1.000000000000000000e+00 1.000000000000000000e+00 1.299855189756259077e-01 1.113839259590612557e-01
2.050000000000000000e+02 4.715910153871124000e-01 2.532897044991942459e-01 1.000000000000000000e+00 0.000000000000000000e+00 1.390681813118486709e-01 1.530611840929853307e-01
2.100000000000000000e+02 2.980795783319670211e-01 1.819794775606073112e-01 0.000000000000000000e+00 0.000000000000000000e+00 1.727442603293042056e-01 1.315018367299112534e-01
2.150000000000000000e+02 4.550716667696704798e-01 6.050794915937908192e-01 0.000000000000000000e+00 1.000000000000000000e+00 1.631972975136322113e-01 1.136114420177138928e-01
2.200000000000000000e+02 4.414763530635118505e-01 1.904512234556306471e-01 1.000000000000000000e+00 0.000000000000000000e+00 1.495460012421868379e-01 1.553357167719055520e-01
2.250000000000000000e+02 4.588038402539336147e-01 2.760737316061608881e-01 1.000000000000000000e+00 0.000000000000000000e+00 1.334602649420235099e-01 1.420049244107812192e-01
2.300000000000000000e+02 4.119860494737489498e-01 2.647765815860996241e-01 1.000000000000000000e+00 0.000000000000000000e+00 8.249134742622385441e-02 1.467965219346595573e-01
2.350000000000000000e+02 4.559414627224328553e-01 4.912925944189717731e-01 1.000000000000000000e+00 1.000000000000000000e+00 1.030274618008426152e-01 9.945174358135587533e-02
2.400000000000000000e+02 1.903427456364929216e-01 3.928637142974905627e-01 0.000000000000000000e+00 1.000000000000000000e+00 1.933659820134772667e-01 1.117067281197366840e-01
2.450000000000000000e+02 3.105866275272231025e-01 3.704082679040384685e-01 1.000000000000000000e+00 0.000000000000000000e+00 1.095460344987943535e-01 1.726158649294222969e-01
2.500000000000000000e+02 4.264000795748693617e-01 2.335117162174191741e-01 1.000000000000000000e+00 0.000000000000000000e+00 1.475403868848278177e-01 9.882331809156844060e-02
2.550000000000000000e+02 3.309546253406269178e-01 4.031378721683824828e-01 0.000000000000000000e+00 1.000000000000000000e+00 1.224798850629611607e-01 9.761631591420219523e-02
2.600000000000000000e+02 2.311237115970165568e-01 4.135135579811510809e-01 0.000000000000000000e+00 1.000000000000000000e+00 1.735401168040955899e-01 1.021431181250999354e-01
2.650000000000000000e+02 3.221621145067871117e-01 3.371634466171504196e-01 0.000000000000000000e+00 0.000000000000000000e+00 1.698035423345580497e-01 1.604560307826372600e-01
2.700000000000000000e+02 3.426788845000537376e-01 2.599498431464605241e-01 1.000000000000000000e+00 0.000000000000000000e+00 9.709309790385629857e-02 1.249157898786606852e-01
2.750000000000000000e+02 2.630858418071348459e-01 2.629378774868620372e-01 1.000000000000000000e+00 0.000000000000000000e+00 8.019519317316625706e-02 1.154132069960771834e-01
2.800000000000000000e+02 1.551058945175492476e-01 3.398899166003229722e-01 0.000000000000000000e+00 1.000000000000000000e+00 1.138262301885675093e-01 8.744002452121879543e-02
2.850000000000000000e+02 3.423954178354373101e-01 3.209149717700572890e-01 1.000000000000000000e+00 1.000000000000000000e+00 1.087446779813750347e-01 9.394425400201736331e-02
2.900000000000000000e+02 2.721847585675606362e-01 2.227238488426561136e-01 0.000000000000000000e+00 0.000000000000000000e+00 1.357509970816006550e-01 1.191585971735503596e-01
2.950000000000000000e+02 2.536220448845810660e-01 3.992999787377041754e-01 0.000000000000000000e+00 1.000000000000000000e+00 1.240996907580451669e-01 1.253949764807976708e-01
3.000000000000000000e+02 1.884920631493504639e-01 1.198284702496826420e-01 0.000000000000000000e+00 0.000000000000000000e+00 1.267283903417795732e-01 7.996518694384817383e-02
3.050000000000000000e+02 3.602352964110432376e-01 2.662342321741080764e-01 0.000000000000000000e+00 0.000000000000000000e+00 1.599412938557601971e-01 1.146809811665158857e-01
3.100000000000000000e+02 2.430269677145059093e-01 3.090174512324139200e-01 1.000000000000000000e+00 1.000000000000000000e+00 6.539085824780216383e-02 9.035126937720928952e-02
3.150000000000000000e+02 2.549727269827989362e-01 3.215861991694818345e-01 0.000000000000000000e+00 1.000000000000000000e+00 1.587574689481263124e-01 8.405722491568283494e-02
3.200000000000000000e+02 4.571692755858459689e-01 3.414934154979354375e-01 1.000000000000000000e+00 1.000000000000000000e+00 1.431531927417348804e-01 9.215293115938050228e-02
3.250000000000000000e+02 2.432763127423422933e-01 2.950041661552992300e-01 1.000000000000000000e+00 0.000000000000000000e+00 6.675908879697495246e-02 1.171885690901834087e-01
3.300000000000000000e+02 3.451365528429458096e-01 4.740803346701040755e-01 1.000000000000000000e+00 1.000000000000000000e+00 8.037265309050871387e-02 1.461755072096157237e-01
3.350000000000000000e+02 4.965549153390939052e-01 2.415909661536554953e-01 1.000000000000000000e+00 0.000000000000000000e+00 1.367667036849133100e-01 1.395045914692625011e-01
3.400000000000000000e+02 3.365513916391920102e-01 2.724039258268480812e-01 1.000000000000000000e+00 0.000000000000000000e+00 1.013345701364767593e-01 1.341562146289807245e-01
3.450000000000000000e+02 2.677885090717284089e-01 8.643977511595303531e-02 1.000000000000000000e+00 0.000000000000000000e+00 9.156539203821996431e-02 8.267585323307981293e-02
3.500000000000000000e+02 2.067099959034333911e-01 4.014769480000008883e-01 0.000000000000000000e+00 0.000000000000000000e+00 1.583710133350574312e-01 1.752421863225148146e-01
3.550000000000000000e+02 3.283905353224449986e-01 1.444255955171372674e-01 0.000000000000000000e+00 0.000000000000000000e+00 1.210152238602430486e-01 1.455141502206739879e-01
3.600000000000000000e+02 4.231000583692418049e-01 1.457910398063841095e-01 1.000000000000000000e+00 0.000000000000000000e+00 1.416998054406463370e-01 1.537249497266269527e-01
3.650000000000000000e+02 2.029956993100803242e-01 1.579876201547359138e-01 0.000000000000000000e+00 0.000000000000000000e+00 2.167139862271663664e-01 1.174562910197564369e-01
3.700000000000000000e+02 3.032297688386910162e-01 1.545888789298675847e-01 0.000000000000000000e+00 0.000000000000000000e+00 1.363746181810767955e-01 8.431113999287377647e-02
3.750000000000000000e+02 1.462788283241941711e-01 1.266864586233975298e-01 0.000000000000000000e+00 0.000000000000000000e+00 9.596877940667840334e-02 5.629050820846109165e-02
3.800000000000000000e+02 2.541234025040973732e-01 3.436607276525770471e-01 0.000000000000000000e+00 0.000000000000000000e+00 1.919950522483984956e-01 1.616560481946483219e-01
3.850000000000000000e+02 2.881107648572790447e-01 2.147872060993643584e-01 0.000000000000000000e+00 0.000000000000000000e+00 1.565216464541435426e-01 1.251305232737479622e-01
3.900000000000000000e+02 4.234694591493569638e-01 3.869090430603173703e-01 0.000000000000000000e+00 0.000000000000000000e+00 1.611928300402334646e-01 1.483630892451641425e-01
3.950000000000000000e+02 2.978686468008404087e-01 1.620167787758199918e-01 0.000000000000000000e+00 0.000000000000000000e+00 1.705245438493163679e-01 1.078200121088464664e-01
4.000000000000000000e+02 2.147545444191383823e-01 2.351968062345853316e-01 0.000000000000000000e+00 0.000000000000000000e+00 1.186217479733568253e-01 1.921996763322612600e-01
4.050000000000000000e+02 2.666419549314436588e-01 4.233479767164375351e-01 0.000000000000000000e+00 1.000000000000000000e+00 1.263931761074193194e-01 9.145758015992241918e-02
4.100000000000000000e+02 3.192300381002606269e-01 3.982473844628094950e-01 0.000000000000000000e+00 0.000000000000000000e+00 1.238356895008805303e-01 1.870906408329066906e-01
4.150000000000000000e+02 1.019231488262567764e-01 2.182047596530683475e-01 0.000000000000000000e+00 0.000000000000000000e+00 1.060787681529469367e-01 1.669637192459295094e-01
4.200000000000000000e+02 1.821277087865652844e-01 1.456003613455529311e-01 0.000000000000000000e+00 0.000000000000000000e+00 1.197004517252876904e-01 6.664186058984365724e-02
4.250000000000000000e+02 1.895907605318566946e-01 1.018776160049034429e-01 0.000000000000000000e+00 0.000000000000000000e+00 1.412649581783537445e-01 1.624725631815176208e-01
4.300000000000000000e+02 2.863147565367104574e-01 1.740438500993384818e-01 0.000000000000000000e+00 0.000000000000000000e+00 1.122337356375773809e-01 8.595695822355146898e-02
4.350000000000000000e+02 1.105982683391075472e-01 3.254032044463446294e-01 0.000000000000000000e+00 0.000000000000000000e+00 6.196410719835775127e-02 1.651060649536805758e-01
4.400000000000000000e+02 2.907017623126947892e-01 2.598699692511325376e-01 1.000000000000000000e+00 1.000000000000000000e+00 9.630428876143504180e-02 7.986568040501471066e-02
4.450000000000000000e+02 2.083364968745108070e-01 3.264498114710598919e-01 0.000000000000000000e+00 1.000000000000000000e+00 1.322748023736534939e-01 5.104975953102008218e-02
4.500000000000000000e+02 2.490627556803738651e-01 8.010970806347258999e-02 0.000000000000000000e+00 0.000000000000000000e+00 1.166533604156967663e-01 1.114938588420289617e-01
4.550000000000000000e+02 1.363418391843975175e-01 3.728025640556142384e-01 0.000000000000000000e+00 0.000000000000000000e+00 7.751757141306096777e-02 1.661238763577768118e-01
4.600000000000000000e+02 3.291797557731667573e-02 1.857621990395808553e-01 0.000000000000000000e+00 0.000000000000000000e+00 7.764682106149961571e-02 1.299810692110500154e-01
4.650000000000000000e+02 1.678182736087266702e-01 2.020765625171295210e-01 0.000000000000000000e+00 0.000000000000000000e+00 7.992417478273348974e-02 1.647185792112840219e-01
4.700000000000000000e+02 2.506639725992734768e-01 4.649254729623722993e-01 0.000000000000000000e+00 1.000000000000000000e+00 1.087263395286326290e-01 8.136894356644253090e-02
4.750000000000000000e+02 7.583849108494027103e-02 4.058772696102330713e-01 0.000000000000000000e+00 0.000000000000000000e+00 9.946263470885877145e-02 1.834226913569547146e-01
4.800000000000000000e+02 2.080676012470280001e-01 2.778736986016864252e-01 0.000000000000000000e+00 0.000000000000000000e+00 1.147047680270874559e-01 1.161167790059900728e-01
4.850000000000000000e+02 2.187448467614726277e-01 2.503105988411181149e-01 0.000000000000000000e+00 0.000000000000000000e+00 1.133451477929440093e-01 8.896183571278853952e-02
4.900000000000000000e+02 2.057372979619560005e-01 1.838048800969639962e-01 0.000000000000000000e+00 0.000000000000000000e+00 1.276415243135596567e-01 1.163982565663988639e-01
4.950000000000000000e+02 2.637467151021644085e-01 2.302099168583051081e-01 1.000000000000000000e+00 1.000000000000000000e+00 6.420032850233232946e-02 8.103336455959564422e-02
5.000000000000000000e+02 1.470397478532972646e-01 2.292609108410854080e-01 0.000000000000000000e+00 0.000000000000000000e+00 9.433753083655799232e-02 1.169947684539351662e-01
5.050000000000000000e+02 2.436160210366639378e-01 1.881922314046126088e-01 0.000000000000000000e+00 0.000000000000000000e+00 1.210428494532537619e-01 8.095987943055800440e-02
5.100000000000000000e+02 1.473262128278253202e-01 9.980914673072761867e-02 0.000000000000000000e+00 0.000000000000000000e+00 1.176434148872413793e-01 1.250511721077254557e-01
5.150000000000000000e+02 2.242253518857358630e-01 7.516605877011961478e-02 0.000000000000000000e+00 0.000000000000000000e+00 1.290814396801456265e-01 1.146837454430839204e-01
5.200000000000000000e+02 4.513355467752937222e-02 1.921558762644374196e-01 0.000000000000000000e+00 0.000000000000000000e+00 1.138449299955666544e-01 1.621331713827925403e-01
5.250000000000000000e+02 1.545474043596012925e-01 2.279125019285772047e-01 0.000000000000000000e+00 0.000000000000000000e+00 1.582934800349435622e-01 1.291194809747120142e-01
5.300000000000000000e+02 2.067657428125063424e-01 1.058546807954582614e-01 0.000000000000000000e+00 0.000000000000000000e+00 9.577683434104070082e-02 1.380900266534374476e-01
5.350000000000000000e+02 1.314708504394844490e-01 2.281916854977807940e-01 0.000000000000000000e+00 1.000000000000000000e+00 9.982366959776553528e-02 7.016896352222225242e-02
5.400000000000000000e+02 2.224647846126828754e-01 3.199571315458881182e-01 0.000000000000000000e+00 0.000000000000000000e+00 1.240277709544883450e-01 1.319685627215467505e-01
5.450000000000000000e+02 1.681698186123686545e-01 5.857138763697310180e-02 0.000000000000000000e+00 0.000000000000000000e+00 1.261075552093566532e-01 1.318888945603574059e-01
5.500000000000000000e+02 2.128824813461066279e-01 2.480683726690832702e-01 0.000000000000000000e+00 0.000000000000000000e+00 9.513463794823648345e-02 1.163779437557430629e-01
5.550000000000000000e+02 2.405878742704097295e-01 1.432891584491739409e-02 0.000000000000000000e+00 0.000000000000000000e+00 1.616921195199655104e-01 3.455853836760052616e-02
5.600000000000000000e+02 2.277481426824573274e-01 1.788476164445284566e-01 0.000000000000000000e+00 0.000000000000000000e+00 1.638190081547489796e-01 1.165877486070326652e-01
5.650000000000000000e+02 2.594217324781448730e-01 3.649642650351331286e-01 0.000000000000000000e+00 1.000000000000000000e+00 1.112422911255968039e-01 1.208132282318505474e-01
5.700000000000000000e+02 1.420898394591499636e-01 1.578939703182712651e-01 0.000000000000000000e+00 0.000000000000000000e+00 6.432579332714122300e-02 1.191714078630777551e-01
5.750000000000000000e+02 1.570171307555486562e-01 3.834004675478173141e-01 0.000000000000000000e+00 1.000000000000000000e+00 1.044374364325002663e-01 1.107233254208957601e-01
5.800000000000000000e+02 1.704066934459559368e-01 2.489596092102853986e-01 0.000000000000000000e+00 0.000000000000000000e+00 8.638091869299173442e-02 1.254238216255533778e-01
5.850000000000000000e+02 1.795702385695867043e-01 1.799921798268313000e-01 0.000000000000000000e+00 0.000000000000000000e+00 9.878882185181425690e-02 1.150553737573772328e-01
5.900000000000000000e+02 2.343557833072145991e-01 9.306722514774695698e-02 0.000000000000000000e+00 0.000000000000000000e+00 9.608723303884174338e-02 1.018655217979008848e-01
5.950000000000000000e+02 2.490865397845523077e-01 2.067565326744057186e-01 0.000000000000000000e+00 0.000000000000000000e+00 1.214422056868696975e-01 1.357666997928043406e-01
6.000000000000000000e+02 1.269874749985826223e-01 2.363641825010348307e-01 0.000000000000000000e+00 0.000000000000000000e+00 7.769131192338596392e-02 1.713253550580643159e-01
6.050000000000000000e+02 2.210407282058334533e-01 2.841836451822271625e-01 0.000000000000000000e+00 0.000000000000000000e+00 9.324011953279001674e-02 1.663214419657148280e-01
6.100000000000000000e+02 1.256357634182297123e-01 2.272822615839540372e-01 0.000000000000000000e+00 0.000000000000000000e+00 1.057415109197817060e-01 1.408033354461597497e-01
6.150000000000000000e+02 3.512735081963030415e-01 3.802786861609001867e-02 1.000000000000000000e+00 0.000000000000000000e+00 9.466720098687718410e-02 9.388103822853029190e-02
6.200000000000000000e+02 1.437096226682597622e-01 3.729121597565049351e-02 0.000000000000000000e+00 0.000000000000000000e+00 7.616409049579303536e-02 9.736429403427790397e-02
6.250000000000000000e+02 9.398596146553817032e-02 2.191852631209204871e-01 0.000000000000000000e+00 0.000000000000000000e+00 1.077121429481235487e-01 1.410056303150100110e-01
6.300000000000000000e+02 1.881223108333905381e-01 1.695983758559543031e-01 0.000000000000000000e+00 0.000000000000000000e+00 1.230351923351953730e-01 9.813486269399231132e-02
6.350000000000000000e+02 1.991193680634315566e-01 1.167107950557635387e-01 0.000000000000000000e+00 0.000000000000000000e+00 1.224922032819729528e-01 1.193961666715349368e-01
6.400000000000000000e+02 9.481646239597581183e-02 1.772853653529234685e-01 0.000000000000000000e+00 0.000000000000000000e+00 1.436216072004046218e-01 1.179376002709864035e-01
6.450000000000000000e+02 2.142731024492813552e-01 2.738264283733436999e-01 0.000000000000000000e+00 0.000000000000000000e+00 1.342125576877489512e-01 1.606945360877862772e-01
6.500000000000000000e+02 5.892090760291542051e-02 2.059125425134334525e-02 0.000000000000000000e+00 0.000000000000000000e+00 9.061049165179768661e-02 6.061800165299525978e-02
6.550000000000000000e+02 0.000000000000000000e+00 2.726691285193685310e-01 0.000000000000000000e+00 1.000000000000000000e+00 0.000000000000000000e+00 9.315118711215299163e-02
6.600000000000000000e+02 7.314184025763783084e-03 6.101251840283308109e-02 0.000000000000000000e+00 0.000000000000000000e+00 6.956699533979503192e-03 3.040952829923974227e-02
6.650000000000000000e+02 1.717132638885503493e-01 2.479601111717015804e-01 0.000000000000000000e+00 0.000000000000000000e+00 1.323755822024425821e-01 1.125397684662884507e-01
6.700000000000000000e+02 8.531062181676656031e-02 1.314041875073359567e-01 0.000000000000000000e+00 0.000000000000000000e+00 1.559221661373370038e-01 1.110559281024402906e-01
6.750000000000000000e+02 1.102613537735287474e-01 5.367636437686359313e-02 0.000000000000000000e+00 0.000000000000000000e+00 1.106799211975544456e-01 7.574205041477932721e-02
6.800000000000000000e+02 6.670144763860441639e-02 1.406117313645018352e-01 0.000000000000000000e+00 1.000000000000000000e+00 1.173628486117123532e-01 4.401799076821824586e-02
6.850000000000000000e+02 2.772569438267183939e-01 1.539171013264084009e-01 1.000000000000000000e+00 0.000000000000000000e+00 6.708085119508380711e-02 1.007730136141864880e-01
6.900000000000000000e+02 4.799076460390452881e-02 1.914966937355044585e-01 0.000000000000000000e+00 0.000000000000000000e+00 9.728161846086609554e-02 1.095639449246663122e-01
6.950000000000000000e+02 2.666254284764489960e-02 3.376480512978485837e-02 0.000000000000000000e+00 0.000000000000000000e+00 9.181335570461408857e-02 8.101335611404014703e-02
7.000000000000000000e+02 1.412447439046090603e-01 3.035464303320365986e-01 0.000000000000000000e+00 0.000000000000000000e+00 1.168688541089428351e-01 1.321508059903924726e-01
7.050000000000000000e+02 6.491039996560471481e-02 3.498787616130657474e-01 0.000000000000000000e+00 1.000000000000000000e+00 7.368731975075985818e-02 1.208426394892575806e-01
7.100000000000000000e+02 8.601316658791513525e-02 3.051480373237400734e-01 0.000000000000000000e+00 1.000000000000000000e+00 5.862283840446969041e-02 7.637781199747442629e-02
7.150000000000000000e+02 1.648508507169066384e-01 2.522596572066662102e-01 0.000000000000000000e+00 0.000000000000000000e+00 6.375954542585546281e-02 9.167917329722209685e-02
7.200000000000000000e+02 1.559944438388010390e-01 0.000000000000000000e+00 0.000000000000000000e+00 0.000000000000000000e+00 9.558082036846374252e-02 0.000000000000000000e+00
7.250000000000000000e+02 7.757822298287446461e-02 1.577457687437095746e-01 0.000000000000000000e+00 0.000000000000000000e+00 5.951156500462084775e-02 1.374423584348233862e-01
7.300000000000000000e+02 1.161955774713655746e-03 1.076374427243459025e-01 0.000000000000000000e+00 0.000000000000000000e+00 4.338862361217077704e-03 1.064641545559023711e-01
7.350000000000000000e+02 1.124033595431514626e-01 6.193847781499408484e-02 0.000000000000000000e+00 0.000000000000000000e+00 1.628402283981207066e-01 9.242896290660972125e-02
7.400000000000000000e+02 5.389416679333577237e-02 3.780724001380406270e-03 0.000000000000000000e+00 0.000000000000000000e+00 1.015514847596438869e-01 8.560887923543441039e-03
7.450000000000000000e+02 1.433556025512528198e-01 1.555234309059304598e-01 0.000000000000000000e+00 0.000000000000000000e+00 1.372600182229496146e-01 1.187607686488037773e-01
7.500000000000000000e+02 9.163912585995434568e-02 3.362684641057718804e-01 0.000000000000000000e+00 1.000000000000000000e+00 1.492828033999606396e-01 8.679640224688546513e-02
7.550000000000000000e+02 8.211570261865618059e-02 1.948075395227969742e-01 0.000000000000000000e+00 0.000000000000000000e+00 8.861615014438557758e-02 9.831084475375093112e-02
7.600000000000000000e+02 1.183191506322646830e-01 8.558186334844158916e-02 0.000000000000000000e+00 0.000000000000000000e+00 9.538332306834226837e-02 5.214062586393651555e-02
7.650000000000000000e+02 7.402927161105667120e-02 2.247299853884479615e-01 0.000000000000000000e+00 0.000000000000000000e+00 7.603352430609802703e-02 9.731762107236012482e-02
7.700000000000000000e+02 1.991661229109046582e-01 1.353067669072878232e-01 0.000000000000000000e+00 0.000000000000000000e+00 1.337665238118764532e-01 1.178931335608935094e-01
7.750000000000000000e+02 1.343414592529418826e-02 1.135401587912446414e-01 0.000000000000000000e+00 0.000000000000000000e+00 1.010186260795502104e-02 4.460479530863371844e-02
7.800000000000000000e+02 1.201544003729079629e-01 1.539745369460410740e-01 0.000000000000000000e+00 0.000000000000000000e+00 1.025467390939809320e-01 8.938726620565566605e-02
7.850000000000000000e+02 6.764052823717205554e-04 3.220673661824973166e-01 0.000000000000000000e+00 0.000000000000000000e+00 1.325247945054434939e-02 1.275718948944843667e-01
7.900000000000000000e+02 9.425405184688025184e-02 2.810191074739263814e-02 0.000000000000000000e+00 0.000000000000000000e+00 1.065293537674763397e-01 1.174602735645869922e-01
7.950000000000000000e+02 3.759449909707331117e-02 2.180139148041708164e-01 0.000000000000000000e+00 0.000000000000000000e+00 3.567627512870254203e-02 1.232700882077970850e-01
8.000000000000000000e+02 8.342868993050603366e-02 3.492525995889090296e-01 0.000000000000000000e+00 1.000000000000000000e+00 9.058515784753282118e-02 1.008264928781139325e-01
8.050000000000000000e+02 1.097479764402125961e-02 1.983602030669531224e-01 0.000000000000000000e+00 0.000000000000000000e+00 6.894491379126710048e-03 8.704043819669353421e-02
8.100000000000000000e+02 9.298309423079020863e-02 8.307914798329291139e-02 0.000000000000000000e+00 0.000000000000000000e+00 1.471211046314178095e-01 9.003938346128995129e-02
8.150000000000000000e+02 6.845097271845716758e-02 8.848138687973876315e-02 0.000000000000000000e+00 0.000000000000000000e+00 1.375214148276802384e-01 1.391326388530858271e-01
8.200000000000000000e+02 0.000000000000000000e+00 3.134648256777517461e-01 0.000000000000000000e+00 0.000000000000000000e+00 0.000000000000000000e+00 1.117857084323839456e-01
8.250000000000000000e+02 1.162250268620535348e-01 2.019745377479201243e-01 0.000000000000000000e+00 0.000000000000000000e+00 7.813288903691359422e-02 8.682128632666473445e-02
8.300000000000000000e+02 9.916692340595648081e-02 5.209980025566211120e-02 0.000000000000000000e+00 0.000000000000000000e+00 1.622772042162655692e-01 7.410760810024188960e-02
8.350000000000000000e+02 1.158073813437248550e-01 1.091543458956028417e-01 0.000000000000000000e+00 0.000000000000000000e+00 1.116236052249417465e-01 9.072003954038873608e-02
8.400000000000000000e+02 7.950802039243884400e-02 1.266691669854031477e-01 0.000000000000000000e+00 0.000000000000000000e+00 1.527493273179762190e-01 7.890137792826039387e-02
8.450000000000000000e+02 8.882920884821959503e-03 3.118864125858854530e-01 0.000000000000000000e+00 0.000000000000000000e+00 1.436965939315667240e-01 1.162395383675491889e-01
8.500000000000000000e+02 0.000000000000000000e+00 7.104707720092864887e-02 0.000000000000000000e+00 0.000000000000000000e+00 0.000000000000000000e+00 7.363848901034711347e-02
8.550000000000000000e+02 2.256905306735183248e-01 6.566079871432227433e-02 0.000000000000000000e+00 0.000000000000000000e+00 1.177518292452372634e-01 4.238338495682774515e-02
8.600000000000000000e+02 5.655417636339506865e-02 1.909655672341911692e-01 0.000000000000000000e+00 0.000000000000000000e+00 1.169841273759946593e-01 8.187034788351824077e-02
8.650000000000000000e+02 2.821055557369805955e-01 8.195427827048006042e-02 0.000000000000000000e+00 0.000000000000000000e+00 1.282407104294353561e-01 6.064068260496657120e-02
8.700000000000000000e+02 9.711400928175798614e-03 9.155783581137252880e-02 0.000000000000000000e+00 0.000000000000000000e+00 1.546441650690734415e-01 8.901573022105171984e-02
8.750000000000000000e+02 1.416091048106400963e-01 2.615672437367316805e-01 0.000000000000000000e+00 1.000000000000000000e+00 1.225212934673275827e-01 9.063344991602746703e-02
8.800000000000000000e+02 9.746331559798733501e-02 1.265446506006536187e-01 0.000000000000000000e+00 0.000000000000000000e+00 8.987652744372853775e-02 1.002469319004630210e-01
8.850000000000000000e+02 8.528787020482367365e-02 1.053255838361466801e-01 0.000000000000000000e+00 0.000000000000000000e+00 9.151203928779562402e-02 1.073213462363518805e-01
8.900000000000000000e+02 2.541912901391917175e-03 3.002336779871428440e-01 0.000000000000000000e+00 1.000000000000000000e+00 6.534468680738838436e-03 6.805895763018146583e-02
8.950000000000000000e+02 6.936053320188324822e-02 7.808704559657482329e-03 0.000000000000000000e+00 0.000000000000000000e+00 8.950511090993132357e-02 2.589952849285268727e-02
9.000000000000000000e+02 1.091672100696393366e-01 1.389714770663430521e-01 0.000000000000000000e+00 0.000000000000000000e+00 9.184516229905771711e-02 5.970976401871951056e-02
9.050000000000000000e+02 4.707254246659310290e-03 2.593675935539345098e-02 0.000000000000000000e+00 0.000000000000000000e+00 7.769014760910754325e-02 7.675294129645933439e-02
9.100000000000000000e+02 0.000000000000000000e+00 6.446227579339977587e-02 0.000000000000000000e+00 0.000000000000000000e+00 0.000000000000000000e+00 7.518016949299791141e-02
9.150000000000000000e+02 1.744780906895176953e-01 1.150677175201687136e-01 0.000000000000000000e+00 0.000000000000000000e+00 1.233709689406724819e-01 1.160663448208166804e-01
9.200000000000000000e+02 9.545764145871246664e-02 5.862242589790164077e-02 0.000000000000000000e+00 0.000000000000000000e+00 1.100123479320641723e-01 1.484890962488553123e-01
9.250000000000000000e+02 1.330398227015173185e-01 1.830845149182244724e-01 0.000000000000000000e+00 0.000000000000000000e+00 2.286063124044765971e-01 1.100687776360393111e-01
9.300000000000000000e+02 2.662783831081207975e-01 1.362492286076760206e-01 0.000000000000000000e+00 0.000000000000000000e+00 1.206762638389220071e-01 5.420489784952173956e-02
9.350000000000000000e+02 9.973004053566537908e-02 1.814327524904085220e-01 0.000000000000000000e+00 0.000000000000000000e+00 1.281999587668325724e-01 7.448306241141935957e-02
9.400000000000000000e+02 2.020161282219942456e-01 4.651422596436170787e-02 0.000000000000000000e+00 0.000000000000000000e+00 8.296684100230421188e-02 4.729545738800197685e-02
9.450000000000000000e+02 1.632257897128297497e-01 9.623641553043116303e-02 0.000000000000000000e+00 0.000000000000000000e+00 1.395247459759657027e-01 1.192004017913782243e-01
9.500000000000000000e+02 4.670262481338325646e-03 1.476756018473932841e-01 0.000000000000000000e+00 0.000000000000000000e+00 2.671980882952445548e-03 7.999840993089830932e-02
9.550000000000000000e+02 1.738024207739581883e-01 1.211339187243723331e-01 0.000000000000000000e+00 0.000000000000000000e+00 8.486286537551619713e-02 6.243977134175391491e-02
9.600000000000000000e+02 1.373846983844337344e-01 3.175433474134842782e-01 0.000000000000000000e+00 1.000000000000000000e+00 1.265951276484782173e-01 9.528679267149578469e-02
9.650000000000000000e+02 5.092554344562146007e-02 1.362397882590714038e-01 0.000000000000000000e+00 0.000000000000000000e+00 1.583550438128966953e-01 1.155595597898114169e-01
9.700000000000000000e+02 5.438363571372761482e-03 2.045522952280622031e-01 0.000000000000000000e+00 0.000000000000000000e+00 5.159031960392201216e-03 9.067315527934595443e-02
9.750000000000000000e+02 2.783883200026739807e-02 1.879277363345221441e-01 0.000000000000000000e+00 0.000000000000000000e+00 1.394073700302253804e-01 6.802829561792875235e-02
9.800000000000000000e+02 4.114977592467568279e-02 2.418525710402746332e-01 0.000000000000000000e+00 0.000000000000000000e+00 1.220293718616834722e-01 1.362556878274677197e-01
9.850000000000000000e+02 3.482094852634776139e-01 9.834371779652391343e-02 0.000000000000000000e+00 0.000000000000000000e+00 1.845111072501252614e-01 1.296428511637008341e-01
9.900000000000000000e+02 2.385792692965231152e-02 2.330893880347990055e-01 0.000000000000000000e+00 0.000000000000000000e+00 1.253830665030920277e-01 9.058487735485896974e-02
9.950000000000000000e+02 5.184140905882735767e-02 9.103897620489105613e-02 0.000000000000000000e+00 0.000000000000000000e+00 6.629128019727051346e-02 4.799875353705076314e-02
