0.000000000000000000e+00 0.000000000000000000e+00 0.000000000000000000e+00 0.000000000000000000e+00 0.000000000000000000e+00 0.000000000000000000e+00 0.000000000000000000e+00
5.000000000000000000e+00 6.556213401734545254e-01 4.628593901831716262e-01 1.000000000000000000e+00 1.000000000000000000e+00 1.036819300862078103e-01 1.332308942906214044e-01
1.000000000000000000e+01 4.916911257838580407e-01 5.660710011476640657e-01 1.000000000000000000e+00 1.000000000000000000e+00 1.177339316591911322e-01 1.105409521930414835e-01
1.500000000000000000e+01 4.546825599227108938e-01 4.230501188210091246e-01 1.000000000000000000e+00 1.000000000000000000e+00 1.448138081243094122e-01 9.709609973227270596e-02
2.000000000000000000e+01 5.574837153361512643e-01 4.478901520796080282e-01 1.000000000000000000e+00 1.000000000000000000e+00 1.260363592293993196e-01 1.476078406129854026e-01
2.500000000000000000e+01 3.270916399532491359e-01 3.896540136318885628e-01 0.000000000000000000e+00 1.000000000000000000e+00 1.427042421029142971e-01 1.283173642720898677e-01
3.000000000000000000e+01 4.425332130289395538e-01 5.799178066669569143e-01 1.000000000000000000e+00 1.000000000000000000e+00 8.967533060172877546e-02 1.389979558880665711e-01
3.500000000000000000e+01 6.167979429561349924e-01 4.443904005919928624e-01 1.000000000000000000e+00 1.000000000000000000e+00 1.793850869934747461e-01 1.122993883081220973e-01
4.000000000000000000e+01 4.685626017092009432e-01 5.133928489054140343e-01 1.000000000000000000e+00 1.000000000000000000e+00 1.036415349363904309e-01 1.550681850314563348e-01
4.500000000000000000e+01 4.788511705867241619e-01 4.823706635365633266e-01 1.000000000000000000e+00 1.000000000000000000e+00 1.462103705742298920e-01 1.617721280136983353e-01
5.000000000000000000e+01 3.539152647213158476e-01 5.493062234525093457e-01 0.000000000000000000e+00 1.000000000000000000e+00 1.712745980263133128e-01 1.762938883561904202e-01
5.500000000000000000e+01 5.118571271901675157e-01 4.370573109307015480e-01 1.000000000000000000e+00 0.000000000000000000e+00 1.092677985131061819e-01 1.973950150641947399e-01
6.000000000000000000e+01 3.022762071112640725e-01 4.829302270420464671e-01 0.000000000000000000e+00 1.000000000000000000e+00 1.465241361085284078e-01 1.353885333135406155e-01
6.500000000000000000e+01 2.484259767029826649e-01 4.516100411869548026e-01 0.000000000000000000e+00 0.000000000000000000e+00 1.207299359732867949e-01 1.626693275083055945e-01
7.000000000000000000e+01 2.743943993629621714e-01 4.290550688713653527e-01 0.000000000000000000e+00 0.000000000000000000e+00 1.004890278671741050e-01 1.635417601314918812e-01
7.500000000000000000e+01 3.598957202602422467e-01 4.464860921814521322e-01 0.000000000000000000e+00 0.000000000000000000e+00 1.313472666170565906e-01 1.750739652154490456e-01
8.000000000000000000e+01 5.010595014516210366e-01 3.333203201722168552e-01 1.000000000000000000e+00 1.000000000000000000e+00 8.397218485376471697e-02 1.159857305282024076e-01
8.500000000000000000e+01 5.222216437067805916e-01 3.541019757901825438e-01 1.000000000000000000e+00 0.000000000000000000e+00 1.566394189819107496e-01 1.480251173697407496e-01
9.000000000000000000e+01 3.497978665913332730e-01 3.682176072440564996e-01 0.000000000000000000e+00 0.000000000000000000e+00 1.337645111729625913e-01 2.097366993852203543e-01
9.500000000000000000e+01 6.022310905143237747e-01 3.533033104667492319e-01 1.000000000000000000e+00 0.000000000000000000e+00 1.560493058264356692e-01 2.407243438061274221e-01
1.000000000000000000e+02 4.374328387770322624e-01 5.394142109783237604e-01 1.000000000000000000e+00 1.000000000000000000e+00 1.385294910453951367e-01 1.242113650290945365e-01
1.050000000000000000e+02 2.555833828291168008e-01 3.281820658362592513e-01 0.000000000000000000e+00 1.000000000000000000e+00 1.609122086269325347e-01 8.105426669250211102e-02
1.100000000000000000e+02 3.186331913115595382e-01 4.954522291012231072e-01 0.000000000000000000e+00 1.000000000000000000e+00 1.378273753388298828e-01 1.445331165925296812e-01
1.150000000000000000e+02 4.645420223013220218e-01 4.490887781837905601e-01 1.000000000000000000e+00 1.000000000000000000e+00 1.378483175021028018e-01 1.292893323646804316e-01
1.200000000000000000e+02 2.387475704725249837e-01 3.346803326555857216e-01 1.000000000000000000e+00 1.000000000000000000e+00 7.358970058649440260e-02 1.152188961293663938e-01
1.250000000000000000e+02 2.671205786613137789e-01 3.629436149665932754e-01 1.000000000000000000e+00 1.000000000000000000e+00 7.526165878307691792e-02 9.422239985109187588e-02
1.300000000000000000e+02 2.517819921015435058e-01 5.150446558008512365e-01 1.000000000000000000e+00 0.000000000000000000e+00 8.423675299322810894e-02 2.059399437042114533e-01
1.350000000000000000e+02 6.403686555215039045e-01 5.534731026446965130e-01 1.000000000000000000e+00 1.000000000000000000e+00 1.082555731713376462e-01 1.490803914323302892e-01
1.400000000000000000e+02 3.846293183687766737e-01 3.126467275741747764e-01 0.000000000000000000e+00 1.000000000000000000e+00 1.503409282678382364e-01 9.875100932375172058e-02
1.450000000000000000e+02 3.466385777489799924e-01 4.130675726489277944e-01 0.000000000000000000e+00 1.000000000000000000e+00 1.285627889713061855e-01 1.178855435729398576e-01
1.500000000000000000e+02 3.503059949091787417e-01 3.929714910325114996e-01 0.000000000000000000e+00 1.000000000000000000e+00 1.395897562576592643e-01 1.221298620522060230e-01
1.550000000000000000e+02 3.252476041071156176e-01 4.633614806570334754e-01 0.000000000000000000e+00 1.000000000000000000e+00 1.280955115721723325e-01 1.151770286300364682e-01
1.600000000000000000e+02 4.175163102128821579e-01 5.218652708170832266e-01 1.000000000000000000e+00 1.000000000000000000e+00 1.177343503102068756e-01 1.638977579680103713e-01
1.650000000000000000e+02 2.594787990871624261e-01 5.142581465635498450e-01 0.000000000000000000e+00 0.000000000000000000e+00 9.724576473110187191e-02 2.079773875020265173e-01
1.700000000000000000e+02 2.970161404029204033e-01 3.506825280056610206e-01 0.000000000000000000e+00 0.000000000000000000e+00 1.824218879982603403e-01 1.499627868765589789e-01
1.750000000000000000e+02 1.974142269293436558e-01 4.285469791322870092e-01 0.000000000000000000e+00 1.000000000000000000e+00 1.240673032498717104e-01 1.178417799668715488e-01
1.800000000000000000e+02 3.692950923854944056e-01 3.106992409985948056e-01 1.000000000000000000e+00 0.000000000000000000e+00 8.118515194416127401e-02 1.240446176923617472e-01
1.850000000000000000e+02 4.740394478180259275e-01 1.978694002006813057e-01 1.000000000000000000e+00 0.000000000000000000e+00 9.371362272009949035e-02 1.727135544285315905e-01
1.900000000000000000e+02 3.583455848999473337e-01 1.885248740762298369e-01 0.000000000000000000e+00 0.000000000000000000e+00 1.563362177385616558e-01 1.390336898367630358e-01
1.950000000000000000e+02 1.865139416893500379e-01 3.032317571540903423e-01 0.000000000000000000e+00 1.000000000000000000e+00 1.096858701330466063e-01 7.156716467369469981e-02
2.000000000000000000e+02 4.704711376984064275e-01 3.347955491986580601e-01 1.000000000000000000e+00 0.000000000000000000e+00 8.571061609424794614e-02 1.320453673243102699e-01
2.050000000000000000e+02 3.560633058700595766e-01 4.508729339222176113e-01 1.000000000000000000e+00 1.000000000000000000e+00 9.451116044575709474e-02 1.420814470620295478e-01
2.100000000000000000e+02 2.351550267342109313e-01 2.202901386126547012e-01 1.000000000000000000e+00 0.000000000000000000e+00 7.766067473375093400e-02 8.023326596879865047e-02
2.150000000000000000e+02 4.450215671649243587e-01 5.809265041881412905e-01 1.000000000000000000e+00 1.000000000000000000e+00 1.129769601199700352e-01 1.282232515324087940e-01
2.200000000000000000e+02 2.828084432023632022e-01 2.697688168043136381e-01 1.000000000000000000e+00 0.000000000000000000e+00 5.669950847058463639e-02 1.447191641480659041e-01
2.250000000000000000e+02 1.823099684176689161e-01 4.639349282543672182e-01 0.000000000000000000e+00 1.000000000000000000e+00 1.306023904734892882e-01 1.637366403792297753e-01
2.300000000000000000e+02 5.945364660544535385e-01 2.937370414425696241e-01 1.000000000000000000e+00 0.000000000000000000e+00 1.339908384759047333e-01 1.660466552656923445e-01
2.350000000000000000e+02 1.538569736146837286e-01 5.056500408394718482e-01 0.000000000000000000e+00 1.000000000000000000e+00 8.373639930049453506e-02 9.345343071543793512e-02
2.400000000000000000e+02 4.266049276075434271e-01 3.275547133185136017e-01 1.000000000000000000e+00 1.000000000000000000e+00 5.722003474880089924e-02 9.956248203342764336e-02
2.450000000000000000e+02 1.492978329593414033e-01 3.257997746194878363e-01 0.000000000000000000e+00 0.000000000000000000e+00 1.088844433480560675e-01 1.858068986252356947e-01
2.500000000000000000e+02 2.034909543502657348e-01 3.374144259039185689e-01 0.000000000000000000e+00 1.000000000000000000e+00 1.226587479103908862e-01 1.049127858353283010e-01
2.550000000000000000e+02 2.666572259086866792e-01 3.560975591084287739e-01 0.000000000000000000e+00 1.000000000000000000e+00 1.263807958251515484e-01 1.051533054791503469e-01
2.600000000000000000e+02 3.018012961857837739e-01 4.118157203755398177e-01 1.000000000000000000e+00 0.000000000000000000e+00 1.020226900406686343e-01 1.520874671754991747e-01
2.650000000000000000e+02 3.903089530260371864e-01 2.687032393994305823e-01 1.000000000000000000e+00 0.000000000000000000e+00 1.303131896443675275e-01 1.675087596483830210e-01
2.700000000000000000e+02 3.322148954360412687e-01 2.847501785634228844e-01 0.000000000000000000e+00 1.000000000000000000e+00 1.223767833480085970e-01 9.677755233822550596e-02
2.750000000000000000e+02 2.971453733590451729e-01 3.244813802898899313e-01 1.000000000000000000e+00 1.000000000000000000e+00 8.418735649501364604e-02 1.129219344031943267e-01
2.800000000000000000e+02 2.616374516452145693e-01 3.212105506173973390e-01 0.000000000000000000e+00 0.000000000000000000e+00 1.217701170089345725e-01 1.507166176566357985e-01
2.850000000000000000e+02 2.891868204393138742e-01 4.314510512880894710e-01 0.000000000000000000e+00 1.000000000000000000e+00 1.150610928896860369e-01 1.018295745611277892e-01
2.900000000000000000e+02 2.613442015522050577e-01 3.748416042204357201e-01 0.000000000000000000e+00 1.000000000000000000e+00 1.408383873091957061e-01 9.824107582636196212e-02
2.950000000000000000e+02 2.190053067545846832e-01 2.169690488610909740e-01 0.000000000000000000e+00 0.000000000000000000e+00 1.352499209395651991e-01 1.026261719152324475e-01
3.000000000000000000e+02 1.416430627608024628e-01 7.018742596774374398e-02 0.000000000000000000e+00 0.000000000000000000e+00 1.192575834761165771e-01 1.390293378712357808e-01
3.050000000000000000e+02 2.245323556823869138e-01 2.020876060706721378e-01 0.000000000000000000e+00 0.000000000000000000e+00 8.935928817735079577e-02 1.663170600199319615e-01
3.100000000000000000e+02 3.036024316223482900e-01 3.659088033784117511e-01 1.000000000000000000e+00 1.000000000000000000e+00 7.332612085462481000e-02 1.246729601755446337e-01
3.150000000000000000e+02 3.057779241285771277e-01 2.702424594588589413e-01 0.000000000000000000e+00 0.000000000000000000e+00 1.238023405064944543e-01 9.828121337821470183e-02
3.200000000000000000e+02 1.769561608860312496e-01 2.267039032059795234e-01 0.000000000000000000e+00 0.000000000000000000e+00 9.279130817037424539e-02 1.156832134917530341e-01
3.250000000000000000e+02 2.298266198067094590e-01 2.464250065001059031e-01 0.000000000000000000e+00 0.000000000000000000e+00 1.446394329180399341e-01 1.087099828996142409e-01
3.300000000000000000e+02 1.544438123185936096e-01 3.830973773227941415e-01 0.000000000000000000e+00 1.000000000000000000e+00 9.996550144233495860e-02 1.097955419302613506e-01
3.350000000000000000e+02 1.385035614570246376e-01 1.751268251210708338e-01 0.000000000000000000e+00 0.000000000000000000e+00 7.034180365016001746e-02 1.095050727180422040e-01
3.400000000000000000e+02 4.602270252075456591e-01 4.064381017909038940e-01 1.000000000000000000e+00 0.000000000000000000e+00 8.881730493902235957e-02 1.582753445387824198e-01
3.450000000000000000e+02 4.426830617575615301e-02 1.335015431905414163e-01 0.000000000000000000e+00 0.000000000000000000e+00 4.194953182760810528e-02 1.005843311968715598e-01
3.500000000000000000e+02 3.229885480691584432e-01 1.804983710746328740e-01 1.000000000000000000e+00 0.000000000000000000e+00 7.919268293336703679e-02 1.749844343473239416e-01
3.550000000000000000e+02 2.053307389485494183e-01 1.351516100443548585e-01 0.000000000000000000e+00 0.000000000000000000e+00 8.766182158203904284e-02 4.814124846501517674e-02
3.600000000000000000e+02 2.844593172854429364e-01 1.312642277332035923e-01 0.000000000000000000e+00 0.000000000000000000e+00 1.122024836986030144e-01 1.042793129158377657e-01
3.650000000000000000e+02 1.389528273235864364e-01 1.532361784809413430e-01 0.000000000000000000e+00 0.000000000000000000e+00 1.439756914177582892e-01 7.772427952083502123e-02
3.700000000000000000e+02 2.492266372784043560e-01 2.173174822280175555e-01 0.000000000000000000e+00 0.000000000000000000e+00 1.529829415978448126e-01 9.493505971217133799e-02
3.750000000000000000e+02 2.822568045302444317e-01 3.495770438490721777e-01 0.000000000000000000e+00 0.000000000000000000e+00 1.093935102335175519e-01 1.881736370917818923e-01
3.800000000000000000e+02 2.103693956736947257e-01 2.258992813539456024e-01 0.000000000000000000e+00 0.000000000000000000e+00 9.521524970239647612e-02 9.467051518839163238e-02
3.850000000000000000e+02 1.668026606942089596e-01 2.712470062030704065e-01 0.000000000000000000e+00 1.000000000000000000e+00 1.132854817803913006e-01 8.827910543173217439e-02
3.900000000000000000e+02 3.252798378713094296e-01 3.426022814163691699e-01 1.000000000000000000e+00 0.000000000000000000e+00 1.132098536880541961e-01 1.279641881159564731e-01
3.950000000000000000e+02 3.777972543050739374e-01 1.647272921645374921e-01 1.000000000000000000e+00 0.000000000000000000e+00 1.078435635846272944e-01 1.140800689033130838e-01
4.000000000000000000e+02 1.878319674306492271e-01 1.575164893973452496e-01 0.000000000000000000e+00 0.000000000000000000e+00 1.102113116888753658e-01 9.358305876383456179e-02
4.050000000000000000e+02 3.574264100914839593e-01 4.670811214986920201e-01 1.000000000000000000e+00 1.000000000000000000e+00 1.024693724343270218e-01 1.152932248407691901e-01
4.100000000000000000e+02 3.949436904377476854e-01 3.278502733667322810e-01 1.000000000000000000e+00 0.000000000000000000e+00 1.392462941695309098e-01 1.489954160757840096e-01
4.150000000000000000e+02 1.799648131513782445e-01 2.566261529548539144e-01 0.000000000000000000e+00 0.000000000000000000e+00 1.003388255753913244e-01 1.672422151863937889e-01
4.200000000000000000e+02 1.580101210538003842e-01 1.130264708801277662e-01 0.000000000000000000e+00 0.000000000000000000e+00 1.125268701317183873e-01 9.801534064206550434e-02
4.250000000000000000e+02 1.871899544634703927e-01 2.000854601593626270e-01 1.000000000000000000e+00 0.000000000000000000e+00 4.358242122898003945e-02 1.202854797767052564e-01
4.300000000000000000e+02 1.768594401893614221e-01 2.749435432232610887e-01 1.000000000000000000e+00 1.000000000000000000e+00 6.252949197263013570e-02 7.589555122352843741e-02
4.350000000000000000e+02 1.305066503589481786e-01 1.933329413067636504e-01 0.000000000000000000e+00 0.000000000000000000e+00 1.088199455492068479e-01 7.553028860611615825e-02
4.400000000000000000e+02 2.104426585593738575e-01 1.590473294893400280e-01 0.000000000000000000e+00 0.000000000000000000e+00 1.241323222718035135e-01 1.361684488293022077e-01
4.450000000000000000e+02 2.267619800193834134e-01 1.882689594690979684e-01 0.000000000000000000e+00 0.000000000000000000e+00 1.341291913633110844e-01 1.411307922276541782e-01
4.500000000000000000e+02 2.277149084893358710e-01 2.367006801865114696e-01 0.000000000000000000e+00 0.000000000000000000e+00 1.296312185364771330e-01 1.034615206147943139e-01
4.550000000000000000e+02 3.042477146948688871e-01 4.454879890696816780e-01 0.000000000000000000e+00 1.000000000000000000e+00 1.718134407748549974e-01 1.432498558891520946e-01
4.600000000000000000e+02 9.392611431481047435e-02 1.843972451024985248e-01 0.000000000000000000e+00 0.000000000000000000e+00 5.585997287853101262e-02 9.935280424291685619e-02
4.650000000000000000e+02 1.990363557409116357e-01 1.366964548835661597e-01 0.000000000000000000e+00 0.000000000000000000e+00 1.190233625434815867e-01 1.606977971183810583e-01
4.700000000000000000e+02 2.142325244423369246e-01 2.728911980979029650e-01 0.000000000000000000e+00 0.000000000000000000e+00 1.099196741790051668e-01 1.053830370107960712e-01
4.750000000000000000e+02 3.923520281458954817e-01 5.350843992389038295e-01 1.000000000000000000e+00 1.000000000000000000e+00 1.172541102782941186e-01 1.674243012289971799e-01
4.800000000000000000e+02 3.375520874949232419e-02 2.787890427821650419e-01 0.000000000000000000e+00 0.000000000000000000e+00 1.715059497513745160e-02 1.352687321724580505e-01
4.850000000000000000e+02 2.320480240887063950e-01 3.318112846218138068e-01 0.000000000000000000e+00 1.000000000000000000e+00 1.636201717531650113e-01 1.021850312082929063e-01
4.900000000000000000e+02 5.253407988921905691e-02 1.867412462272248497e-01 0.000000000000000000e+00 1.000000000000000000e+00 1.322980098594879195e-01 5.942801879672376941e-02
4.950000000000000000e+02 2.503394715438846951e-01 1.060411925095619406e-01 0.000000000000000000e+00 0.000000000000000000e+00 1.246933906926895735e-01 1.151824679328452283e-01
5.000000000000000000e+02 2.123904651217876638e-01 2.305052944727058184e-01 0.000000000000000000e+00 1.000000000000000000e+00 1.164281605036061734e-01 7.536361776583619387e-02
5.050000000000000000e+02 1.802172058787589459e-01 3.378112597963878749e-01 0.000000000000000000e+00 0.000000000000000000e+00 1.395244924124113550e-01 2.171635514121007249e-01
5.100000000000000000e+02 1.785312680813794795e-01 1.009003725835204701e-01 0.000000000000000000e+00 0.000000000000000000e+00 7.082290230888536875e-02 8.319929774893719543e-02
5.150000000000000000e+02 9.839688092448788115e-02 5.162216088085329335e-02 0.000000000000000000e+00 0.000000000000000000e+00 6.721087730472909139e-02 4.997832382519003247e-02
5.200000000000000000e+02 2.014980160566946510e-01 1.830429764501712575e-01 0.000000000000000000e+00 0.000000000000000000e+00 1.678562139118154606e-01 1.354543879088278557e-01
5.250000000000000000e+02 1.205901084871567608e-01 2.394985322905508196e-01 0.000000000000000000e+00 0.000000000000000000e+00 1.168032488029331906e-01 1.840703554263490027e-01
5.300000000000000000e+02 1.291381809199641517e-01 1.037897198615607974e-01 0.000000000000000000e+00 0.000000000000000000e+00 1.133702819913222914e-01 1.730585701430220613e-01
5.350000000000000000e+02 2.305335068905131624e-01 4.187826884458083210e-02 0.000000000000000000e+00 0.000000000000000000e+00 9.357509968579431903e-02 9.737773988167368333e-02
5.400000000000000000e+02 7.274756681095442823e-02 1.642125961103044762e-01 0.000000000000000000e+00 0.000000000000000000e+00 5.457348762939967513e-02 9.003283022767337440e-02
5.450000000000000000e+02 1.782167549235091908e-01 1.110171681403511607e-01 0.000000000000000000e+00 0.000000000000000000e+00 1.264634315742768356e-01 1.249211752212149029e-01
5.500000000000000000e+02 1.645818762549171588e-01 1.466067117995698832e-01 0.000000000000000000e+00 0.000000000000000000e+00 9.900903635584648588e-02 1.223357328449325016e-01
5.550000000000000000e+02 1.878883471465075672e-01 1.174522622187072207e-01 0.000000000000000000e+00 0.000000000000000000e+00 1.145046557579316449e-01 1.084472202917850098e-01
5.600000000000000000e+02 9.768610261271400835e-03 2.224902171791195704e-01 0.000000000000000000e+00 0.000000000000000000e+00 6.686457348333745346e-03 1.294901919410340330e-01
5.650000000000000000e+02 1.385238252531891534e-01 2.755034810510860188e-01 0.000000000000000000e+00 0.000000000000000000e+00 1.726171643853005588e-01 1.097398303089821420e-01
5.700000000000000000e+02 1.388016086439025909e-01 2.986928538294228441e-01 0.000000000000000000e+00 0.000000000000000000e+00 1.581300575731202918e-01 1.095634489830912689e-01
5.750000000000000000e+02 2.293124654722934752e-01 1.145395172826267211e-01 0.000000000000000000e+00 0.000000000000000000e+00 1.140097486155582235e-01 8.864263276043117534e-02
5.800000000000000000e+02 3.671309307110667275e-01 2.023827803102418721e-01 1.000000000000000000e+00 0.000000000000000000e+00 9.850343708588850389e-02 8.365130818696514536e-02
5.850000000000000000e+02 3.557859979291005947e-03 8.745678644642300437e-02 0.000000000000000000e+00 0.000000000000000000e+00 2.903186679116398407e-03 1.105377752762228410e-01
5.900000000000000000e+02 2.104626586361429408e-01 9.593098374346503698e-02 0.000000000000000000e+00 0.000000000000000000e+00 7.556742613819072973e-02 6.316999477865059553e-02
5.950000000000000000e+02 4.609501053432540733e-03 2.695637453809830997e-01 0.000000000000000000e+00 0.000000000000000000e+00 1.207950680508765133e-02 1.762000498212335509e-01
6.000000000000000000e+02 1.147729262915479775e-01 2.042766034798867703e-01 0.000000000000000000e+00 0.000000000000000000e+00 1.022136722032776779e-01 8.277527716793380008e-02
6.050000000000000000e+02 4.261528298426860151e-02 2.675612415937341226e-01 0.000000000000000000e+00 0.000000000000000000e+00 1.203056493847059760e-01 1.027546850923502786e-01
6.100000000000000000e+02 1.699820727562886477e-02 1.900196695584129014e-01 0.000000000000000000e+00 0.000000000000000000e+00 5.634215393924717208e-02 1.218223144113982775e-01
6.150000000000000000e+02 1.934604724132716475e-02 1.833186906431365226e-01 0.000000000000000000e+00 0.000000000000000000e+00 9.632035574105276068e-03 1.130324229786319190e-01
6.200000000000000000e+02 3.303024387429990272e-01 2.866229555690368372e-02 1.000000000000000000e+00 0.000000000000000000e+00 4.303428820025551049e-02 1.069252542392024607e-01
6.250000000000000000e+02 1.529680687136412143e-01 2.353975183548968064e-01 0.000000000000000000e+00 0.000000000000000000e+00 6.082393595612835963e-02 1.697481765553015554e-01
6.300000000000000000e+02 4.096865565447956048e-02 5.090215373928221043e-02 0.000000000000000000e+00 0.000000000000000000e+00 4.583719334723375394e-02 8.805873287683406436e-02
6.350000000000000000e+02 1.458494693038049073e-01 1.837252878681625012e-01 0.000000000000000000e+00 1.000000000000000000e+00 1.290929163705279437e-01 6.146498262297161314e-02
6.400000000000000000e+02 1.913214263357212730e-01 2.179106459886512859e-01 0.000000000000000000e+00 0.000000000000000000e+00 9.123424481227675187e-02 1.252654614998569005e-01
6.450000000000000000e+02 3.275889203997327942e-02 3.475283824390795195e-01 0.000000000000000000e+00 0.000000000000000000e+00 4.362541233471822766e-02 1.449494659682315223e-01
6.500000000000000000e+02 1.189536356970508219e-01 3.324622570533227600e-02 0.000000000000000000e+00 0.000000000000000000e+00 8.250522479332689230e-02 9.405523441698730724e-02
6.550000000000000000e+02 6.556008704256285902e-02 2.739213252466526916e-01 0.000000000000000000e+00 0.000000000000000000e+00 3.277039112931804526e-02 1.187067199852531313e-01
6.600000000000000000e+02 1.503721153177359493e-01 7.753512986255488293e-02 0.000000000000000000e+00 0.000000000000000000e+00 1.436388941045195211e-01 1.062159729341444481e-01
6.650000000000000000e+02 1.002668168291884765e-01 4.189244937243007949e-01 0.000000000000000000e+00 1.000000000000000000e+00 7.703017508069506802e-02 1.221690735644757331e-01
6.700000000000000000e+02 3.916864808200116316e-02 1.593146596536714477e-01 0.000000000000000000e+00 0.000000000000000000e+00 3.278349223089348924e-02 8.043888071459813494e-02
6.750000000000000000e+02 5.163050661020764098e-02 1.273577320320887565e-02 0.000000000000000000e+00 0.000000000000000000e+00 9.308544989598085961e-02 6.933521979021969872e-02
6.800000000000000000e+02 2.089771567648611439e-01 5.538327476330746901e-02 0.000000000000000000e+00 0.000000000000000000e+00 9.238670644931674947e-02 1.109570398490380277e-01
6.850000000000000000e+02 2.578050010919099577e-01 3.351088787869399566e-02 1.000000000000000000e+00 0.000000000000000000e+00 8.298460415788259936e-02 1.026562882243202274e-01
6.900000000000000000e+02 7.176184256493493840e-02 1.162130354457286546e-01 0.000000000000000000e+00 0.000000000000000000e+00 8.884833802699174110e-02 1.393638247149998066e-01
6.950000000000000000e+02 3.318606340494147378e-01 1.221083348503225058e-01 1.000000000000000000e+00 0.000000000000000000e+00 9.594022280752824428e-02 1.037260724421266156e-01
7.000000000000000000e+02 1.344858304992747333e-01 2.365426150810287509e-01 0.000000000000000000e+00 0.000000000000000000e+00 1.574919508264219781e-01 8.744229971851258387e-02
7.050000000000000000e+02 1.087711554158115879e-01 1.619644300967751638e-01 0.000000000000000000e+00 0.000000000000000000e+00 9.595532154192633334e-02 9.055406517153484491e-02
7.100000000000000000e+02 1.803618620533933847e-01 3.498923060679168806e-01 0.000000000000000000e+00 1.000000000000000000e+00 1.371797042136098377e-01 9.686990470867919145e-02
7.150000000000000000e+02 6.084930108304063834e-02 2.078971499452918203e-01 0.000000000000000000e+00 0.000000000000000000e+00 6.562175699016795094e-02 1.083187824504165120e-01
7.200000000000000000e+02 0.000000000000000000e+00 4.998890212877025313e-02 0.000000000000000000e+00 0.000000000000000000e+00 0.000000000000000000e+00 9.535065411945803371e-02
7.250000000000000000e+02 2.703437590582290564e-02 2.385763065923189319e-01 0.000000000000000000e+00 0.000000000000000000e+00 8.467277424334654357e-02 1.283374821881418382e-01
7.300000000000000000e+02 1.421432305877424196e-01 1.012378002157644230e-01 0.000000000000000000e+00 0.000000000000000000e+00 1.247989266140309000e-01 1.397930555881498338e-01
7.350000000000000000e+02 1.806934091591381741e-01 1.356860398726315031e-01 0.000000000000000000e+00 0.000000000000000000e+00 1.455018120995228426e-01 1.852525077905763096e-01
7.400000000000000000e+02 3.883846362456731816e-02 3.993727184771433958e-02 0.000000000000000000e+00 0.000000000000000000e+00 9.902558368341679573e-02 6.437106735701100813e-02
7.450000000000000000e+02 6.792315946964380680e-02 1.836246912564533373e-01 0.000000000000000000e+00 0.000000000000000000e+00 1.478645285956954880e-01 1.552978223686271031e-01
7.500000000000000000e+02 2.847706539624620392e-01 1.609890991863437426e-01 0.000000000000000000e+00 0.000000000000000000e+00 1.083824815779011325e-01 8.350332567342136358e-02
7.550000000000000000e+02 2.417082413869202639e-01 1.545546912332899370e-01 0.000000000000000000e+00 0.000000000000000000e+00 9.406459775764723641e-02 8.089014332953139985e-02
7.600000000000000000e+02 1.794672062900573017e-01 1.193432887618208066e-01 0.000000000000000000e+00 0.000000000000000000e+00 1.354687952537916573e-01 1.313593645307126190e-01
7.650000000000000000e+02 6.988767666821585345e-02 1.949014365715877051e-01 0.000000000000000000e+00 0.000000000000000000e+00 6.279805555617502810e-02 1.123682828072048029e-01
7.700000000000000000e+02 1.585472896164900891e-02 1.563239225387527687e-01 0.000000000000000000e+00 0.000000000000000000e+00 1.317311636706017773e-02 1.422177508350482567e-01
7.750000000000000000e+02 2.271887436722662412e-02 2.225556899335993655e-01 0.000000000000000000e+00 0.000000000000000000e+00 1.455160561801021983e-02 1.477421522847930380e-01
7.800000000000000000e+02 4.514415610235635729e-02 1.549141633460235368e-01 0.000000000000000000e+00 0.000000000000000000e+00 7.325928527243243116e-02 1.381791855835662053e-01
7.850000000000000000e+02 7.180341392631899022e-02 1.710390725724854899e-01 0.000000000000000000e+00 0.000000000000000000e+00 1.752293896572555409e-01 8.745039874724554185e-02
7.900000000000000000e+02 1.204963407797066538e-01 9.983255627732851717e-03 0.000000000000000000e+00 0.000000000000000000e+00 9.483868305942549926e-02 7.894071241298869501e-02
7.950000000000000000e+02 2.231636190584052881e-01 1.344860545791113082e-01 1.000000000000000000e+00 0.000000000000000000e+00 7.609251230749249084e-02 8.421788871774206486e-02
8.000000000000000000e+02 1.855282248535255474e-01 3.206569183587174021e-01 1.000000000000000000e+00 0.000000000000000000e+00 6.023891460443322327e-02 1.315762402749870719e-01
8.050000000000000000e+02 6.274983932995717613e-03 3.938843672666481055e-01 0.000000000000000000e+00 1.000000000000000000e+00 1.064134058961349084e-02 6.685868183962269395e-02
8.100000000000000000e+02 5.566105622958343602e-02 3.599383022625655959e-02 0.000000000000000000e+00 0.000000000000000000e+00 3.705054973516765104e-02 1.308643794154872586e-01
8.150000000000000000e+02 9.227458401632901430e-02 1.548081562054904881e-01 0.000000000000000000e+00 0.000000000000000000e+00 7.165173420536280480e-02 1.857209692673331691e-01
8.200000000000000000e+02 1.602457999425823398e-01 2.282664589255178900e-01 0.000000000000000000e+00 0.000000000000000000e+00 1.590002765600423418e-01 1.418112026381735946e-01
8.250000000000000000e+02 1.325902718583805429e-01 1.300102750322696121e-01 0.000000000000000000e+00 0.000000000000000000e+00 1.108477282834561956e-01 7.326727101483840321e-02
8.300000000000000000e+02 0.000000000000000000e+00 8.298719118890490742e-03 0.000000000000000000e+00 0.000000000000000000e+00 0.000000000000000000e+00 1.342804037364214026e-02
8.350000000000000000e+02 1.301796602037917361e-01 2.727708016124163332e-02 0.000000000000000000e+00 0.000000000000000000e+00 9.285737570939579799e-02 6.459692954656919006e-02
8.400000000000000000e+02 4.125411492525950241e-02 6.803783687880363140e-02 0.000000000000000000e+00 0.000000000000000000e+00 2.187504447428320273e-02 1.208646239748310397e-01
8.450000000000000000e+02 2.465264075361765506e-01 3.838204071876662460e-01 0.000000000000000000e+00 1.000000000000000000e+00 1.544139112820856474e-01 8.993168526220003678e-02
8.500000000000000000e+02 0.000000000000000000e+00 5.985154133449497454e-02 0.000000000000000000e+00 0.000000000000000000e+00 0.000000000000000000e+00 9.917918725530658342e-02
8.550000000000000000e+02 2.413791489927340217e-01 9.132982164778180242e-03 1.000000000000000000e+00 0.000000000000000000e+00 8.136963924841006390e-02 2.756276930892346058e-02
8.600000000000000000e+02 1.813169430219525868e-01 2.112306371696894003e-01 0.000000000000000000e+00 0.000000000000000000e+00 1.076930294562534751e-01 1.205733143026358339e-01
8.650000000000000000e+02 5.871096104752680789e-02 9.505868328767494435e-02 0.000000000000000000e+00 0.000000000000000000e+00 6.989054569876551604e-02 1.286495146193878669e-01
8.700000000000000000e+02 2.199179158488299701e-01 0.000000000000000000e+00 0.000000000000000000e+00 0.000000000000000000e+00 1.211398237719525373e-01 0.000000000000000000e+00
8.750000000000000000e+02 2.795841953875794731e-04 1.686671763449942296e-01 0.000000000000000000e+00 0.000000000000000000e+00 2.532084215449061787e-03 6.263853854619746975e-02
8.800000000000000000e+02 1.051529760352243603e-01 2.145533980404192298e-01 0.000000000000000000e+00 1.000000000000000000e+00 1.281659380911165380e-01 6.875154679648251554e-02
8.850000000000000000e+02 1.744589474230149595e-01 2.752009952402340032e-02 0.000000000000000000e+00 0.000000000000000000e+00 1.157878931019646895e-01 1.794065349982754687e-01
8.900000000000000000e+02 1.757040168235254191e-02 3.531014562595754525e-01 0.000000000000000000e+00 0.000000000000000000e+00 5.506651413875091050e-02 1.515650491094606145e-01
8.950000000000000000e+02 2.153537425149955331e-01 3.229510116007075493e-02 0.000000000000000000e+00 0.000000000000000000e+00 1.267449170021097138e-01 4.214832349015314172e-02
9.000000000000000000e+02 5.167438413752097059e-02 1.144563827120534255e-01 0.000000000000000000e+00 0.000000000000000000e+00 1.050356304827980564e-01 6.919711656322147242e-02
9.050000000000000000e+02 2.292582461748930156e-01 7.014033506333813839e-02 0.000000000000000000e+00 0.000000000000000000e+00 1.500280209406697762e-01 1.151310634213206230e-01
9.100000000000000000e+02 3.041027070712532671e-02 9.178957552661044794e-02 0.000000000000000000e+00 0.000000000000000000e+00 1.330777521374464367e-01 9.567859790340486892e-02
9.150000000000000000e+02 2.010118395449083661e-01 7.850968287352410799e-03 1.000000000000000000e+00 0.000000000000000000e+00 5.514247558122785386e-02 1.436843173859154721e-01
9.200000000000000000e+02 1.227989622444687276e-02 1.006992328054649305e-01 0.000000000000000000e+00 0.000000000000000000e+00 1.623065672978231122e-01 1.351634901418009849e-01
9.250000000000000000e+02 9.417004214650682992e-02 1.574235558127789758e-01 0.000000000000000000e+00 0.000000000000000000e+00 1.193029096999704830e-01 1.373150138707147638e-01
9.300000000000000000e+02 1.886940956997545660e-01 2.989630690998908991e-01 0.000000000000000000e+00 1.000000000000000000e+00 7.374761675986415965e-02 7.423195420819334034e-02
9.350000000000000000e+02 3.204154278960770789e-04 2.401160794835807410e-01 0.000000000000000000e+00 1.000000000000000000e+00 2.507467797891205132e-03 6.036257023051917053e-02
9.400000000000000000e+02 9.985047254156095842e-02 4.095519124384398857e-02 0.000000000000000000e+00 0.000000000000000000e+00 9.099165868193014040e-02 9.127819113848911758e-02
9.450000000000000000e+02 3.390629660642317106e-02 2.208458741625768940e-01 0.000000000000000000e+00 0.000000000000000000e+00 6.425435963926676153e-02 1.154445550132912751e-01
9.500000000000000000e+02 2.185535114821348102e-01 2.202954089610058008e-01 0.000000000000000000e+00 0.000000000000000000e+00 1.255463804721350940e-01 1.066414780554865022e-01
9.550000000000000000e+02 1.059295291332331412e-01 2.043848440400412303e-01 0.000000000000000000e+00 0.000000000000000000e+00 1.301243827698913558e-01 9.024267846703004636e-02
9.600000000000000000e+02 2.022189888919425083e-01 8.975085297233917347e-02 0.000000000000000000e+00 0.000000000000000000e+00 8.762622761385792380e-02 6.856826655656092506e-02
9.650000000000000000e+02 1.426156451580577189e-01 2.858163163739979029e-01 0.000000000000000000e+00 0.000000000000000000e+00 1.309132547924066470e-01 1.176970908074684297e-01
9.700000000000000000e+02 5.961069552701311197e-04 1.134012360065571601e-01 0.000000000000000000e+00 0.000000000000000000e+00 1.816996267436329351e-03 7.097364051315341316e-02
9.750000000000000000e+02 0.000000000000000000e+00 6.125764013006085307e-02 0.000000000000000000e+00 0.000000000000000000e+00 0.000000000000000000e+00 1.320976273128226519e-01
9.800000000000000000e+02 7.144125827448939703e-02 3.196609293878281410e-01 0.000000000000000000e+00 1.000000000000000000e+00 1.265609091498164918e-01 1.062073648974839052e-01
9.850000000000000000e+02 2.196941936748805779e-01 2.175512638201086146e-01 0.000000000000000000e+00 0.000000000000000000e+00 1.003838572469666623e-01 1.136951205042999041e-01
9.900000000000000000e+02 3.269082154852522015e-02 2.651148672890621949e-01 0.000000000000000000e+00 1.000000000000000000e+00 1.406562738725003481e-01 8.789103353272663399e-02
9.950000000000000000e+02 1.676440023327525342e-01 2.231263944221367201e-01 1.000000000000000000e+00 0.000000000000000000e+00 5.264354606707789125e-02 1.170115315266163775e-01
