0.000000000000000000e+00 0.000000000000000000e+00 0.000000000000000000e+00 0.000000000000000000e+00 0.000000000000000000e+00 0.000000000000000000e+00 0.000000000000000000e+00
5.000000000000000000e+00 6.072689646164705080e-01 4.924212759871765543e-01 1.000000000000000000e+00 1.000000000000000000e+00 9.327316994718637400e-02 1.339657150717966372e-01
1.000000000000000000e+01 5.087106023131549026e-01 4.971044158548674763e-01 1.000000000000000000e+00 1.000000000000000000e+00 8.321554990195104140e-02 8.222943389305756301e-02
1.500000000000000000e+01 6.260065323106934754e-01 6.255313917763534182e-01 1.000000000000000000e+00 1.000000000000000000e+00 1.108279510774711069e-01 1.379770738357941617e-01
2.000000000000000000e+01 5.493245465700336005e-01 6.768401683713611838e-01 1.000000000000000000e+00 1.000000000000000000e+00 1.371538241191305740e-01 1.507171245021970696e-01
2.500000000000000000e+01 5.883817064678449338e-01 4.151029574342913753e-01 1.000000000000000000e+00 1.000000000000000000e+00 1.521884527166806611e-01 9.218245786653229967e-02
3.000000000000000000e+01 6.647875957264098856e-01 5.425229512861881043e-01 1.000000000000000000e+00 1.000000000000000000e+00 9.155499895398731824e-02 1.191946942319249414e-01
3.500000000000000000e+01 4.531530868428036429e-01 4.840519029320574651e-01 1.000000000000000000e+00 1.000000000000000000e+00 8.318242000466662123e-02 9.630308850865615389e-02
4.000000000000000000e+01 4.245508753874645547e-01 4.208974892151743363e-01 1.000000000000000000e+00 0.000000000000000000e+00 1.460127968014225397e-01 1.608969621544843742e-01
4.500000000000000000e+01 3.405379816799057879e-01 4.706514565004877859e-01 0.000000000000000000e+00 1.000000000000000000e+00 1.436113298643683922e-01 1.018578871857003243e-01
5.000000000000000000e+01 4.080107619685141573e-01 6.129753135517338469e-01 1.000000000000000000e+00 1.000000000000000000e+00 1.322531866198457529e-01 1.015259608803078945e-01
5.500000000000000000e+01 5.131197021967881522e-01 4.664165823684268131e-01 1.000000000000000000e+00 1.000000000000000000e+00 1.177528177856215913e-01 1.307441260524233595e-01
6.000000000000000000e+01 5.694517668307987890e-01 5.017480231180784234e-01 1.000000000000000000e+00 1.000000000000000000e+00 1.709799238705845548e-01 1.426127924134187597e-01
6.500000000000000000e+01 4.140629267405267488e-01 6.010428226503028437e-01 1.000000000000000000e+00 1.000000000000000000e+00 1.430453654041895784e-01 1.379133149123367152e-01
7.000000000000000000e+01 3.758106364735937510e-01 5.498804011166591454e-01 1.000000000000000000e+00 1.000000000000000000e+00 9.830931348227207878e-02 1.352810321972344743e-01
7.500000000000000000e+01 3.576979601061867631e-01 4.678241722325456875e-01 1.000000000000000000e+00 1.000000000000000000e+00 9.960985106148066703e-02 1.341588681138291272e-01
8.000000000000000000e+01 3.336625793255161843e-01 3.243181860962743857e-01 1.000000000000000000e+00 1.000000000000000000e+00 8.907634125071003939e-02 1.121775135448038196e-01
8.500000000000000000e+01 3.806814556874386635e-01 5.272791302638484279e-01 1.000000000000000000e+00 1.000000000000000000e+00 1.089283524769048550e-01 1.302858225007097470e-01
9.000000000000000000e+01 6.014584018616260241e-01 3.742425626719082521e-01 1.000000000000000000e+00 0.000000000000000000e+00 1.683067620893502758e-01 2.068783774936948094e-01
9.500000000000000000e+01 5.355160393188648227e-01 4.001193240250782712e-01 1.000000000000000000e+00 0.000000000000000000e+00 1.042475313818938126e-01 1.734351091736028583e-01
1.000000000000000000e+02 2.598861260913322146e-01 3.855600235167989664e-01 1.000000000000000000e+00 1.000000000000000000e+00 9.008191020406226823e-02 1.052528530599754208e-01
1.050000000000000000e+02 3.988181864587241887e-01 3.515413564958890791e-01 1.000000000000000000e+00 1.000000000000000000e+00 9.349499069682568053e-02 7.266857101423296328e-02
1.100000000000000000e+02 4.904982423468080555e-01 5.786608843847189654e-01 1.000000000000000000e+00 1.000000000000000000e+00 1.152744703379276758e-01 1.896089554303614921e-01
1.150000000000000000e+02 4.800760172347118271e-01 4.659223079324513739e-01 1.000000000000000000e+00 1.000000000000000000e+00 1.281998721870200031e-01 1.320613764134286605e-01
1.200000000000000000e+02 3.379788354415377838e-01 3.673268086659827736e-01 0.000000000000000000e+00 0.000000000000000000e+00 1.370295449879319893e-01 1.577617744105450082e-01
1.250000000000000000e+02 4.503187105750359187e-01 3.040250732456457050e-01 1.000000000000000000e+00 1.000000000000000000e+00 1.544599467952958993e-01 8.953804217027191981e-02
1.300000000000000000e+02 5.154922297736727055e-01 5.925161610568421278e-01 1.000000000000000000e+00 1.000000000000000000e+00 1.639635038102866815e-01 1.638971883280048725e-01
1.350000000000000000e+02 6.372010443895805842e-01 4.425815054550422123e-01 1.000000000000000000e+00 1.000000000000000000e+00 1.511754454608031650e-01 1.381648178656949000e-01
1.400000000000000000e+02 6.072868350421261052e-01 3.733428302917504160e-01 1.000000000000000000e+00 0.000000000000000000e+00 1.457925118340750170e-01 1.607477614793723919e-01
1.450000000000000000e+02 3.603459500515266423e-01 5.972376934319263420e-01 0.000000000000000000e+00 1.000000000000000000e+00 1.781718613133574658e-01 1.100679622715659972e-01
1.500000000000000000e+02 4.083896116851036817e-01 4.393285636900953195e-01 0.000000000000000000e+00 1.000000000000000000e+00 1.640527468686712453e-01 6.161596701171927898e-02
1.550000000000000000e+02 3.732121401815726713e-01 4.907133417474095483e-01 1.000000000000000000e+00 1.000000000000000000e+00 9.656868432792474477e-02 1.111705394875078939e-01
1.600000000000000000e+02 4.144147474518695695e-01 4.123308867182368109e-01 0.000000000000000000e+00 1.000000000000000000e+00 1.690120623680043122e-01 1.203244048598027249e-01
1.650000000000000000e+02 4.229937014392404215e-01 5.016707985159615246e-01 1.000000000000000000e+00 1.000000000000000000e+00 8.468552636002465994e-02 1.707211077616857531e-01
1.700000000000000000e+02 2.859566965151106865e-01 4.353768559840028307e-01 0.000000000000000000e+00 0.000000000000000000e+00 1.072349339256327555e-01 1.957123985276664480e-01
1.750000000000000000e+02 3.058809795485561422e-01 4.160092729090319463e-01 0.000000000000000000e+00 1.000000000000000000e+00 1.664080357644086017e-01 1.450290652112447287e-01
1.800000000000000000e+02 3.581466352481053050e-01 4.126706452491212818e-01 1.000000000000000000e+00 0.000000000000000000e+00 8.123469440696746979e-02 1.996561185216391976e-01
1.850000000000000000e+02 4.866701494076955958e-01 2.245844629743346810e-01 1.000000000000000000e+00 0.000000000000000000e+00 1.181100459696039218e-01 1.138985044322113338e-01
1.900000000000000000e+02 2.516207462740350231e-01 2.848100863299645735e-01 0.000000000000000000e+00 1.000000000000000000e+00 1.234646730357310956e-01 7.915372347843092904e-02
1.950000000000000000e+02 3.949915457609739500e-01 3.585583336501702578e-01 1.000000000000000000e+00 0.000000000000000000e+00 1.323587268286162133e-01 1.290593927107550887e-01
2.000000000000000000e+02 3.530828804688749822e-01 3.174105310735013674e-01 1.000000000000000000e+00 0.000000000000000000e+00 1.242687394581320076e-01 1.427007694245210623e-01
2.050000000000000000e+02 2.992073050707282356e-01 3.404077592423303544e-01 0.000000000000000000e+00 0.000000000000000000e+00 1.149438494117236420e-01 1.299529886395637268e-01
2.100000000000000000e+02 3.260190922918174694e-01 1.781449124014948260e-01 1.000000000000000000e+00 0.000000000000000000e+00 1.106024221319109324e-01 1.396483895253350649e-01
2.150000000000000000e+02 3.545952495334288579e-01 6.237207473089715348e-01 1.000000000000000000e+00 1.000000000000000000e+00 1.205911714202151375e-01 1.136326354476144967e-01
2.200000000000000000e+02 4.344249269098721666e-01 3.614504430072641439e-01 1.000000000000000000e+00 1.000000000000000000e+00 7.691039706799704390e-02 1.180729454115493349e-01
2.250000000000000000e+02 3.461920385801081079e-01 4.075842154579284449e-01 0.000000000000000000e+00 1.000000000000000000e+00 1.458300966334842852e-01 1.038862404498853281e-01
2.300000000000000000e+02 4.678449965864669435e-01 3.154927998201710326e-01 1.000000000000000000e+00 0.000000000000000000e+00 1.059803559791405170e-01 1.202521317175329896e-01
2.350000000000000000e+02 4.257649227984887652e-01 4.415891683979567550e-01 1.000000000000000000e+00 1.000000000000000000e+00 1.446814014611111088e-01 9.472099820608141652e-02
2.400000000000000000e+02 4.155982113785484100e-01 2.975250946537115748e-01 0.000000000000000000e+00 1.000000000000000000e+00 1.623130439995598695e-01 9.853405336128179259e-02
2.450000000000000000e+02 4.296079753417070823e-01 3.698225032828995618e-01 1.000000000000000000e+00 0.000000000000000000e+00 1.372730387935567620e-01 1.915260275812897817e-01
2.500000000000000000e+02 4.813351869547354278e-01 1.952655690313884196e-01 1.000000000000000000e+00 0.000000000000000000e+00 1.378421736993348246e-01 1.423277197036948438e-01
2.550000000000000000e+02 4.675990998756704431e-01 4.843634590439805376e-01 1.000000000000000000e+00 1.000000000000000000e+00 7.653658688183638537e-02 8.306463101563073270e-02
2.600000000000000000e+02 2.765905762248230815e-01 4.864809670540163333e-01 0.000000000000000000e+00 1.000000000000000000e+00 1.340358270670932439e-01 1.708277863294397902e-01
2.650000000000000000e+02 4.183828195208828538e-01 1.063122597909634537e-01 1.000000000000000000e+00 0.000000000000000000e+00 1.153761724318811549e-01 7.998293081076805755e-02
2.700000000000000000e+02 6.633652595053300960e-01 3.756400938969202130e-01 1.000000000000000000e+00 0.000000000000000000e+00 1.209962625607895192e-01 1.367760497460588087e-01
2.750000000000000000e+02 2.918237351519383793e-01 3.138493842702384518e-01 1.000000000000000000e+00 1.000000000000000000e+00 9.597450177089433820e-02 6.876568773658227329e-02
2.800000000000000000e+02 1.430312605968228623e-01 2.438746876088600524e-01 0.000000000000000000e+00 0.000000000000000000e+00 1.121230076016502542e-01 8.912756749857699001e-02
2.850000000000000000e+02 4.050939313508530870e-01 3.263284434856152383e-01 1.000000000000000000e+00 0.000000000000000000e+00 1.265029290433606624e-01 1.259088200011781733e-01
2.900000000000000000e+02 4.019042643875748166e-01 3.649790848547055933e-01 1.000000000000000000e+00 1.000000000000000000e+00 1.243325567447334939e-01 5.358735505883970018e-02
2.950000000000000000e+02 2.777516212419998132e-01 2.405491683373905398e-01 0.000000000000000000e+00 0.000000000000000000e+00 1.024042608374254870e-01 9.129571294933673531e-02
3.000000000000000000e+02 3.018894642113030824e-01 1.221864334278150305e-01 0.000000000000000000e+00 0.000000000000000000e+00 1.456986965725517447e-01 1.760444261484687689e-01
3.050000000000000000e+02 2.359748910909289510e-01 2.335475558891064174e-01 0.000000000000000000e+00 0.000000000000000000e+00 1.116059135418871473e-01 1.706231699429022197e-01
3.100000000000000000e+02 5.116751373523915625e-01 3.697644869617172647e-01 1.000000000000000000e+00 1.000000000000000000e+00 1.190734001111046630e-01 9.368746427740670679e-02
3.150000000000000000e+02 2.131935759202768510e-01 3.230350495752438711e-01 0.000000000000000000e+00 1.000000000000000000e+00 1.132074310353606006e-01 1.004806275689908990e-01
3.200000000000000000e+02 1.614299795056401976e-01 3.229895179600887345e-01 0.000000000000000000e+00 0.000000000000000000e+00 1.583547110712243966e-01 1.395332228327326729e-01
3.250000000000000000e+02 2.790657606924725753e-01 1.752597946866013279e-01 0.000000000000000000e+00 0.000000000000000000e+00 1.754165403809671286e-01 1.103879835061878367e-01
3.300000000000000000e+02 1.943331411034568412e-01 3.167245681501543730e-01 0.000000000000000000e+00 1.000000000000000000e+00 9.455098644388534868e-02 1.065226012762507390e-01
3.350000000000000000e+02 5.035874602089507324e-01 2.360412031507226338e-01 1.000000000000000000e+00 1.000000000000000000e+00 1.331198847946675756e-01 6.739334092178410340e-02
3.400000000000000000e+02 3.586622552156929489e-01 3.035440822325135013e-01 1.000000000000000000e+00 0.000000000000000000e+00 1.182816080289897931e-01 1.215674628509484101e-01
3.450000000000000000e+02 1.236070749901744953e-01 5.593400744010466885e-02 0.000000000000000000e+00 0.000000000000000000e+00 1.607884604401619011e-01 1.328018950131302500e-01
3.500000000000000000e+02 2.702283031553490700e-01 2.243552397254360842e-01 0.000000000000000000e+00 0.000000000000000000e+00 1.316487454807717672e-01 1.492895204290554112e-01
3.550000000000000000e+02 3.965422920144928698e-01 1.661357253866698747e-01 1.000000000000000000e+00 1.000000000000000000e+00 1.388734253352230663e-01 4.772904599453879626e-02
3.600000000000000000e+02 2.900647839447524912e-01 1.660051918136177806e-01 1.000000000000000000e+00 0.000000000000000000e+00 6.886010845550354087e-02 7.826643063454756521e-02
3.650000000000000000e+02 3.099302202460195166e-01 1.484453674377701760e-01 0.000000000000000000e+00 0.000000000000000000e+00 1.528044499932674216e-01 9.570485826729939471e-02
3.700000000000000000e+02 2.354934728523271625e-01 9.290095336140136162e-02 0.000000000000000000e+00 0.000000000000000000e+00 8.840775100748958504e-02 9.992377509068213481e-02
3.750000000000000000e+02 1.548003989013194692e-01 2.465958762592272147e-01 0.000000000000000000e+00 0.000000000000000000e+00 1.246454168408013402e-01 1.711959708210916975e-01
3.800000000000000000e+02 1.257091937793089198e-01 3.234809401232209281e-01 0.000000000000000000e+00 1.000000000000000000e+00 1.212283829758365877e-01 1.052010137620431329e-01
3.850000000000000000e+02 1.420605050984490580e-01 1.916931758138957498e-01 0.000000000000000000e+00 0.000000000000000000e+00 1.479271893016321227e-01 1.242642965976388236e-01
3.900000000000000000e+02 3.859784136752911210e-01 3.152956991008932230e-01 0.000000000000000000e+00 0.000000000000000000e+00 1.444741689508687310e-01 1.127188209718906209e-01
3.950000000000000000e+02 2.794014320977560306e-01 3.845764834291431900e-02 0.000000000000000000e+00 0.000000000000000000e+00 9.948106124167220565e-02 8.388423653182011663e-02
4.000000000000000000e+02 1.612814334405774375e-01 2.639263934384365462e-01 0.000000000000000000e+00 0.000000000000000000e+00 9.393137440294695162e-02 1.844493538231193053e-01
4.050000000000000000e+02 1.752751639452834742e-01 2.195679772665522778e-01 0.000000000000000000e+00 0.000000000000000000e+00 9.544590304397822245e-02 1.174618167097091909e-01
4.100000000000000000e+02 1.246408842520353860e-01 2.389397633294635948e-01 0.000000000000000000e+00 0.000000000000000000e+00 9.733275939473377825e-02 1.058382655582349174e-01
4.150000000000000000e+02 3.594615762446659590e-01 2.879194955196071604e-01 1.000000000000000000e+00 0.000000000000000000e+00 1.056901037507665536e-01 2.071741271162470255e-01
4.200000000000000000e+02 1.047221950595324247e-01 1.001408453093087375e-01 0.000000000000000000e+00 0.000000000000000000e+00 8.855766249001162382e-02 7.688430276199710589e-02
4.250000000000000000e+02 1.670842477892095501e-01 1.920833721476466749e-01 0.000000000000000000e+00 0.000000000000000000e+00 1.448332418186761561e-01 1.149158830441838197e-01
4.300000000000000000e+02 7.952517270988516962e-02 3.366637640824178268e-01 0.000000000000000000e+00 1.000000000000000000e+00 3.384417376702809899e-02 1.022196300288867321e-01
4.350000000000000000e+02 2.883319750868497122e-01 3.001313566315961801e-01 0.000000000000000000e+00 1.000000000000000000e+00 1.086293862958426365e-01 7.677318287486323278e-02
4.400000000000000000e+02 2.958606244016285247e-01 1.430611193976201456e-01 0.000000000000000000e+00 0.000000000000000000e+00 1.208214334268412488e-01 8.206916264634153690e-02
4.450000000000000000e+02 3.100030486014471176e-01 1.776453572632777089e-01 0.000000000000000000e+00 0.000000000000000000e+00 1.522180808926854312e-01 1.089849649006222332e-01
4.500000000000000000e+02 4.936046759960416308e-01 1.892703152063309191e-01 1.000000000000000000e+00 0.000000000000000000e+00 1.269455158356481428e-01 1.153568978591599237e-01
4.550000000000000000e+02 2.279663367834050547e-01 3.156095632133317230e-01 0.000000000000000000e+00 0.000000000000000000e+00 1.149606305584457838e-01 1.592779047925968472e-01
4.600000000000000000e+02 1.892603879904217468e-01 2.764884719728631923e-01 0.000000000000000000e+00 0.000000000000000000e+00 1.192603535999853803e-01 1.072727643985193630e-01
4.650000000000000000e+02 1.862239462110413246e-01 1.852182683966553112e-01 0.000000000000000000e+00 0.000000000000000000e+00 9.405136728800017609e-02 1.594609439551709640e-01
4.700000000000000000e+02 2.660484159024953388e-01 2.067554600209572935e-01 0.000000000000000000e+00 0.000000000000000000e+00 9.556432177651993931e-02 1.333691227781756694e-01
4.750000000000000000e+02 2.751341436579359256e-01 3.121582667026711055e-01 1.000000000000000000e+00 0.000000000000000000e+00 7.130161150104147305e-02 1.814494552839403529e-01
4.800000000000000000e+02 3.950888079229631367e-01 2.753689331869282331e-01 1.000000000000000000e+00 0.000000000000000000e+00 1.298462352345731985e-01 1.451352953040642157e-01
4.850000000000000000e+02 5.167010176574136221e-02 2.578545293580244424e-01 0.000000000000000000e+00 0.000000000000000000e+00 8.665393734351529986e-02 9.983966568130323016e-02
4.900000000000000000e+02 1.532687943040393075e-01 1.279435490651233687e-01 0.000000000000000000e+00 0.000000000000000000e+00 8.748356848906602146e-02 9.550230042624933968e-02
4.950000000000000000e+02 2.064117870166365110e-01 1.917793133730546773e-01 1.000000000000000000e+00 0.000000000000000000e+00 6.918322708636165386e-02 1.556440598141398401e-01
5.000000000000000000e+02 2.498377094508941743e-01 2.341999723831581781e-01 0.000000000000000000e+00 0.000000000000000000e+00 1.023654674525194958e-01 1.039040712120565813e-01
5.050000000000000000e+02 1.591922139660465751e-01 3.304633019607577937e-01 0.000000000000000000e+00 0.000000000000000000e+00 1.730390584273165944e-01 1.342670579083042881e-01
5.100000000000000000e+02 2.237949261095923403e-01 1.295570400566474489e-01 0.000000000000000000e+00 0.000000000000000000e+00 1.780440392404107619e-01 8.793267027877219033e-02
5.150000000000000000e+02 1.698188479349925784e-01 1.635419417419831101e-02 0.000000000000000000e+00 0.000000000000000000e+00 1.080522325725651878e-01 1.451908827220673229e-02
5.200000000000000000e+02 1.223320018153159772e-01 1.826820254985392356e-02 0.000000000000000000e+00 0.000000000000000000e+00 1.142064950699279713e-01 2.532185877852938596e-02
5.250000000000000000e+02 1.244904270263337553e-01 3.039741371996867447e-01 0.000000000000000000e+00 0.000000000000000000e+00 8.877377979233694316e-02 2.127901830905926939e-01
5.300000000000000000e+02 2.081445318203306027e-01 2.281708097001172997e-01 0.000000000000000000e+00 0.000000000000000000e+00 1.118646489364533286e-01 1.205355846431675620e-01
5.350000000000000000e+02 4.421397166145332042e-02 8.746902412253000636e-02 0.000000000000000000e+00 0.000000000000000000e+00 1.454527327312374330e-01 1.542444925328132488e-01
5.400000000000000000e+02 1.090974508123199599e-01 2.320009513149189906e-01 0.000000000000000000e+00 0.000000000000000000e+00 1.251247259799471712e-01 9.293124156572744876e-02
5.450000000000000000e+02 2.333505437637330981e-01 2.564256565841707136e-01 0.000000000000000000e+00 0.000000000000000000e+00 1.266785310917744045e-01 1.392226490701430897e-01
5.500000000000000000e+02 1.754527056987000289e-01 1.580306269364558092e-01 1.000000000000000000e+00 0.000000000000000000e+00 6.207712587551909161e-02 1.578716372235477172e-01
5.550000000000000000e+02 8.733119849960196968e-02 1.335032793582170349e-02 0.000000000000000000e+00 0.000000000000000000e+00 9.498311825071374670e-02 4.620726137876009221e-02
5.600000000000000000e+02 1.634715682779455115e-01 3.588448367401390615e-01 1.000000000000000000e+00 1.000000000000000000e+00 5.309251784923926798e-02 1.118661900218942545e-01
5.650000000000000000e+02 3.415873639014348206e-02 3.396669811846803055e-01 0.000000000000000000e+00 1.000000000000000000e+00 8.186386554501778878e-02 8.319676065688955124e-02
5.700000000000000000e+02 1.855633718447590730e-01 1.180109785516657989e-01 0.000000000000000000e+00 0.000000000000000000e+00 1.200724984174651733e-01 1.650002655262587659e-01
5.750000000000000000e+02 0.000000000000000000e+00 1.982634468953238804e-01 0.000000000000000000e+00 0.000000000000000000e+00 0.000000000000000000e+00 9.368256293503526844e-02
5.800000000000000000e+02 2.234557022109516511e-01 2.274467391586461607e-01 0.000000000000000000e+00 0.000000000000000000e+00 9.798874169720811489e-02 1.057700295238931804e-01
5.850000000000000000e+02 2.062371062320854098e-01 1.838989539924089645e-01 0.000000000000000000e+00 0.000000000000000000e+00 1.130545858984711438e-01 1.054892460680640492e-01
5.900000000000000000e+02 1.728147389132490552e-01 3.877955752630625474e-02 0.000000000000000000e+00 0.000000000000000000e+00 9.763808767701176450e-02 1.259523526923488901e-01
5.950000000000000000e+02 3.095345462052128196e-02 2.807068865321887263e-01 0.000000000000000000e+00 0.000000000000000000e+00 2.211377602806492704e-02 1.475593041204382172e-01
6.000000000000000000e+02 3.534673402578429324e-01 4.442806276673992305e-01 1.000000000000000000e+00 1.000000000000000000e+00 1.138312926552476206e-01 1.138092583498544474e-01
6.050000000000000000e+02 1.218494555729758011e-01 2.242010565769406161e-01 0.000000000000000000e+00 0.000000000000000000e+00 1.034956332320710604e-01 1.201319146459466081e-01
6.100000000000000000e+02 1.113236186248773019e-01 1.812427995750260368e-01 0.000000000000000000e+00 0.000000000000000000e+00 6.702688130181275183e-02 1.091933195111551153e-01
6.150000000000000000e+02 1.803628957871409588e-01 2.199683420278761847e-01 0.000000000000000000e+00 0.000000000000000000e+00 1.221682834967131592e-01 1.305289419374033033e-01
6.200000000000000000e+02 2.425383125854068678e-01 1.871008557521942062e-01 0.000000000000000000e+00 0.000000000000000000e+00 1.158008836252535506e-01 8.735829642687818752e-02
6.250000000000000000e+02 2.056397936581285946e-01 2.139301446197165169e-01 0.000000000000000000e+00 0.000000000000000000e+00 1.104863709670282634e-01 1.281479339634278292e-01
6.300000000000000000e+02 1.297189566368438518e-01 3.227642432798035754e-01 0.000000000000000000e+00 0.000000000000000000e+00 1.079847655427522285e-01 1.197650494321322590e-01
6.350000000000000000e+02 3.818241727692997523e-02 1.519904336374103271e-01 0.000000000000000000e+00 0.000000000000000000e+00 7.227156938474832426e-02 1.364773256266043622e-01
6.400000000000000000e+02 1.824197535985550760e-04 3.472411201781954171e-01 0.000000000000000000e+00 0.000000000000000000e+00 4.139853636482442902e-03 1.351842412417282868e-01
6.450000000000000000e+02 2.307363794550493785e-01 3.015037932988717251e-01 1.000000000000000000e+00 0.000000000000000000e+00 6.676258979718004138e-02 1.903412502606408874e-01
6.500000000000000000e+02 2.756526844170797963e-01 9.124407015456718895e-02 0.000000000000000000e+00 0.000000000000000000e+00 1.053695351644004935e-01 6.979251772652371455e-02
6.550000000000000000e+02 1.476065734963266651e-02 1.521231914562191367e-01 0.000000000000000000e+00 0.000000000000000000e+00 6.414153370425879075e-02 1.292982289225837467e-01
6.600000000000000000e+02 6.707589609545963616e-02 1.013302117406263969e-01 0.000000000000000000e+00 0.000000000000000000e+00 8.972758540274136663e-02 7.369937445787812236e-02
6.650000000000000000e+02 9.613944942324632870e-02 3.621449773873088862e-01 0.000000000000000000e+00 0.000000000000000000e+00 1.182478411045926464e-01 1.433545309959384506e-01
6.700000000000000000e+02 7.070069772145130826e-03 1.720006665317038580e-02 0.000000000000000000e+00 0.000000000000000000e+00 7.875749484332655176e-03 1.320253869129497104e-01
6.750000000000000000e+02 1.628441704238084986e-01 5.410054813382667721e-02 0.000000000000000000e+00 0.000000000000000000e+00 9.867926153125237965e-02 7.275180654611428099e-02
6.800000000000000000e+02 1.631628109603204535e-01 3.302174635849513401e-02 0.000000000000000000e+00 0.000000000000000000e+00 7.526071335718968747e-02 1.501965743724536784e-01
6.850000000000000000e+02 1.370664959678162265e-01 6.122498360424313141e-02 0.000000000000000000e+00 0.000000000000000000e+00 7.591449438559701168e-02 1.423969741320523230e-01
6.900000000000000000e+02 1.917519171841471637e-01 1.650957301825294044e-01 0.000000000000000000e+00 0.000000000000000000e+00 1.437377227355008946e-01 1.148905273885844208e-01
6.950000000000000000e+02 1.521744150260963824e-01 6.285875901108874120e-02 1.000000000000000000e+00 0.000000000000000000e+00 5.284897846605855765e-02 3.733805402759754477e-02
7.000000000000000000e+02 8.256380772237811860e-02 1.671129997418086544e-01 0.000000000000000000e+00 0.000000000000000000e+00 5.898447803024449432e-02 1.082402020744883259e-01
7.050000000000000000e+02 1.267436964959580137e-01 2.470390215694407698e-01 0.000000000000000000e+00 0.000000000000000000e+00 1.503251435442194417e-01 9.552940082449248860e-02
7.100000000000000000e+02 4.051344987186601965e-01 2.636018109010135335e-01 1.000000000000000000e+00 0.000000000000000000e+00 1.191169397627673265e-01 1.036120333012560818e-01
7.150000000000000000e+02 2.203332216009951799e-02 1.847415256080691126e-01 0.000000000000000000e+00 0.000000000000000000e+00 1.588327897364841951e-02 1.222863418240825312e-01
7.200000000000000000e+02 2.133679544392649841e-01 2.538002242219069421e-02 1.000000000000000000e+00 0.000000000000000000e+00 7.033561687629336090e-02 9.706786768436208301e-02
7.250000000000000000e+02 5.713419311829159852e-02 2.023619106220301833e-01 0.000000000000000000e+00 0.000000000000000000e+00 1.282881896073793104e-01 1.052035253940081377e-01
7.300000000000000000e+02 1.748145994161525996e-01 2.525253540190778700e-03 0.000000000000000000e+00 0.000000000000000000e+00 1.433408845804499121e-01 2.647976730114025030e-03
7.350000000000000000e+02 5.158170544521192141e-02 1.261611382536526604e-01 0.000000000000000000e+00 0.000000000000000000e+00 1.571713513865195255e-01 1.523805382481694115e-01
7.400000000000000000e+02 1.264878025279526086e-01 9.454374000334191119e-02 0.000000000000000000e+00 0.000000000000000000e+00 5.474505716129363792e-02 1.395054177757167890e-01
7.450000000000000000e+02 2.177908193429596295e-01 1.147584148323642916e-01 0.000000000000000000e+00 0.000000000000000000e+00 1.156077193725403851e-01 1.138161790329364487e-01
7.500000000000000000e+02 2.506758993885568887e-01 2.094957846712723892e-01 0.000000000000000000e+00 0.000000000000000000e+00 1.349226304423862544e-01 1.693861471612047032e-01
7.550000000000000000e+02 6.659724281691921377e-02 1.849934905849201505e-01 0.000000000000000000e+00 0.000000000000000000e+00 1.165294189564791694e-01 1.012121329570017658e-01
7.600000000000000000e+02 1.988185944532729343e-01 1.923314593481786350e-01 0.000000000000000000e+00 0.000000000000000000e+00 1.108530897766313028e-01 9.580831292529354282e-02
7.650000000000000000e+02 1.335318115740580791e-01 1.686896382896155289e-01 0.000000000000000000e+00 0.000000000000000000e+00 1.035469805431943335e-01 8.544497184387138400e-02
7.700000000000000000e+02 1.325218871814291821e-01 7.057317937429942456e-02 0.000000000000000000e+00 0.000000000000000000e+00 7.708697900787454815e-02 8.200886848477927094e-02
7.750000000000000000e+02 1.990804403075105422e-01 2.036862155909739125e-01 0.000000000000000000e+00 0.000000000000000000e+00 1.389923817661485039e-01 1.050152462220976801e-01
7.800000000000000000e+02 1.975552186742631500e-01 6.859516176498144102e-02 0.000000000000000000e+00 0.000000000000000000e+00 8.674211573299603351e-02 1.075714859527870937e-01
7.850000000000000000e+02 1.538561376779826184e-01 2.420563314293104340e-01 0.000000000000000000e+00 0.000000000000000000e+00 8.340085688040983769e-02 1.076596550979458805e-01
7.900000000000000000e+02 2.877487293142461100e-01 1.951966198211361331e-02 1.000000000000000000e+00 0.000000000000000000e+00 7.355839926293322728e-02 1.106693046415836018e-01
7.950000000000000000e+02 3.082990542878619178e-01 1.275991000338542736e-01 1.000000000000000000e+00 0.000000000000000000e+00 9.049849856569670836e-02 8.300961165222653371e-02
8.000000000000000000e+02 1.410234824067698178e-01 1.618541785696734903e-01 0.000000000000000000e+00 1.000000000000000000e+00 1.304111064031359402e-01 5.726768660334553840e-02
8.050000000000000000e+02 1.092007546164683873e-01 1.563724689828283609e-01 0.000000000000000000e+00 0.000000000000000000e+00 6.981470481034376951e-02 1.024707373955827810e-01
8.100000000000000000e+02 1.303798566808414550e-01 1.162736714275551808e-01 0.000000000000000000e+00 0.000000000000000000e+00 5.677187388456361727e-02 9.142822220453289406e-02
8.150000000000000000e+02 0.000000000000000000e+00 2.853094415767165049e-01 0.000000000000000000e+00 0.000000000000000000e+00 0.000000000000000000e+00 1.488688953011356453e-01
8.200000000000000000e+02 3.168212697312924320e-01 1.549303158773289724e-01 0.000000000000000000e+00 0.000000000000000000e+00 1.391164515102943922e-01 7.272708752195838899e-02
8.250000000000000000e+02 3.704796745030083244e-02 2.783574456326884938e-01 0.000000000000000000e+00 0.000000000000000000e+00 7.534631413818100587e-02 1.079514928694836201e-01
8.300000000000000000e+02 1.956535808917906072e-01 0.000000000000000000e+00 0.000000000000000000e+00 0.000000000000000000e+00 9.007426936066489920e-02 0.000000000000000000e+00
8.350000000000000000e+02 9.143158823685170822e-04 2.882004952517978197e-03 0.000000000000000000e+00 0.000000000000000000e+00 2.871618532743437299e-02 1.756529111403503512e-02
8.400000000000000000e+02 1.087168743686253158e-01 1.757594004451846215e-01 0.000000000000000000e+00 0.000000000000000000e+00 6.394975636215824433e-02 1.389011549713278504e-01
8.450000000000000000e+02 1.276497207668042810e-01 1.629737555406586269e-01 0.000000000000000000e+00 0.000000000000000000e+00 1.455504139622010307e-01 6.201484439162525258e-02
8.500000000000000000e+02 1.337887428157997216e-01 1.586871413510414774e-01 0.000000000000000000e+00 0.000000000000000000e+00 1.724709118004874586e-01 1.496612735799643379e-01
8.550000000000000000e+02 1.441803591961409170e-01 4.691700134148414636e-02 0.000000000000000000e+00 0.000000000000000000e+00 1.370992770313383402e-01 9.417209326667477787e-02
8.600000000000000000e+02 2.108735983710939565e-01 1.499357337828510217e-01 0.000000000000000000e+00 0.000000000000000000e+00 1.276237479781761330e-01 7.616436592245477699e-02
8.650000000000000000e+02 5.870855767923429530e-02 1.726901344808284278e-01 0.000000000000000000e+00 0.000000000000000000e+00 6.854788105948804444e-02 7.168700931265571674e-02
8.700000000000000000e+02 1.268672260353262693e-01 2.311074992954228677e-02 0.000000000000000000e+00 0.000000000000000000e+00 8.735746132551359955e-02 4.712277026807117769e-02
8.750000000000000000e+02 8.169879961191892082e-02 1.042244928824017230e-01 0.000000000000000000e+00 0.000000000000000000e+00 5.153875406430810657e-02 1.114246139526532120e-01
8.800000000000000000e+02 1.795699606315720731e-01 2.465224212554801009e-01 0.000000000000000000e+00 0.000000000000000000e+00 9.601667754847527381e-02 1.289113052222585210e-01
8.850000000000000000e+02 1.215830854565325553e-01 7.114071520818313066e-02 0.000000000000000000e+00 0.000000000000000000e+00 6.872331468894253559e-02 8.053202923186845996e-02
8.900000000000000000e+02 5.141312356827897057e-02 2.572591334816283770e-01 0.000000000000000000e+00 0.000000000000000000e+00 9.063304357409407430e-02 1.255955126919144627e-01
8.950000000000000000e+02 1.581629573832925018e-01 6.574439998417025768e-03 0.000000000000000000e+00 0.000000000000000000e+00 1.138349439121461443e-01 1.405570863639275803e-01
9.000000000000000000e+02 2.841516820973575830e-01 7.342533887511205892e-02 1.000000000000000000e+00 0.000000000000000000e+00 7.151802107990526403e-02 8.626666211649122729e-02
9.050000000000000000e+02 1.986605856067642784e-01 1.157591209837280088e-01 0.000000000000000000e+00 0.000000000000000000e+00 7.343301511908388590e-02 1.250033319494839590e-01
9.100000000000000000e+02 2.567353042092974588e-02 1.706808008958656531e-01 0.000000000000000000e+00 0.000000000000000000e+00 1.683890272711482256e-02 7.992317227365591803e-02
9.150000000000000000e+02 1.335594267982357086e-01 1.050882715413287843e-01 0.000000000000000000e+00 0.000000000000000000e+00 1.013296363928657684e-01 1.473837973498377252e-01
9.200000000000000000e+02 8.588610417530205543e-02 8.989135109238084731e-02 0.000000000000000000e+00 0.000000000000000000e+00 6.162167025403672560e-02 1.024288092799266053e-01
9.250000000000000000e+02 1.129902773963729901e-01 1.421293588777852168e-01 0.000000000000000000e+00 0.000000000000000000e+00 1.041020882067528047e-01 1.607101935645809665e-01
9.300000000000000000e+02 5.980498578725029768e-02 1.127932888428696545e-01 0.000000000000000000e+00 0.000000000000000000e+00 1.396035009697893237e-01 9.865373915899477986e-02
9.350000000000000000e+02 2.510835538597764871e-01 2.288771712289200122e-01 0.000000000000000000e+00 0.000000000000000000e+00 1.293481245942224300e-01 1.089401362661192446e-01
9.400000000000000000e+02 2.138270785748065950e-01 5.825195849954298982e-02 0.000000000000000000e+00 0.000000000000000000e+00 8.244765418765788445e-02 9.624923144814498399e-02
9.450000000000000000e+02 5.418563482656466729e-02 1.486650288195464908e-01 0.000000000000000000e+00 0.000000000000000000e+00 1.511911201091195311e-01 7.876377393426942097e-02
9.500000000000000000e+02 4.332044903521320434e-02 1.905035527000390749e-01 0.000000000000000000e+00 0.000000000000000000e+00 1.493110673416930823e-01 1.627811622773931433e-01
9.550000000000000000e+02 4.867699861893699798e-02 7.990953886756411995e-02 0.000000000000000000e+00 0.000000000000000000e+00 9.655329372011005329e-02 9.977916142257603482e-02
9.600000000000000000e+02 2.959270744138791098e-01 1.306967432741685253e-01 0.000000000000000000e+00 0.000000000000000000e+00 1.238399906607234591e-01 1.400477743787160723e-01
9.650000000000000000e+02 1.271017056235544951e-01 2.626560387246499317e-01 0.000000000000000000e+00 0.000000000000000000e+00 6.165381366407808594e-02 1.076563601849616358e-01
9.700000000000000000e+02 3.767242000227110088e-01 5.187246574421324613e-02 1.000000000000000000e+00 0.000000000000000000e+00 7.128294283794486819e-02 1.324788091960655834e-01
9.750000000000000000e+02 8.709726738202135110e-02 1.171630175468257005e-02 0.000000000000000000e+00 0.000000000000000000e+00 1.190216765283778899e-01 7.551473670532648022e-03
9.800000000000000000e+02 2.772144916534120540e-01 1.728784675548466210e-01 1.000000000000000000e+00 0.000000000000000000e+00 7.739863147637178475e-02 1.101324221355858834e-01
9.850000000000000000e+02 1.958706857753917396e-01 1.389665390830637226e-01 0.000000000000000000e+00 0.000000000000000000e+00 1.054510571168640332e-01 6.247417250560498292e-02
9.900000000000000000e+02 9.102871571486714775e-02 1.487340912625467748e-01 0.000000000000000000e+00 0.000000000000000000e+00 1.270658147499029722e-01 7.549479185213837928e-02
9.950000000000000000e+02 1.174105941703223605e-01 4.864142026865038437e-02 0.000000000000000000e+00 0.000000000000000000e+00 1.410169529995018434e-01 1.130390220344696384e-01
