0.000000000000000000e+00 0.000000000000000000e+00 0.000000000000000000e+00 0.000000000000000000e+00 0.000000000000000000e+00 0.000000000000000000e+00 0.000000000000000000e+00
5.000000000000000000e+00 5.015752915004677570e-01 5.090921738325446810e-01 1.000000000000000000e+00 1.000000000000000000e+00 1.706174156421758348e-01 1.585414982259163996e-01
1.000000000000000000e+01 7.081949145962586067e-01 5.677068240019375045e-01 1.000000000000000000e+00 1.000000000000000000e+00 1.153555603466705631e-01 1.263424885547196619e-01
1.500000000000000000e+01 5.882598062030102160e-01 8.355537766594901550e-01 1.000000000000000000e+00 1.000000000000000000e+00 1.515938136338858544e-01 1.999882589062173255e-01
2.000000000000000000e+01 3.633621312279898818e-01 5.607095304568774363e-01 0.000000000000000000e+00 1.000000000000000000e+00 1.389199325126920515e-01 1.296724402502688056e-01
2.500000000000000000e+01 5.366695456339087844e-01 4.138743263771348380e-01 1.000000000000000000e+00 1.000000000000000000e+00 1.284639051791822417e-01 1.306441164577448744e-01
3.000000000000000000e+01 5.614610957169856587e-01 5.929773371712467878e-01 1.000000000000000000e+00 1.000000000000000000e+00 1.494376927027672441e-01 1.027727324026217748e-01
3.500000000000000000e+01 5.877883505404042364e-01 4.131233419155728726e-01 1.000000000000000000e+00 1.000000000000000000e+00 1.633810189157558213e-01 1.186105938147865441e-01
4.000000000000000000e+01 4.918643603147366261e-01 5.541466573967717135e-01 1.000000000000000000e+00 1.000000000000000000e+00 1.723436950914312704e-01 1.163159676821445415e-01
4.500000000000000000e+01 3.694224137339156555e-01 5.607163456785638767e-01 0.000000000000000000e+00 1.000000000000000000e+00 1.333425492998522865e-01 1.001144793575856340e-01
5.000000000000000000e+01 5.399036228681478589e-01 5.956308679329556099e-01 1.000000000000000000e+00 1.000000000000000000e+00 8.714635899172923361e-02 1.622932608946117683e-01
5.500000000000000000e+01 3.433504198730822354e-01 6.009243771414419788e-01 0.000000000000000000e+00 1.000000000000000000e+00 1.614054842521425726e-01 1.555879080182667185e-01
6.000000000000000000e+01 4.686687397808046995e-01 5.424178056403978765e-01 0.000000000000000000e+00 1.000000000000000000e+00 1.749698848013385988e-01 1.415641272489647218e-01
6.500000000000000000e+01 6.042212036591203539e-01 5.178938329967951448e-01 1.000000000000000000e+00 1.000000000000000000e+00 1.123079258490702614e-01 1.135704546448503272e-01
7.000000000000000000e+01 6.513042096951033866e-01 5.277235791244695440e-01 1.000000000000000000e+00 1.000000000000000000e+00 9.906494356714501404e-02 1.781286298930671863e-01
7.500000000000000000e+01 5.718975944772819453e-01 5.349071054510732282e-01 1.000000000000000000e+00 1.000000000000000000e+00 1.700537518965158368e-01 1.104273006792422240e-01
8.000000000000000000e+01 4.955341982305346837e-01 3.734064517372745473e-01 1.000000000000000000e+00 1.000000000000000000e+00 1.236209918767807031e-01 9.554015904894994082e-02
8.500000000000000000e+01 4.368447994729434680e-01 4.348707078089733002e-01 1.000000000000000000e+00 1.000000000000000000e+00 6.845752569812607602e-02 1.324863855893648745e-01
9.000000000000000000e+01 5.278887502902189777e-01 5.202246926602390742e-01 1.000000000000000000e+00 1.000000000000000000e+00 1.613692438215282299e-01 1.739155021953094071e-01
9.500000000000000000e+01 6.190447566414387648e-01 4.307653521502282645e-01 1.000000000000000000e+00 1.000000000000000000e+00 1.559059050242168065e-01 1.023990273470112983e-01
1.000000000000000000e+02 4.641586975643578472e-01 4.048555803147394494e-01 1.000000000000000000e+00 1.000000000000000000e+00 1.014895582410049180e-01 1.092398466301647275e-01
1.050000000000000000e+02 5.213901488943729623e-01 2.424534508548362444e-01 1.000000000000000000e+00 0.000000000000000000e+00 1.480457513500602340e-01 9.554096716545058821e-02
1.100000000000000000e+02 5.331237400953281469e-01 5.087475332450339671e-01 1.000000000000000000e+00 1.000000000000000000e+00 1.450458727068330289e-01 1.479900883075938867e-01
1.150000000000000000e+02 7.500493397694311115e-01 3.959002876404238425e-01 1.000000000000000000e+00 1.000000000000000000e+00 1.158735126771114066e-01 9.782637307502967117e-02
1.200000000000000000e+02 7.015642484139459345e-01 4.242692296822724307e-01 1.000000000000000000e+00 1.000000000000000000e+00 1.333712287740954072e-01 1.054511860813534541e-01
1.250000000000000000e+02 4.483353619262130385e-01 1.520092938359158541e-01 1.000000000000000000e+00 0.000000000000000000e+00 1.234796026264563112e-01 8.767786548776761169e-02
1.300000000000000000e+02 5.474332581642575857e-01 4.787876031438559887e-01 1.000000000000000000e+00 1.000000000000000000e+00 1.741355219759411488e-01 1.272099706990384438e-01
1.350000000000000000e+02 4.480652012183249933e-01 5.782827652669051410e-01 1.000000000000000000e+00 1.000000000000000000e+00 1.034164371873137894e-01 1.262761181312415382e-01
1.400000000000000000e+02 3.729418517366105412e-01 2.751363404924678235e-01 1.000000000000000000e+00 0.000000000000000000e+00 1.237256883490877313e-01 1.673545038019421394e-01
1.450000000000000000e+02 3.561697523452239111e-01 4.092346191714051895e-01 0.000000000000000000e+00 1.000000000000000000e+00 2.372500597190743132e-01 1.336014623677367896e-01
1.500000000000000000e+02 5.922770217142111493e-01 5.727098344664228735e-01 1.000000000000000000e+00 1.000000000000000000e+00 1.790705298063548501e-01 1.036819063603070246e-01
1.550000000000000000e+02 4.706708164608029987e-01 5.390160765218322547e-01 1.000000000000000000e+00 1.000000000000000000e+00 1.346232579640304905e-01 1.107409488919316176e-01
1.600000000000000000e+02 4.777657587548944096e-01 3.013793708757144252e-01 1.000000000000000000e+00 0.000000000000000000e+00 1.341698153488318779e-01 1.370568061739531607e-01
1.650000000000000000e+02 6.193358232044789968e-01 3.597182662491384408e-01 1.000000000000000000e+00 0.000000000000000000e+00 1.622135372926165053e-01 1.365632125330381863e-01
1.700000000000000000e+02 7.582024843184007601e-01 3.279400768065090510e-01 1.000000000000000000e+00 0.000000000000000000e+00 1.985973667477153592e-01 2.138290679768875546e-01
1.750000000000000000e+02 3.007441942225807519e-01 2.887222135374071796e-01 0.000000000000000000e+00 0.000000000000000000e+00 1.334925808296629768e-01 1.444938840594479357e-01
1.800000000000000000e+02 2.392875624482078689e-01 2.985538745804593441e-01 0.000000000000000000e+00 0.000000000000000000e+00 1.164355146984715483e-01 1.131282026278912223e-01
1.850000000000000000e+02 3.294936803928977254e-01 2.602696282312354503e-01 1.000000000000000000e+00 1.000000000000000000e+00 9.851919961750447985e-02 7.928240297660836544e-02
1.900000000000000000e+02 7.673442103623819843e-01 3.473897472770886563e-01 1.000000000000000000e+00 0.000000000000000000e+00 2.098589195572229671e-01 1.264200399697610333e-01
1.950000000000000000e+02 3.296572558080839155e-01 3.468965309134946495e-01 1.000000000000000000e+00 1.000000000000000000e+00 9.147216199772263689e-02 8.196423472267225230e-02
2.000000000000000000e+02 4.086572504555118224e-01 1.986860608568232212e-01 0.000000000000000000e+00 0.000000000000000000e+00 1.664756526745815035e-01 1.058868042807822041e-01
2.050000000000000000e+02 6.310018938326431570e-01 3.682756026121247750e-01 1.000000000000000000e+00 0.000000000000000000e+00 1.295278238918071423e-01 1.591929207374718769e-01
2.100000000000000000e+02 3.573606040978182241e-01 3.556654459359795406e-01 0.000000000000000000e+00 1.000000000000000000e+00 1.404735763656490832e-01 1.014151291207564670e-01
2.150000000000000000e+02 5.588481274689220957e-01 5.745919413892552896e-01 1.000000000000000000e+00 1.000000000000000000e+00 8.986770925256534759e-02 9.426384998716387520e-02
2.200000000000000000e+02 5.143781438588849175e-01 1.396956602109373502e-01 1.000000000000000000e+00 0.000000000000000000e+00 1.253040466520911889e-01 1.316837795976529835e-01
2.250000000000000000e+02 5.333736552970286260e-01 2.875651228656764813e-01 1.000000000000000000e+00 1.000000000000000000e+00 1.698612315044266685e-01 8.781022530450129093e-02
2.300000000000000000e+02 4.312062134446404960e-01 2.250370015368191035e-01 1.000000000000000000e+00 0.000000000000000000e+00 1.331914305673566057e-01 1.408001512799975652e-01
2.350000000000000000e+02 3.264888703108533852e-01 4.778046281993339472e-01 0.000000000000000000e+00 0.000000000000000000e+00 1.298101570948964056e-01 2.050809256547014570e-01
2.400000000000000000e+02 2.939612202852003309e-01 2.929981671260528109e-01 0.000000000000000000e+00 0.000000000000000000e+00 1.195147364243530630e-01 1.081495931136775002e-01
2.450000000000000000e+02 2.653302449522380035e-01 2.072843739116522477e-01 0.000000000000000000e+00 0.000000000000000000e+00 1.064857036707446553e-01 1.521525622823710622e-01
2.500000000000000000e+02 3.914514370736074111e-01 2.980981139145931214e-01 0.000000000000000000e+00 0.000000000000000000e+00 1.466161944390461103e-01 1.140595960736335845e-01
2.550000000000000000e+02 4.334672154761016749e-01 3.727945380738117986e-01 1.000000000000000000e+00 1.000000000000000000e+00 1.223611002777920120e-01 9.774678643329932914e-02
2.600000000000000000e+02 3.119784021135959540e-01 3.598050672200774902e-01 1.000000000000000000e+00 0.000000000000000000e+00 1.065986453443792670e-01 1.413514558919996555e-01
2.650000000000000000e+02 4.279657349040738024e-01 2.225877497715752773e-01 1.000000000000000000e+00 0.000000000000000000e+00 1.028563433303387314e-01 1.842445257800550407e-01
2.700000000000000000e+02 3.302649608099047507e-01 3.903359736352061682e-01 0.000000000000000000e+00 0.000000000000000000e+00 1.380447796353604928e-01 1.775811622545112878e-01
2.750000000000000000e+02 4.017285019025534920e-01 3.518146768890173526e-01 1.000000000000000000e+00 0.000000000000000000e+00 1.195412795853711824e-01 1.438353464222587863e-01
2.800000000000000000e+02 2.712840220175274930e-01 4.596985010158397555e-01 0.000000000000000000e+00 1.000000000000000000e+00 1.322508832210836371e-01 6.430171614743397657e-02
2.850000000000000000e+02 5.799510716328311055e-01 2.254601904437933402e-01 1.000000000000000000e+00 0.000000000000000000e+00 1.410610578436063689e-01 1.171872630780201041e-01
2.900000000000000000e+02 7.163102112495687290e-01 2.839070745862252165e-01 1.000000000000000000e+00 0.000000000000000000e+00 1.550006243028223818e-01 1.183306264360249466e-01
2.950000000000000000e+02 2.914736013680811477e-01 3.245942405996288249e-01 0.000000000000000000e+00 1.000000000000000000e+00 1.592850718809326049e-01 1.116916809216836476e-01
3.000000000000000000e+02 4.808277150780709275e-01 2.479726028428740070e-01 0.000000000000000000e+00 1.000000000000000000e+00 2.120936293688520380e-01 8.130157677273835981e-02
3.050000000000000000e+02 5.004036888501153246e-01 2.400970344579166638e-01 1.000000000000000000e+00 0.000000000000000000e+00 1.529327608790455317e-01 1.447845232726792941e-01
3.100000000000000000e+02 1.761885994121952792e-01 2.790028888093991077e-01 0.000000000000000000e+00 0.000000000000000000e+00 1.362916815152786509e-01 1.140639716141866461e-01
3.150000000000000000e+02 3.670746209839836904e-01 3.844807216101220337e-01 1.000000000000000000e+00 1.000000000000000000e+00 7.191631089101054031e-02 1.247438908125207829e-01
3.200000000000000000e+02 2.460267419241874975e-01 2.191414897057427369e-01 0.000000000000000000e+00 1.000000000000000000e+00 1.174566201416037681e-01 6.105965335018990331e-02
3.250000000000000000e+02 2.570531822924737031e-01 1.888675812112504404e-01 0.000000000000000000e+00 0.000000000000000000e+00 1.526928645625965086e-01 1.002469635717995605e-01
3.300000000000000000e+02 3.588833765123408681e-01 3.743218160719836707e-01 0.000000000000000000e+00 1.000000000000000000e+00 1.421139768828852401e-01 9.662339526983403093e-02
3.350000000000000000e+02 1.899812944176547114e-01 4.927766964579305409e-01 0.000000000000000000e+00 1.000000000000000000e+00 8.915230466099974271e-02 1.221293663982549321e-01
3.400000000000000000e+02 2.842459120490856694e-01 1.787421367360990110e-01 0.000000000000000000e+00 0.000000000000000000e+00 1.283947114557981439e-01 1.663160839875039432e-01
3.450000000000000000e+02 2.667543142591436434e-01 8.507292843416662531e-02 0.000000000000000000e+00 0.000000000000000000e+00 1.010144447133790868e-01 1.468746393116335536e-01
3.500000000000000000e+02 2.761808531749155859e-01 2.484784185804035095e-01 1.000000000000000000e+00 0.000000000000000000e+00 9.399474855732582734e-02 1.241635931532457660e-01
3.550000000000000000e+02 1.480173475595660815e-01 8.495110906593238143e-02 0.000000000000000000e+00 1.000000000000000000e+00 6.926999504161655830e-02 2.787510775747300759e-02
3.600000000000000000e+02 2.127635227926518713e-01 1.633423152121454280e-01 0.000000000000000000e+00 0.000000000000000000e+00 9.252686328186121578e-02 7.245842373018401839e-02
3.650000000000000000e+02 1.520724541813713304e-01 1.351429920852669220e-01 0.000000000000000000e+00 0.000000000000000000e+00 7.883904696784374555e-02 7.450157076623102614e-02
3.700000000000000000e+02 1.165027723681161254e-01 2.618574646440256504e-01 0.000000000000000000e+00 1.000000000000000000e+00 6.778127980480722070e-02 8.891567029777749931e-02
3.750000000000000000e+02 3.681412112438547934e-01 2.648358618724269697e-01 1.000000000000000000e+00 0.000000000000000000e+00 1.027104377536677549e-01 1.523819340916159060e-01
3.800000000000000000e+02 1.702931156841246962e-01 3.908587185737115721e-01 0.000000000000000000e+00 1.000000000000000000e+00 1.284324978669185713e-01 7.504037191873400015e-02
3.850000000000000000e+02 1.930168558170972659e-01 3.309305910466253109e-01 0.000000000000000000e+00 1.000000000000000000e+00 1.039293504553424757e-01 8.766890414781323970e-02
3.900000000000000000e+02 3.361428119653765423e-01 3.189845768045905805e-01 0.000000000000000000e+00 1.000000000000000000e+00 1.471052474750027816e-01 9.388793813504522912e-02
3.950000000000000000e+02 3.933720027105024886e-01 2.229446092573709459e-01 1.000000000000000000e+00 0.000000000000000000e+00 1.097692837013710676e-01 1.062234794580301234e-01
4.000000000000000000e+02 3.013016309374518253e-01 1.166211028273758110e-01 0.000000000000000000e+00 0.000000000000000000e+00 1.416004908602829238e-01 6.366856606696150167e-02
4.050000000000000000e+02 1.036263831253239481e-01 3.755965760141779519e-01 0.000000000000000000e+00 1.000000000000000000e+00 1.069949570277122647e-01 1.227497596201510277e-01
4.100000000000000000e+02 2.651147573960993542e-01 1.976455362846427921e-01 0.000000000000000000e+00 0.000000000000000000e+00 1.077952628141170821e-01 9.084185764324748114e-02
4.150000000000000000e+02 2.486385874270372331e-01 2.889873374675137052e-01 0.000000000000000000e+00 1.000000000000000000e+00 9.614241731499094390e-02 6.971746455088952132e-02
4.200000000000000000e+02 2.931877753695580346e-01 1.942434827060587899e-01 0.000000000000000000e+00 0.000000000000000000e+00 1.203540777224435115e-01 8.717873347872773238e-02
4.250000000000000000e+02 1.599789567493914988e-01 2.701561364460365322e-01 0.000000000000000000e+00 0.000000000000000000e+00 1.059590519002165943e-01 1.106813440473310428e-01
4.300000000000000000e+02 1.104993092746483774e-01 1.465514692953253373e-01 0.000000000000000000e+00 0.000000000000000000e+00 1.261279525656700817e-01 1.154165065087993103e-01
4.350000000000000000e+02 9.511664984708169401e-02 3.639795550166015636e-01 0.000000000000000000e+00 1.000000000000000000e+00 1.305785705889694892e-01 1.067744177310587794e-01
4.400000000000000000e+02 2.474304657872811730e-01 2.689471965769912876e-01 1.000000000000000000e+00 0.000000000000000000e+00 6.242004747565592371e-02 1.052771052227431808e-01
4.450000000000000000e+02 3.283571949966467840e-01 2.339353730814967558e-01 1.000000000000000000e+00 0.000000000000000000e+00 7.195229195455135618e-02 1.607902211572027895e-01
4.500000000000000000e+02 1.450295896392268524e-01 1.734526201406385582e-01 0.000000000000000000e+00 0.000000000000000000e+00 1.510115385094762119e-01 1.925512263995482198e-01
4.550000000000000000e+02 2.224261405570115147e-01 4.012423994444733744e-01 0.000000000000000000e+00 1.000000000000000000e+00 1.121981740349146245e-01 1.045390570339646830e-01
4.600000000000000000e+02 2.987128673655767286e-01 2.183146101577189968e-01 0.000000000000000000e+00 0.000000000000000000e+00 1.379622599381352954e-01 1.299579189842639537e-01
4.650000000000000000e+02 6.393012537764944381e-02 1.148919497920193739e-01 0.000000000000000000e+00 0.000000000000000000e+00 1.193468559521237149e-01 9.591206055379258855e-02
4.700000000000000000e+02 1.587780225845921156e-01 4.379929921644278856e-01 0.000000000000000000e+00 1.000000000000000000e+00 1.062268146811305436e-01 1.399150814088485351e-01
4.750000000000000000e+02 1.554868927861492722e-01 2.676359706573370190e-01 0.000000000000000000e+00 0.000000000000000000e+00 1.293350732038268391e-01 1.751087173296429211e-01
4.800000000000000000e+02 1.709572101920311948e-01 4.046057496503515094e-01 0.000000000000000000e+00 0.000000000000000000e+00 1.713198362282872811e-01 1.486260422791930436e-01
4.850000000000000000e+02 1.882305608643525807e-01 2.217147722109503172e-01 0.000000000000000000e+00 0.000000000000000000e+00 1.165272017204495580e-01 1.231569635882204250e-01
4.900000000000000000e+02 6.420142712979018396e-02 1.506878098380262376e-01 0.000000000000000000e+00 0.000000000000000000e+00 1.224180554193283615e-01 1.168000933858011486e-01
4.950000000000000000e+02 1.847421172545686552e-01 3.126757757071704225e-01 0.000000000000000000e+00 0.000000000000000000e+00 9.416580183668667170e-02 1.792160237182599813e-01
5.000000000000000000e+02 8.894763136678274229e-02 7.198445200494890672e-02 0.000000000000000000e+00 0.000000000000000000e+00 9.864303313268647788e-02 7.859237874952333669e-02
5.050000000000000000e+02 2.062005202313680619e-01 1.689842876386250248e-01 1.000000000000000000e+00 0.000000000000000000e+00 7.030712627182086893e-02 1.299194119136666270e-01
5.100000000000000000e+02 0.000000000000000000e+00 1.649055468158550433e-02 0.000000000000000000e+00 0.000000000000000000e+00 0.000000000000000000e+00 8.737206298878671951e-02
5.150000000000000000e+02 2.844901539706248261e-01 2.171965150820545087e-01 1.000000000000000000e+00 0.000000000000000000e+00 8.770834132859488264e-02 1.012196770417918557e-01
5.200000000000000000e+02 2.228818234987832159e-01 1.030176472892223305e-01 0.000000000000000000e+00 0.000000000000000000e+00 1.486062770190751114e-01 8.020677492729080815e-02
5.250000000000000000e+02 4.357229711170965657e-03 1.911175206299849383e-01 0.000000000000000000e+00 0.000000000000000000e+00 3.277764077147307924e-03 1.151374107136781400e-01
5.300000000000000000e+02 2.458148517540420241e-01 1.515308586914420053e-01 0.000000000000000000e+00 0.000000000000000000e+00 1.461292675773036842e-01 1.314197965674806234e-01
5.350000000000000000e+02 1.351089775467431975e-01 8.877825057403000708e-02 0.000000000000000000e+00 0.000000000000000000e+00 1.120192961597893666e-01 1.142316768458207232e-01
5.400000000000000000e+02 1.440063760784210944e-01 1.439445558671745284e-01 0.000000000000000000e+00 0.000000000000000000e+00 6.455345864249421861e-02 1.168091377722934865e-01
5.450000000000000000e+02 2.279746098205222837e-01 1.225605990289493630e-01 0.000000000000000000e+00 0.000000000000000000e+00 1.181418092254580970e-01 1.040746497565862433e-01
5.500000000000000000e+02 3.752667682225414858e-02 2.465224837291544180e-01 0.000000000000000000e+00 0.000000000000000000e+00 6.163837441623901126e-02 1.331209492226621549e-01
5.550000000000000000e+02 2.364892290953084925e-02 3.943375858602439846e-03 0.000000000000000000e+00 0.000000000000000000e+00 1.445079127976939271e-01 3.566454226440708784e-03
5.600000000000000000e+02 1.493800041145246782e-01 7.379209400179154166e-02 0.000000000000000000e+00 0.000000000000000000e+00 1.005543483958028783e-01 1.049881986057490946e-01
5.650000000000000000e+02 1.308459736661275463e-01 2.934268101620414182e-01 0.000000000000000000e+00 1.000000000000000000e+00 7.136261162841572858e-02 7.618424870647516611e-02
5.700000000000000000e+02 3.536099707137554254e-03 8.275204985740805541e-02 0.000000000000000000e+00 0.000000000000000000e+00 1.468640413561751387e-02 9.040369162153730209e-02
5.750000000000000000e+02 4.959790714884203255e-02 1.867246539762304758e-01 0.000000000000000000e+00 0.000000000000000000e+00 3.908596858470704538e-02 7.704592191104775445e-02
5.800000000000000000e+02 8.953356079084870411e-02 1.998577785626247938e-01 0.000000000000000000e+00 0.000000000000000000e+00 1.205606084689006124e-01 7.442903574984062465e-02
5.850000000000000000e+02 1.062382828025743298e-01 3.782763029288807588e-02 0.000000000000000000e+00 0.000000000000000000e+00 9.457927689249637226e-02 9.984686411471010992e-02
5.900000000000000000e+02 1.487902269837109749e-02 4.297188771573921123e-02 0.000000000000000000e+00 0.000000000000000000e+00 5.963663418615132439e-02 4.848950724802227052e-02
5.950000000000000000e+02 4.683069444640989426e-02 2.028551810887153084e-01 0.000000000000000000e+00 0.000000000000000000e+00 1.005365781255172508e-01 9.302291820499843100e-02
6.000000000000000000e+02 3.157452346778900631e-01 2.875862340370503589e-01 0.000000000000000000e+00 0.000000000000000000e+00 1.137105027772656457e-01 1.840009814950070155e-01
6.050000000000000000e+02 1.437023885011495458e-02 3.349049397298405895e-01 0.000000000000000000e+00 1.000000000000000000e+00 4.628004819656525437e-02 1.128210421277226622e-01
6.100000000000000000e+02 1.343951284070396025e-02 2.294543222714767183e-01 0.000000000000000000e+00 0.000000000000000000e+00 8.836595391352633500e-03 1.135018196655065564e-01
6.150000000000000000e+02 4.209113040080582346e-02 1.386612174457138059e-02 0.000000000000000000e+00 0.000000000000000000e+00 1.169463274422704174e-01 1.138806978263140202e-01
6.200000000000000000e+02 1.363377316720359167e-01 1.615499645934664608e-01 0.000000000000000000e+00 0.000000000000000000e+00 8.081273758771137516e-02 9.924078463476737610e-02
6.250000000000000000e+02 1.589363600950251948e-02 2.093910865179324787e-01 0.000000000000000000e+00 0.000000000000000000e+00 1.200424224351134689e-01 1.558860601891049191e-01
6.300000000000000000e+02 8.070459359697032542e-02 1.370127604390537490e-01 0.000000000000000000e+00 0.000000000000000000e+00 9.065470277794214493e-02 8.822023244427454336e-02
6.350000000000000000e+02 1.716328520117406733e-02 4.179891812013787622e-02 0.000000000000000000e+00 0.000000000000000000e+00 1.388648681326757825e-02 6.924957083342787867e-02
6.400000000000000000e+02 2.060831514717378354e-01 1.685538810236474894e-01 0.000000000000000000e+00 0.000000000000000000e+00 1.155438857665692792e-01 1.124769862837865786e-01
6.450000000000000000e+02 1.070725720729586578e-01 3.272941744866461056e-01 0.000000000000000000e+00 0.000000000000000000e+00 8.730831241326754422e-02 1.643296006728704184e-01
6.500000000000000000e+02 0.000000000000000000e+00 9.927203268554174453e-02 0.000000000000000000e+00 0.000000000000000000e+00 0.000000000000000000e+00 1.391445800359412954e-01
6.550000000000000000e+02 3.213145965694544914e-01 1.494548148324702508e-01 0.000000000000000000e+00 0.000000000000000000e+00 1.259921634370864962e-01 1.004597793413443824e-01
6.600000000000000000e+02 1.805151720549772743e-01 1.029091521287914118e-01 0.000000000000000000e+00 0.000000000000000000e+00 1.031006087795923593e-01 6.083539981240066591e-02
6.650000000000000000e+02 9.964056342234375863e-02 3.610514568919386824e-01 0.000000000000000000e+00 1.000000000000000000e+00 9.193376453146970273e-02 1.201642943197565455e-01
6.700000000000000000e+02 3.173813916132994795e-01 1.250304112101156551e-01 1.000000000000000000e+00 0.000000000000000000e+00 9.509476120719367875e-02 1.175549108195344944e-01
6.750000000000000000e+02 1.873792039861202352e-01 1.153779301235080962e-01 0.000000000000000000e+00 0.000000000000000000e+00 8.237258530866360673e-02 1.338547790061733467e-01
6.800000000000000000e+02 1.275941137697514660e-01 5.210897257050998987e-02 0.000000000000000000e+00 0.000000000000000000e+00 1.311390796289360339e-01 1.127319948679382511e-01
6.850000000000000000e+02 2.363400324958405130e-01 1.444820636262072466e-01 0.000000000000000000e+00 0.000000000000000000e+00 9.000885194847854653e-02 8.798103657042470604e-02
6.900000000000000000e+02 1.612552396784928399e-01 2.808520054145306477e-01 0.000000000000000000e+00 0.000000000000000000e+00 1.293691484317665008e-01 1.358579871714567511e-01
6.950000000000000000e+02 1.027630614011893345e-01 4.157012508910686716e-02 0.000000000000000000e+00 0.000000000000000000e+00 1.054685291342542658e-01 7.249175018027227690e-02
7.000000000000000000e+02 2.743663869520874821e-01 2.470786272931961014e-01 0.000000000000000000e+00 0.000000000000000000e+00 1.205180379701347865e-01 1.700030390488450338e-01
7.050000000000000000e+02 8.572775761350077961e-02 2.587831035836635762e-01 0.000000000000000000e+00 1.000000000000000000e+00 7.344734812658593182e-02 8.188602692884083822e-02
7.100000000000000000e+02 4.648349409886927408e-02 3.000433337006149226e-01 0.000000000000000000e+00 1.000000000000000000e+00 1.962647549862729934e-01 9.712710743174059191e-02
7.150000000000000000e+02 6.104466762756286663e-02 2.217094588572476044e-01 0.000000000000000000e+00 1.000000000000000000e+00 1.068013645169581111e-01 7.366582122909491603e-02
7.200000000000000000e+02 2.707682052458212918e-01 9.553889102856887028e-02 1.000000000000000000e+00 0.000000000000000000e+00 8.678110953216776335e-02 8.600632002159377953e-02
7.250000000000000000e+02 1.804404118579980287e-01 2.327817536109234309e-01 0.000000000000000000e+00 0.000000000000000000e+00 8.437333800319887778e-02 1.295569400266315119e-01
7.300000000000000000e+02 1.769387387245337229e-01 3.762694095735429067e-02 0.000000000000000000e+00 0.000000000000000000e+00 1.296877213741241819e-01 3.802845687876963560e-02
7.350000000000000000e+02 1.445460475446869453e-01 1.675862893593346725e-01 0.000000000000000000e+00 0.000000000000000000e+00 7.345813193800321272e-02 1.556519930237704463e-01
7.400000000000000000e+02 2.628319048128661128e-01 8.031572923039029255e-02 1.000000000000000000e+00 0.000000000000000000e+00 9.273740157023717401e-02 1.021244798265176917e-01
7.450000000000000000e+02 4.080431276221232334e-02 3.167830211375809168e-02 0.000000000000000000e+00 0.000000000000000000e+00 1.108289918704976340e-01 1.301358685462650211e-01
7.500000000000000000e+02 7.730035639313422025e-02 2.744903146382708381e-01 0.000000000000000000e+00 1.000000000000000000e+00 1.089336655227186035e-01 7.155038053040578550e-02
7.550000000000000000e+02 3.874415346626468581e-01 1.869112856140106582e-01 1.000000000000000000e+00 0.000000000000000000e+00 1.221087441704856169e-01 8.944984309166886804e-02
7.600000000000000000e+02 2.441583583703867133e-01 1.935521671862510396e-01 0.000000000000000000e+00 0.000000000000000000e+00 1.236921439334160572e-01 7.055800181499005674e-02
7.650000000000000000e+02 8.555885897069151480e-02 1.825546436123003935e-01 0.000000000000000000e+00 0.000000000000000000e+00 1.184152976890422010e-01 1.016886624140526663e-01
7.700000000000000000e+02 6.046903121308765117e-02 8.918810660014087066e-02 0.000000000000000000e+00 0.000000000000000000e+00 5.458852805587718904e-02 1.082509358880276301e-01
7.750000000000000000e+02 2.038065178780053832e-01 2.547817277822634896e-01 0.000000000000000000e+00 0.000000000000000000e+00 1.455290019239480759e-01 1.341039652768939994e-01
7.800000000000000000e+02 2.110430128606088918e-01 2.931866975468438996e-02 1.000000000000000000e+00 0.000000000000000000e+00 6.935179915158254382e-02 1.054750472018011337e-01
7.850000000000000000e+02 3.168071838309599597e-01 2.462792776056209887e-01 1.000000000000000000e+00 0.000000000000000000e+00 8.486193004495107273e-02 1.245126611885235546e-01
7.900000000000000000e+02 2.274567162271949883e-01 1.285246117073955974e-01 0.000000000000000000e+00 0.000000000000000000e+00 1.442710212171969264e-01 1.459459079006251714e-01
7.950000000000000000e+02 3.272581578207285902e-01 2.202993947412546505e-01 0.000000000000000000e+00 0.000000000000000000e+00 1.599828591834005498e-01 1.020671366946199893e-01
8.000000000000000000e+02 1.646553115302290815e-01 1.631070755092037250e-01 0.000000000000000000e+00 0.000000000000000000e+00 1.311338150046710838e-01 9.581784358795340795e-02
8.050000000000000000e+02 1.269065162338886277e-01 3.684050048916759357e-01 0.000000000000000000e+00 1.000000000000000000e+00 1.169264096066094522e-01 8.554663701813247645e-02
8.100000000000000000e+02 1.948807110323133862e-01 1.004120568289160742e-01 0.000000000000000000e+00 0.000000000000000000e+00 1.145706656210652430e-01 1.083982827078250749e-01
8.150000000000000000e+02 0.000000000000000000e+00 1.807874743079234681e-01 0.000000000000000000e+00 0.000000000000000000e+00 0.000000000000000000e+00 1.019123069563970252e-01
8.200000000000000000e+02 1.573918151965572887e-01 2.254385049343001213e-01 0.000000000000000000e+00 1.000000000000000000e+00 9.455774344220697902e-02 7.002431823128585364e-02
8.250000000000000000e+02 2.971273478699607562e-01 1.302340654212175985e-01 1.000000000000000000e+00 0.000000000000000000e+00 8.826482862023316001e-02 1.141893690396073857e-01
8.300000000000000000e+02 1.930659237911317994e-01 7.941556934571881044e-04 0.000000000000000000e+00 0.000000000000000000e+00 1.162942197274195871e-01 5.978531639064296743e-03
8.350000000000000000e+02 2.350455568761608272e-01 7.351743869236640472e-02 0.000000000000000000e+00 0.000000000000000000e+00 1.487663117106243216e-01 6.527633492123442738e-02
8.400000000000000000e+02 5.191639663005285371e-02 1.362547338041472655e-01 0.000000000000000000e+00 0.000000000000000000e+00 8.923961062617286055e-02 1.162059941319051881e-01
8.450000000000000000e+02 3.267961791074994737e-01 1.163673366905648987e-01 0.000000000000000000e+00 0.000000000000000000e+00 1.216719135747928865e-01 9.247986654833423303e-02
8.500000000000000000e+02 1.980265262774054125e-01 8.755912203386281845e-02 0.000000000000000000e+00 0.000000000000000000e+00 9.268517882261455287e-02 1.156145295154635128e-01
8.550000000000000000e+02 1.410276226014141321e-01 1.470612408350358523e-02 1.000000000000000000e+00 0.000000000000000000e+00 4.060894597299079950e-02 5.854960311942780833e-03
8.600000000000000000e+02 2.150913923386160997e-01 1.174809557427519274e-01 0.000000000000000000e+00 0.000000000000000000e+00 8.058704268205138521e-02 8.563427034545693928e-02
8.650000000000000000e+02 2.640261965747426887e-01 5.894245545193057406e-02 0.000000000000000000e+00 0.000000000000000000e+00 1.518394921768834727e-01 1.153312967675764050e-01
8.700000000000000000e+02 1.287596115322710288e-01 4.619948377986362459e-02 0.000000000000000000e+00 0.000000000000000000e+00 1.723131092282370880e-01 1.317539653725355031e-01
8.750000000000000000e+02 1.623178393061815716e-01 1.244445798040675621e-01 0.000000000000000000e+00 0.000000000000000000e+00 1.466994410055740827e-01 1.002770666868133820e-01
8.800000000000000000e+02 2.064763839274001145e-01 2.404766998412843360e-01 0.000000000000000000e+00 0.000000000000000000e+00 1.246801252208535188e-01 1.328781897052606908e-01
8.850000000000000000e+02 5.757188983356140849e-02 2.443836923871645639e-01 0.000000000000000000e+00 0.000000000000000000e+00 1.291115269508272267e-01 9.479924313478696463e-02
8.900000000000000000e+02 1.808491367161367269e-01 3.157844560601137940e-01 0.000000000000000000e+00 0.000000000000000000e+00 1.063609416908537220e-01 1.281341799323245656e-01
8.950000000000000000e+02 9.388207716048713181e-02 3.228889906216359656e-02 0.000000000000000000e+00 0.000000000000000000e+00 6.566811349271563236e-02 1.044631389293504548e-01
9.000000000000000000e+02 2.273132810277092852e-01 1.312996504825484634e-01 0.000000000000000000e+00 0.000000000000000000e+00 1.184591140861015746e-01 5.513407496052411677e-02
9.050000000000000000e+02 3.411393392242199063e-01 6.955458741990663829e-02 1.000000000000000000e+00 0.000000000000000000e+00 1.156809857638455008e-01 9.446283793928060557e-02
9.100000000000000000e+02 1.762898656402639708e-01 1.693370692951468581e-01 0.000000000000000000e+00 0.000000000000000000e+00 9.424610924189305572e-02 8.949317357128322437e-02
9.150000000000000000e+02 7.160704900442492471e-02 1.611496855613898105e-01 0.000000000000000000e+00 0.000000000000000000e+00 9.358513532837714477e-02 1.239683226954873402e-01
9.200000000000000000e+02 9.219378786625385958e-02 1.199996591679706182e-01 0.000000000000000000e+00 0.000000000000000000e+00 1.081388040461559591e-01 1.491053107813381795e-01
9.250000000000000000e+02 9.454789059146676000e-02 1.971851777721975729e-01 0.000000000000000000e+00 0.000000000000000000e+00 8.474294077055175012e-02 9.658569361090746375e-02
9.300000000000000000e+02 1.683969843244002285e-01 2.549658665742410846e-01 0.000000000000000000e+00 0.000000000000000000e+00 6.919386240778917230e-02 1.219977755999718388e-01
9.350000000000000000e+02 3.958648096776833103e-02 2.566541099713297580e-01 0.000000000000000000e+00 0.000000000000000000e+00 1.172803450054277774e-01 1.123302432147904456e-01
9.400000000000000000e+02 2.764391274685428640e-02 1.813333895739334678e-01 0.000000000000000000e+00 0.000000000000000000e+00 8.232374628056006449e-02 7.666016792442327532e-02
9.450000000000000000e+02 3.121295548276868947e-01 1.681165400273343380e-01 1.000000000000000000e+00 0.000000000000000000e+00 9.167465551380606092e-02 1.215368702572169890e-01
9.500000000000000000e+02 3.622221552675470857e-01 2.519048981748447380e-01 1.000000000000000000e+00 0.000000000000000000e+00 9.536338634537327996e-02 9.023047270999709490e-02
9.550000000000000000e+02 9.569108179525617763e-02 1.368439600959037716e-01 0.000000000000000000e+00 0.000000000000000000e+00 9.915059006405368969e-02 1.050114822818750404e-01
9.600000000000000000e+02 1.294161951819574330e-01 1.015101438795881911e-01 0.000000000000000000e+00 0.000000000000000000e+00 1.146778387560539736e-01 7.483408591881095251e-02
9.650000000000000000e+02 1.464571188304579219e-01 3.127566773813252321e-01 0.000000000000000000e+00 1.000000000000000000e+00 1.251593364861111335e-01 1.058546061855393100e-01
9.700000000000000000e+02 2.582262818838468865e-01 6.584343408599484249e-02 0.000000000000000000e+00 0.000000000000000000e+00 9.715530459489141180e-02 1.327507416974130772e-01
9.750000000000000000e+02 1.562182370673575460e-01 9.694601468407172684e-02 0.000000000000000000e+00 0.000000000000000000e+00 1.007024156764418643e-01 7.412030336387716301e-02
9.800000000000000000e+02 7.355259652299651896e-02 1.440253462071391932e-01 0.000000000000000000e+00 0.000000000000000000e+00 4.596429552659269530e-02 7.983660862511138268e-02
9.850000000000000000e+02 2.975354739849608299e-01 1.041418987059344603e-01 0.000000000000000000e+00 0.000000000000000000e+00 1.800693848358352056e-01 7.031299377625642444e-02
9.900000000000000000e+02 8.666138838214921397e-03 2.291531793255250360e-01 0.000000000000000000e+00 1.000000000000000000e+00 4.940226866268532420e-03 7.405971824222157274e-02
9.950000000000000000e+02 2.169934843320605322e-01 6.863902750044374723e-02 0.000000000000000000e+00 0.000000000000000000e+00 1.143070849944054779e-01 1.020443805360225081e-01
