0.000000000000000000e+00 0.000000000000000000e+00 0.000000000000000000e+00 0.000000000000000000e+00 0.000000000000000000e+00 0.000000000000000000e+00 0.000000000000000000e+00
5.000000000000000000e+00 3.976181692054677197e-01 1.684526793334096828e-01 0.000000000000000000e+00 0.000000000000000000e+00 1.669446912983691689e-01 2.056288132553841796e-01
1.000000000000000000e+01 5.249122397709984345e-01 4.965827524037456087e-01 1.000000000000000000e+00 1.000000000000000000e+00 1.465610154301077439e-01 1.084056323867269439e-01
1.500000000000000000e+01 3.721092534980899869e-01 5.017284793420224709e-01 1.000000000000000000e+00 0.000000000000000000e+00 1.148043670477528061e-01 1.782547128792917046e-01
2.000000000000000000e+01 4.799847694222125760e-01 2.675925416572925153e-01 1.000000000000000000e+00 0.000000000000000000e+00 1.133147860433467990e-01 1.058896551695979044e-01
2.500000000000000000e+01 5.561654379838480988e-01 2.065358125547521462e-01 1.000000000000000000e+00 0.000000000000000000e+00 1.705743979860968873e-01 1.275337530528865837e-01
3.000000000000000000e+01 3.528819197609688874e-01 4.066680913084811388e-01 1.000000000000000000e+00 1.000000000000000000e+00 1.058805669380478709e-01 9.860919957154230808e-02
3.500000000000000000e+01 4.333251559735814551e-01 3.801124792190787582e-01 1.000000000000000000e+00 1.000000000000000000e+00 1.516881190480223185e-01 1.101429300075145862e-01
4.000000000000000000e+01 4.181231136322886011e-01 3.582347126870087384e-01 1.000000000000000000e+00 0.000000000000000000e+00 1.238478323897549277e-01 1.310268052194769606e-01
4.500000000000000000e+01 3.742310090017726409e-01 4.066535641267607915e-01 1.000000000000000000e+00 0.000000000000000000e+00 1.158955937782819717e-01 1.502782776009877475e-01
5.000000000000000000e+01 5.176643024445667374e-01 3.761669506981107913e-01 1.000000000000000000e+00 0.000000000000000000e+00 7.024832629440405651e-02 1.461597699939403694e-01
5.500000000000000000e+01 5.175494688534014731e-01 2.822941030726832667e-01 1.000000000000000000e+00 0.000000000000000000e+00 1.168129581656466021e-01 1.212354779507071184e-01
6.000000000000000000e+01 6.454248235635368092e-01 2.663883000175369387e-01 1.000000000000000000e+00 1.000000000000000000e+00 1.610985697406727979e-01 8.232648623406667310e-02
6.500000000000000000e+01 4.361894592984337793e-01 3.647133722721104809e-01 0.000000000000000000e+00 0.000000000000000000e+00 1.681872827278163562e-01 1.684864982495266617e-01
7.000000000000000000e+01 2.654607380983231568e-01 3.650005381165066232e-01 0.000000000000000000e+00 1.000000000000000000e+00 9.501548773734323772e-02 1.101632511522445124e-01
7.500000000000000000e+01 6.713429905026429001e-01 3.404094346031226181e-01 1.000000000000000000e+00 0.000000000000000000e+00 1.793062255761663781e-01 1.309899526943076320e-01
8.000000000000000000e+01 3.512539260705208055e-01 1.973617907750171985e-01 1.000000000000000000e+00 0.000000000000000000e+00 1.137427273232265446e-01 1.852617169365076144e-01
8.500000000000000000e+01 3.360236827590624142e-01 2.956819307531101115e-01 0.000000000000000000e+00 0.000000000000000000e+00 1.569142821055813930e-01 1.083502588365667790e-01
9.000000000000000000e+01 4.026823887159927118e-01 3.740654585696150392e-01 1.000000000000000000e+00 0.000000000000000000e+00 1.206212195320119362e-01 1.658289237485282841e-01
9.500000000000000000e+01 4.373015726338503883e-01 3.262217479400559839e-01 0.000000000000000000e+00 0.000000000000000000e+00 1.678791609614710412e-01 2.094547267779706956e-01
1.000000000000000000e+02 2.136222744974107801e-01 2.180479643467623241e-01 0.000000000000000000e+00 0.000000000000000000e+00 1.432532780103246139e-01 1.274047716717168488e-01
1.050000000000000000e+02 4.895225000346408173e-01 2.400758112886142437e-01 1.000000000000000000e+00 0.000000000000000000e+00 9.462695838467036213e-02 1.217641815559961233e-01
1.100000000000000000e+02 3.712675339817448350e-01 5.513118361758234665e-01 0.000000000000000000e+00 1.000000000000000000e+00 1.568717362389726866e-01 1.010678429041376170e-01
1.150000000000000000e+02 3.536473941540557719e-01 3.357445287946373425e-01 0.000000000000000000e+00 0.000000000000000000e+00 1.372562297626872541e-01 1.554671415466678253e-01
1.200000000000000000e+02 4.143692634062811631e-01 2.605841317911460897e-01 1.000000000000000000e+00 0.000000000000000000e+00 1.091823681125487361e-01 1.288239602646644166e-01
1.250000000000000000e+02 5.252370974537113879e-01 2.457131107239413359e-01 1.000000000000000000e+00 0.000000000000000000e+00 1.705558363532342914e-01 1.228648222527645162e-01
1.300000000000000000e+02 2.671216931758990110e-01 3.377621259812553234e-01 0.000000000000000000e+00 1.000000000000000000e+00 1.256819812758803723e-01 9.586750258769601019e-02
1.350000000000000000e+02 2.175447744946513995e-01 4.625366614126456000e-01 0.000000000000000000e+00 1.000000000000000000e+00 9.583105810467920649e-02 8.601058931785267314e-02
1.400000000000000000e+02 3.430220731034070436e-01 2.593807855979700094e-01 1.000000000000000000e+00 0.000000000000000000e+00 1.192706909140485161e-01 1.584401816850860845e-01
1.450000000000000000e+02 3.057908819000588752e-01 4.025272707619908519e-01 0.000000000000000000e+00 1.000000000000000000e+00 1.811385969204640234e-01 1.047982209359610006e-01
1.500000000000000000e+02 3.896247447051514601e-01 2.623732197999371629e-01 1.000000000000000000e+00 0.000000000000000000e+00 6.385567044873600995e-02 1.467577972281754461e-01
1.550000000000000000e+02 3.836313256535247573e-01 4.324882695487944351e-01 0.000000000000000000e+00 1.000000000000000000e+00 1.647966266061889062e-01 1.409885502425845261e-01
1.600000000000000000e+02 3.025688937407778889e-01 5.562062238830967065e-01 0.000000000000000000e+00 1.000000000000000000e+00 1.397543126070747432e-01 1.188946023215307762e-01
1.650000000000000000e+02 3.168267630178934757e-01 3.466585186619932091e-01 1.000000000000000000e+00 0.000000000000000000e+00 1.062971417713193534e-01 1.791483462470384869e-01
1.700000000000000000e+02 1.930662403069612343e-01 3.633147296794906334e-01 0.000000000000000000e+00 0.000000000000000000e+00 1.273338124649324443e-01 1.521813312728693413e-01
1.750000000000000000e+02 1.954072147315548402e-01 3.408839931390076350e-01 0.000000000000000000e+00 1.000000000000000000e+00 1.042785435884545503e-01 1.090217021817290050e-01
1.800000000000000000e+02 2.664124186976603026e-01 2.603221113762205219e-01 0.000000000000000000e+00 0.000000000000000000e+00 1.670727997067989745e-01 1.483966837865046684e-01
1.850000000000000000e+02 3.482487538006044936e-01 2.456950577004888281e-01 0.000000000000000000e+00 0.000000000000000000e+00 1.409504989886525839e-01 1.394525518006194675e-01
1.900000000000000000e+02 4.991409535623625437e-01 9.484881176134082881e-02 1.000000000000000000e+00 0.000000000000000000e+00 1.639203874188298882e-01 3.631586552353788938e-02
1.950000000000000000e+02 2.359774304492549546e-01 2.613718776914802921e-01 0.000000000000000000e+00 0.000000000000000000e+00 1.715569553869369934e-01 1.485377994563580051e-01
2.000000000000000000e+02 4.422138775592874826e-01 2.247157672366581205e-01 1.000000000000000000e+00 0.000000000000000000e+00 1.514099967749144293e-01 1.257343595580080742e-01
2.050000000000000000e+02 2.830351468028228235e-01 1.168200484565786318e-01 1.000000000000000000e+00 0.000000000000000000e+00 8.956830147934562170e-02 1.735145097777058554e-01
2.100000000000000000e+02 2.832895374435787650e-01 1.845771526767986948e-01 0.000000000000000000e+00 0.000000000000000000e+00 1.431444677517784425e-01 7.965877848171812325e-02
2.150000000000000000e+02 3.760241545888482473e-01 3.844587021574838448e-01 0.000000000000000000e+00 1.000000000000000000e+00 1.888556927718527956e-01 6.412612726494042181e-02
2.200000000000000000e+02 4.322183935573681302e-01 1.327011844816179120e-01 1.000000000000000000e+00 0.000000000000000000e+00 1.413855955836473277e-01 8.987154914588853238e-02
2.250000000000000000e+02 3.559071935216490123e-01 2.076588885730957235e-01 1.000000000000000000e+00 0.000000000000000000e+00 9.606526899273354347e-02 1.172991698943032235e-01
2.300000000000000000e+02 3.061465099470358497e-01 1.256611403435103358e-01 1.000000000000000000e+00 1.000000000000000000e+00 9.898731273767731598e-02 3.735116695102051743e-02
2.350000000000000000e+02 3.630664000901572819e-01 4.511668310191918607e-01 0.000000000000000000e+00 1.000000000000000000e+00 1.476402017249925369e-01 9.869547033649661572e-02
2.400000000000000000e+02 1.522201258174943894e-01 2.062667618713871498e-01 0.000000000000000000e+00 0.000000000000000000e+00 8.580821369274850563e-02 1.077034061691964084e-01
2.450000000000000000e+02 3.256187303512545483e-01 3.721933314795130565e-01 1.000000000000000000e+00 0.000000000000000000e+00 1.105762343239209133e-01 1.552949789485448817e-01
2.500000000000000000e+02 2.025623017710913021e-01 3.175489054746328255e-01 0.000000000000000000e+00 0.000000000000000000e+00 1.052078760057953005e-01 1.440596840417305569e-01
2.550000000000000000e+02 3.161755974243414258e-01 3.306235067775841197e-01 1.000000000000000000e+00 0.000000000000000000e+00 9.608703521161424121e-02 1.272885129733132836e-01
2.600000000000000000e+02 3.575978175531133174e-01 3.456304367664685961e-01 0.000000000000000000e+00 1.000000000000000000e+00 1.654195202371548656e-01 8.372853358385051736e-02
2.650000000000000000e+02 2.292381253496783844e-01 2.213042328999503816e-01 0.000000000000000000e+00 0.000000000000000000e+00 8.732227328980607384e-02 1.185346532835408057e-01
2.700000000000000000e+02 2.780896713082401384e-01 2.684664387397043273e-01 0.000000000000000000e+00 0.000000000000000000e+00 1.160897247329471110e-01 1.120407080559690238e-01
2.750000000000000000e+02 4.351858033220507016e-01 2.569045917497717046e-01 0.000000000000000000e+00 0.000000000000000000e+00 1.688536306072762061e-01 1.013679814757980080e-01
2.800000000000000000e+02 3.127014235507508677e-01 2.002070571162861690e-01 0.000000000000000000e+00 0.000000000000000000e+00 1.422395540369715272e-01 1.230325538898552895e-01
2.850000000000000000e+02 2.397842847536063304e-01 2.982331898787078939e-01 0.000000000000000000e+00 1.000000000000000000e+00 8.708915526765495518e-02 1.054577364919119797e-01
2.900000000000000000e+02 1.816184128572285172e-01 1.671708669403075276e-01 0.000000000000000000e+00 0.000000000000000000e+00 8.391541148837955433e-02 1.087141415598079919e-01
2.950000000000000000e+02 3.261902438471209753e-01 3.060790860347984421e-01 0.000000000000000000e+00 1.000000000000000000e+00 1.250030249676316041e-01 8.100790584578441977e-02
3.000000000000000000e+02 4.249570423137044028e-01 7.724870810756934159e-02 1.000000000000000000e+00 0.000000000000000000e+00 1.303313267127713115e-01 6.606223759064423773e-02
3.050000000000000000e+02 1.490679585770895432e-01 2.564233182214435969e-01 0.000000000000000000e+00 0.000000000000000000e+00 1.350897699266452312e-01 1.513590246196633293e-01
3.100000000000000000e+02 1.372678829775115794e-01 1.724638997620246972e-01 0.000000000000000000e+00 0.000000000000000000e+00 8.315064814604945787e-02 1.667478831531962469e-01
3.150000000000000000e+02 4.134002616864460578e-01 3.388354882787146805e-01 0.000000000000000000e+00 1.000000000000000000e+00 1.527886398151560021e-01 8.916312798393670469e-02
3.200000000000000000e+02 3.609327282000559523e-01 2.983325712633490001e-01 0.000000000000000000e+00 1.000000000000000000e+00 1.425707185843977376e-01 1.038390449603471127e-01
3.250000000000000000e+02 1.698111268088760561e-01 1.284930593414329303e-01 0.000000000000000000e+00 0.000000000000000000e+00 8.833273870132053729e-02 1.473375269840372370e-01
3.300000000000000000e+02 1.530478172371128320e-01 3.091847870836534895e-01 0.000000000000000000e+00 0.000000000000000000e+00 1.019177251487282387e-01 1.322353851344568176e-01
3.350000000000000000e+02 2.191685917328066169e-01 2.300178840989558215e-01 0.000000000000000000e+00 0.000000000000000000e+00 1.188743389104921638e-01 1.122417895911949487e-01
3.400000000000000000e+02 9.560443071405186344e-02 2.563554740764932838e-01 0.000000000000000000e+00 0.000000000000000000e+00 9.011262717651305487e-02 1.965778558598068881e-01
3.450000000000000000e+02 3.575373872042161283e-01 1.013724427122541655e-01 0.000000000000000000e+00 0.000000000000000000e+00 1.976268404086706787e-01 5.242030033844036901e-02
3.500000000000000000e+02 3.860744307563894195e-01 2.974088067651645684e-01 1.000000000000000000e+00 0.000000000000000000e+00 1.006602969137680159e-01 1.361568133010432891e-01
3.550000000000000000e+02 2.895691814880515386e-02 1.168017035594386410e-01 0.000000000000000000e+00 0.000000000000000000e+00 2.936425360806212831e-02 1.608286207410881408e-01
3.600000000000000000e+02 2.658522056056356053e-01 2.551347459501981385e-01 1.000000000000000000e+00 0.000000000000000000e+00 9.153910554219227280e-02 1.243181203522545630e-01
3.650000000000000000e+02 1.006947139187952117e-01 3.949780768512191342e-02 0.000000000000000000e+00 0.000000000000000000e+00 1.323859237537149680e-01 6.690387331738778531e-02
3.700000000000000000e+02 2.886962313166830385e-01 2.827535808310762677e-01 1.000000000000000000e+00 1.000000000000000000e+00 9.779465741539650203e-02 9.902518974019031139e-02
3.750000000000000000e+02 3.283840579774689461e-01 2.703697175136826614e-01 1.000000000000000000e+00 0.000000000000000000e+00 9.835395019943367345e-02 1.743434531944929866e-01
3.800000000000000000e+02 1.291194941419760989e-01 2.568658593906594234e-01 0.000000000000000000e+00 0.000000000000000000e+00 1.011215944398962674e-01 1.594580445791196621e-01
3.850000000000000000e+02 1.573971775364807202e-01 2.805831405367780751e-01 0.000000000000000000e+00 0.000000000000000000e+00 1.212142541117477296e-01 1.183724733053583139e-01
3.900000000000000000e+02 2.509461226210689122e-01 3.027286898796116010e-01 0.000000000000000000e+00 0.000000000000000000e+00 1.275807926911458889e-01 1.186510587404051159e-01
3.950000000000000000e+02 1.601587935355976433e-01 1.203001270360312125e-01 0.000000000000000000e+00 0.000000000000000000e+00 6.104614409021427018e-02 7.936141233145138640e-02
4.000000000000000000e+02 2.132744709866671307e-01 2.626406516650328649e-01 0.000000000000000000e+00 0.000000000000000000e+00 1.278046445330326131e-01 1.460142460743403259e-01
4.050000000000000000e+02 2.015546059294525405e-01 4.342926421084193356e-01 0.000000000000000000e+00 1.000000000000000000e+00 9.208746565486951308e-02 1.174929583748385298e-01
4.100000000000000000e+02 4.059619680149426091e-02 2.848426766455483539e-01 0.000000000000000000e+00 1.000000000000000000e+00 7.776551602854664402e-02 9.094958627017037112e-02
4.150000000000000000e+02 1.419736733440833398e-01 3.022018185213602992e-01 0.000000000000000000e+00 0.000000000000000000e+00 1.066969692844920020e-01 1.246203948982209653e-01
4.200000000000000000e+02 3.530068869571758028e-01 1.828136587163930737e-01 1.000000000000000000e+00 1.000000000000000000e+00 9.178350797131777650e-02 6.469682873503915244e-02
4.250000000000000000e+02 7.860780137992681715e-02 1.348836200594731305e-01 0.000000000000000000e+00 0.000000000000000000e+00 8.755684141637798401e-02 1.257085743910583420e-01
4.300000000000000000e+02 3.024684633387011989e-01 2.490559475172206549e-01 0.000000000000000000e+00 0.000000000000000000e+00 1.231096476562512920e-01 8.905632728327492198e-02
4.350000000000000000e+02 3.177806401028235861e-01 3.558646022524545316e-01 0.000000000000000000e+00 1.000000000000000000e+00 1.304769173361665646e-01 1.243788146456112076e-01
4.400000000000000000e+02 2.590922138351720583e-01 6.420008798021308027e-02 0.000000000000000000e+00 0.000000000000000000e+00 9.717954595298361475e-02 1.467602844033835952e-01
4.450000000000000000e+02 2.242049705281763949e-01 1.920341159365255013e-01 0.000000000000000000e+00 0.000000000000000000e+00 9.756786717678384013e-02 9.880260542621945030e-02
4.500000000000000000e+02 2.188481134354275104e-01 3.516955241930025400e-02 0.000000000000000000e+00 0.000000000000000000e+00 9.045092657843074868e-02 9.601847878581863671e-02
4.550000000000000000e+02 1.920467608264707915e-01 4.414323324656452274e-01 0.000000000000000000e+00 1.000000000000000000e+00 1.143064654003686509e-01 1.371199369816852032e-01
4.600000000000000000e+02 1.262534554146363397e-01 1.853619724210549546e-01 0.000000000000000000e+00 1.000000000000000000e+00 1.092744650035191029e-01 6.010522733173601084e-02
4.650000000000000000e+02 2.673562858357279026e-01 2.163525327742796267e-01 1.000000000000000000e+00 0.000000000000000000e+00 6.724643776974080500e-02 1.710653001666402884e-01
4.700000000000000000e+02 9.635647422153947872e-02 2.195777619941449432e-01 0.000000000000000000e+00 0.000000000000000000e+00 1.065406019287902101e-01 9.837633964345239568e-02
4.750000000000000000e+02 4.864740353328885769e-01 4.001496180551147863e-01 1.000000000000000000e+00 0.000000000000000000e+00 7.439515082056100126e-02 1.824584043330052530e-01
4.800000000000000000e+02 1.486533309149532245e-01 3.406033099116083651e-01 0.000000000000000000e+00 0.000000000000000000e+00 7.403197311987670670e-02 1.227117328081977210e-01
4.850000000000000000e+02 2.396469840575767701e-02 1.666945476918890723e-01 0.000000000000000000e+00 0.000000000000000000e+00 1.006811508749639733e-01 9.991988743893573388e-02
4.900000000000000000e+02 2.236502139272361911e-01 6.222098097823423185e-02 1.000000000000000000e+00 0.000000000000000000e+00 5.487198094079760724e-02 2.197984495088752266e-01
4.950000000000000000e+02 1.994925027048821131e-01 1.237000403583144309e-01 1.000000000000000000e+00 0.000000000000000000e+00 5.771560855001411222e-02 9.651088681831146432e-02
5.000000000000000000e+02 1.460942201149038611e-01 1.932957785786810490e-01 0.000000000000000000e+00 0.000000000000000000e+00 7.696752837856742080e-02 8.975894247679676308e-02
5.050000000000000000e+02 2.144418914024883160e-01 1.671135432912248808e-01 0.000000000000000000e+00 0.000000000000000000e+00 7.860598244916598698e-02 1.553215034279371021e-01
5.100000000000000000e+02 1.515772455832893051e-01 5.017932483401134347e-02 0.000000000000000000e+00 0.000000000000000000e+00 9.533853153693955251e-02 5.186806697953155743e-02
5.150000000000000000e+02 9.770302278643407112e-02 1.134958020026988479e-01 0.000000000000000000e+00 0.000000000000000000e+00 1.744822926839313393e-01 1.397631469741166532e-01
5.200000000000000000e+02 2.543469719676197949e-01 4.455163382311096154e-02 0.000000000000000000e+00 0.000000000000000000e+00 1.799681429741791239e-01 4.962020378184762298e-02
5.250000000000000000e+02 1.403242064204757444e-01 3.089675225473921261e-01 0.000000000000000000e+00 0.000000000000000000e+00 1.354867999812204016e-01 1.190181446800723797e-01
5.300000000000000000e+02 2.559705456648975197e-02 8.044364398251230286e-02 0.000000000000000000e+00 0.000000000000000000e+00 1.558079578935809839e-01 1.404454315733465464e-01
5.350000000000000000e+02 1.366412331615473597e-01 1.325178297600477506e-01 0.000000000000000000e+00 0.000000000000000000e+00 2.190132953905056801e-01 1.112783182921508601e-01
5.400000000000000000e+02 1.552339694326234087e-01 1.779486123897714434e-01 0.000000000000000000e+00 0.000000000000000000e+00 1.436405730629626842e-01 1.594813783340660318e-01
5.450000000000000000e+02 2.186316955142307561e-01 6.899356590967645197e-02 0.000000000000000000e+00 0.000000000000000000e+00 1.231305163872895986e-01 8.513393641726696437e-02
5.500000000000000000e+02 2.752596617981679095e-01 2.409898085443719640e-01 1.000000000000000000e+00 0.000000000000000000e+00 6.781286854718138191e-02 1.904361061061156934e-01
5.550000000000000000e+02 2.928596620988374033e-01 1.834869433098454058e-03 1.000000000000000000e+00 0.000000000000000000e+00 1.009425541757271449e-01 3.630749066089675355e-03
5.600000000000000000e+02 1.393219969240293288e-01 7.572865655079802361e-02 0.000000000000000000e+00 0.000000000000000000e+00 8.553579019021796681e-02 9.185821184716459753e-02
5.650000000000000000e+02 2.681840174949364289e-02 3.281792676969743638e-01 0.000000000000000000e+00 0.000000000000000000e+00 7.043102539614026769e-02 1.365185722996011541e-01
5.700000000000000000e+02 2.257534263006881203e-01 8.669975283318305526e-02 0.000000000000000000e+00 0.000000000000000000e+00 1.062740416447535696e-01 1.276531386730457018e-01
5.750000000000000000e+02 1.737827831129434286e-01 3.013428656258747007e-01 0.000000000000000000e+00 1.000000000000000000e+00 1.323257071172684873e-01 8.505021357669415027e-02
5.800000000000000000e+02 4.619181448643890769e-02 2.760959949131039926e-01 0.000000000000000000e+00 1.000000000000000000e+00 6.152853958468426643e-02 9.096994279129370919e-02
5.850000000000000000e+02 8.159417622579148710e-02 1.288424318653270118e-01 0.000000000000000000e+00 0.000000000000000000e+00 1.037823443086264008e-01 1.408919691834701338e-01
5.900000000000000000e+02 1.654524425623326023e-01 2.866628581203385304e-02 0.000000000000000000e+00 0.000000000000000000e+00 8.347959596518296499e-02 2.060217186014188032e-02
5.950000000000000000e+02 1.259501147416361988e-01 2.125510629957699515e-01 0.000000000000000000e+00 0.000000000000000000e+00 4.484518639728676120e-02 1.062885581055380280e-01
6.000000000000000000e+02 1.474483922291300597e-01 4.067130314963214310e-01 0.000000000000000000e+00 0.000000000000000000e+00 5.934322933099273750e-02 1.570027228072524705e-01
6.050000000000000000e+02 6.097460799968392603e-02 1.752610443618744240e-01 0.000000000000000000e+00 0.000000000000000000e+00 6.015076841778743688e-02 1.206025062924861030e-01
6.100000000000000000e+02 2.426794303559537958e-01 3.670028587450658297e-01 0.000000000000000000e+00 1.000000000000000000e+00 1.209904633426707454e-01 1.269601849073904165e-01
6.150000000000000000e+02 2.045269179813323235e-01 1.841022232370080960e-02 0.000000000000000000e+00 0.000000000000000000e+00 1.183011628724431885e-01 9.558225141233259170e-02
6.200000000000000000e+02 1.707066359089642327e-01 1.616932790669362574e-01 0.000000000000000000e+00 0.000000000000000000e+00 1.310399529606091906e-01 8.671786000982359410e-02
6.250000000000000000e+02 4.520285644454211799e-02 2.440306916268655257e-01 0.000000000000000000e+00 0.000000000000000000e+00 1.802845964658549016e-02 1.305741367267898578e-01
6.300000000000000000e+02 2.006130260953739586e-01 1.869720365004557683e-01 0.000000000000000000e+00 0.000000000000000000e+00 1.032937232255466409e-01 1.414496123554982998e-01
6.350000000000000000e+02 3.062244648290842752e-01 1.894882229125125217e-01 0.000000000000000000e+00 0.000000000000000000e+00 1.793372462608700812e-01 9.795909772466861176e-02
6.400000000000000000e+02 1.990603509618880940e-01 2.496369259420695708e-01 0.000000000000000000e+00 0.000000000000000000e+00 1.487416929296437873e-01 1.177455991552098929e-01
6.450000000000000000e+02 1.149982593590543195e-01 3.824736863263712427e-01 1.000000000000000000e+00 0.000000000000000000e+00 4.049413869410578570e-02 1.583625619816012298e-01
6.500000000000000000e+02 1.212523333507009998e-01 2.008042715695859126e-01 0.000000000000000000e+00 0.000000000000000000e+00 6.076919404696445176e-02 1.009598986576488444e-01
6.550000000000000000e+02 3.289081604023176286e-01 1.995309873162271763e-01 0.000000000000000000e+00 0.000000000000000000e+00 1.200858201575490530e-01 1.272598444396204065e-01
6.600000000000000000e+02 2.818338159292949618e-01 8.863466036393109759e-02 0.000000000000000000e+00 0.000000000000000000e+00 1.072873151692836785e-01 1.493135721981430075e-01
6.650000000000000000e+02 5.762006368414775148e-02 3.627007963592734918e-01 0.000000000000000000e+00 1.000000000000000000e+00 1.206524109648612064e-01 1.213143078775001382e-01
6.700000000000000000e+02 1.768434786040634366e-01 1.754744784821379300e-01 0.000000000000000000e+00 0.000000000000000000e+00 1.095798854160175140e-01 1.401036462827379703e-01
6.750000000000000000e+02 6.706161894029778747e-02 0.000000000000000000e+00 0.000000000000000000e+00 0.000000000000000000e+00 1.648797274859091500e-01 0.000000000000000000e+00
6.800000000000000000e+02 5.411721814050107771e-02 8.280171670976206599e-02 0.000000000000000000e+00 0.000000000000000000e+00 5.609968423470547416e-02 1.259763678657014330e-01
6.850000000000000000e+02 2.508201943762042307e-01 6.016202317186495480e-02 0.000000000000000000e+00 0.000000000000000000e+00 1.489373253497165983e-01 8.294257338386819278e-02
6.900000000000000000e+02 2.124742573363686549e-01 1.873389194113138367e-01 0.000000000000000000e+00 0.000000000000000000e+00 1.130156988184513045e-01 9.271771043501461640e-02
6.950000000000000000e+02 4.778817271164173888e-03 7.506816746977187926e-02 0.000000000000000000e+00 0.000000000000000000e+00 3.292100632017938480e-03 1.188118349550949110e-01
7.000000000000000000e+02 1.907951782093171844e-01 1.891181730361891078e-01 0.000000000000000000e+00 0.000000000000000000e+00 1.078424577141657709e-01 9.568983389979986154e-02
7.050000000000000000e+02 2.294565824718787506e-01 1.348190052619465951e-01 0.000000000000000000e+00 0.000000000000000000e+00 9.279912331284163873e-02 8.161389005057392843e-02
7.100000000000000000e+02 1.082780818667762601e-01 4.168404248893785580e-01 0.000000000000000000e+00 1.000000000000000000e+00 1.068138348698425416e-01 9.896196319847658240e-02
7.150000000000000000e+02 8.085578822676951771e-02 2.616166271418340905e-01 0.000000000000000000e+00 0.000000000000000000e+00 1.294027334902613791e-01 1.295369281603799549e-01
7.200000000000000000e+02 1.498588894788377424e-01 2.082554543969027117e-01 0.000000000000000000e+00 0.000000000000000000e+00 8.298540046196545283e-02 7.860297540800036120e-02
7.250000000000000000e+02 5.339639860301238772e-02 2.140462120722781414e-01 0.000000000000000000e+00 0.000000000000000000e+00 4.935990398684579616e-02 1.267583047994681189e-01
7.300000000000000000e+02 2.439044348916009075e-01 6.649065939538846559e-02 1.000000000000000000e+00 0.000000000000000000e+00 8.179299545422832884e-02 1.236397639088369083e-01
7.350000000000000000e+02 4.525509516376539920e-02 2.411207911833693207e-01 0.000000000000000000e+00 0.000000000000000000e+00 8.004632652211764177e-02 9.882496132762799701e-02
7.400000000000000000e+02 3.939768415861125833e-02 1.173632799348280076e-01 0.000000000000000000e+00 0.000000000000000000e+00 6.904031994219016199e-02 1.202390460969648134e-01
7.450000000000000000e+02 1.178427313683771543e-01 1.889065662556449754e-01 0.000000000000000000e+00 0.000000000000000000e+00 1.146651196428416924e-01 7.166104197386934105e-02
7.500000000000000000e+02 7.759226978108965667e-02 2.170804190119424160e-01 0.000000000000000000e+00 1.000000000000000000e+00 1.159742265239532694e-01 7.491530631381176919e-02
7.550000000000000000e+02 1.344594865576330955e-01 1.394713692129471161e-01 0.000000000000000000e+00 0.000000000000000000e+00 1.137495663814244440e-01 8.947829139891912142e-02
7.600000000000000000e+02 5.749324663427961279e-02 2.407311749922690647e-01 0.000000000000000000e+00 0.000000000000000000e+00 1.600343361828516775e-01 1.491132025630918789e-01
7.650000000000000000e+02 1.529072785323921657e-01 2.187744664845600595e-01 0.000000000000000000e+00 0.000000000000000000e+00 1.461521983603036590e-01 1.064123462492680416e-01
7.700000000000000000e+02 1.752140324073652167e-01 9.482061018639639793e-02 0.000000000000000000e+00 0.000000000000000000e+00 1.293365669547063002e-01 9.062177818988788325e-02
7.750000000000000000e+02 3.671245763734479889e-02 3.648908812717863159e-01 0.000000000000000000e+00 0.000000000000000000e+00 5.601833658287299483e-02 1.718283703941358709e-01
7.800000000000000000e+02 2.655140032480633461e-01 3.947887265051841510e-02 0.000000000000000000e+00 0.000000000000000000e+00 1.171438543362061241e-01 1.082930740601119046e-01
7.850000000000000000e+02 8.148769800051824941e-02 4.357853632358751339e-01 0.000000000000000000e+00 1.000000000000000000e+00 1.168117221808401551e-01 1.256263343196579174e-01
7.900000000000000000e+02 2.165056750035816435e-01 5.406463376223040462e-02 0.000000000000000000e+00 0.000000000000000000e+00 1.350984223175144827e-01 1.102459245061488263e-01
7.950000000000000000e+02 4.811850153785449807e-02 3.442750784408091236e-01 0.000000000000000000e+00 1.000000000000000000e+00 8.277611267213633162e-02 1.049941499359158398e-01
8.000000000000000000e+02 2.761368359561445773e-01 1.732800933749918948e-01 0.000000000000000000e+00 0.000000000000000000e+00 1.191003980114724997e-01 1.028118833597665011e-01
8.050000000000000000e+02 1.812535528970011522e-01 1.192502928217431535e-01 0.000000000000000000e+00 0.000000000000000000e+00 8.177478553595962651e-02 1.178671096138442648e-01
8.100000000000000000e+02 1.756415519270780046e-01 1.120119936122750473e-02 0.000000000000000000e+00 0.000000000000000000e+00 9.993451072546585823e-02 8.066002721338384751e-02
8.150000000000000000e+02 2.565874093417682134e-01 2.260795857855182334e-01 1.000000000000000000e+00 0.000000000000000000e+00 8.655197362308630904e-02 1.344574036937857819e-01
8.200000000000000000e+02 1.872058258968266886e-01 9.901646341761299874e-02 0.000000000000000000e+00 0.000000000000000000e+00 1.016339161790316969e-01 9.603991904295705595e-02
8.250000000000000000e+02 4.613941302291202362e-01 1.353721821780789480e-01 1.000000000000000000e+00 0.000000000000000000e+00 8.497780154299526545e-02 1.149384555177127842e-01
8.300000000000000000e+02 3.246889555333999366e-01 0.000000000000000000e+00 1.000000000000000000e+00 0.000000000000000000e+00 9.808669899542482584e-02 0.000000000000000000e+00
8.350000000000000000e+02 1.228785344472334007e-01 1.897365128156469904e-01 0.000000000000000000e+00 0.000000000000000000e+00 1.202672867469677109e-01 7.571381667331068821e-02
8.400000000000000000e+02 1.433694246464525257e-01 1.782231127731779066e-02 0.000000000000000000e+00 0.000000000000000000e+00 1.255540641675693958e-01 1.023441860052401869e-01
8.450000000000000000e+02 1.029482896388280722e-01 2.352453065153433387e-01 0.000000000000000000e+00 0.000000000000000000e+00 1.093676862323926524e-01 1.125571048673836422e-01
8.500000000000000000e+02 2.503527218216574646e-01 7.321259699918483688e-02 0.000000000000000000e+00 0.000000000000000000e+00 1.287376528322330127e-01 7.705208919605122109e-02
8.550000000000000000e+02 1.147439823072543552e-01 1.145025293206736461e-01 0.000000000000000000e+00 0.000000000000000000e+00 6.335075493087424792e-02 7.186204130835560644e-02
8.600000000000000000e+02 3.678857104333097677e-02 7.578940926307733972e-02 0.000000000000000000e+00 0.000000000000000000e+00 3.755698598750934619e-02 6.735143436612542334e-02
8.650000000000000000e+02 1.590834916829031442e-01 8.329477209242966418e-02 0.000000000000000000e+00 0.000000000000000000e+00 1.185007261463044276e-01 9.221593572724871846e-02
8.700000000000000000e+02 2.724191515587173762e-02 2.625314355148570741e-02 0.000000000000000000e+00 0.000000000000000000e+00 2.364431627174452127e-02 6.375956127260305750e-02
8.750000000000000000e+02 2.633137508827075868e-01 1.955002214518274800e-02 0.000000000000000000e+00 0.000000000000000000e+00 1.301727543631129580e-01 9.759582672423598726e-02
8.800000000000000000e+02 1.124412129164693505e-02 2.287545515359236670e-01 0.000000000000000000e+00 1.000000000000000000e+00 1.401314895495917312e-01 7.830139602142742461e-02
8.850000000000000000e+02 6.069661791853557531e-02 9.783753829867444796e-02 0.000000000000000000e+00 0.000000000000000000e+00 1.520636891865455587e-01 1.250116345672648843e-01
8.900000000000000000e+02 9.805076269870241501e-02 1.458005515089467186e-01 0.000000000000000000e+00 0.000000000000000000e+00 1.163492528664814007e-01 1.046994525280449118e-01
8.950000000000000000e+02 2.890778950247255286e-01 0.000000000000000000e+00 1.000000000000000000e+00 0.000000000000000000e+00 8.972628276701132000e-02 0.000000000000000000e+00
9.000000000000000000e+02 1.850011548156526020e-01 5.988590061902976380e-02 0.000000000000000000e+00 0.000000000000000000e+00 8.982701034523621342e-02 1.617824949304053073e-01
9.050000000000000000e+02 6.504987089528049826e-02 1.922121201372301580e-01 0.000000000000000000e+00 0.000000000000000000e+00 9.632872120346615274e-02 6.982454896055903526e-02
9.100000000000000000e+02 4.008609498123658424e-03 0.000000000000000000e+00 0.000000000000000000e+00 0.000000000000000000e+00 8.689018606542479178e-03 0.000000000000000000e+00
9.150000000000000000e+02 0.000000000000000000e+00 1.874284866897302504e-01 0.000000000000000000e+00 0.000000000000000000e+00 0.000000000000000000e+00 1.364353359962859336e-01
9.200000000000000000e+02 7.706242232985471494e-03 3.212429742266247751e-02 0.000000000000000000e+00 0.000000000000000000e+00 1.062957633682802133e-01 1.380736111171264879e-01
9.250000000000000000e+02 4.606784512252318914e-02 3.896188890432534802e-01 0.000000000000000000e+00 1.000000000000000000e+00 1.156539605261697329e-01 1.236056588350937097e-01
9.300000000000000000e+02 3.053056292545489048e-01 2.368933361123884418e-01 0.000000000000000000e+00 1.000000000000000000e+00 1.267529752130070742e-01 5.631580796371937064e-02
9.350000000000000000e+02 1.440778625810591185e-01 1.752181130070246118e-01 0.000000000000000000e+00 0.000000000000000000e+00 9.738813445588541395e-02 1.133061598100793127e-01
9.400000000000000000e+02 6.552095102036994967e-02 1.474355560261775833e-01 0.000000000000000000e+00 0.000000000000000000e+00 1.284743621778948741e-01 6.298053593882958767e-02
9.450000000000000000e+02 1.062736999859110049e-01 1.427720665384373810e-01 0.000000000000000000e+00 0.000000000000000000e+00 8.029179476587965103e-02 1.034554419444991269e-01
9.500000000000000000e+02 4.960636751097353275e-02 3.214258489119134476e-01 0.000000000000000000e+00 0.000000000000000000e+00 5.037631343768183417e-02 1.652526404934762938e-01
9.550000000000000000e+02 1.903481234277382139e-01 1.442495719749530610e-03 0.000000000000000000e+00 0.000000000000000000e+00 8.913831689997475660e-02 3.155059331937637088e-03
9.600000000000000000e+02 1.145741629677890366e-01 1.316709085590437034e-01 0.000000000000000000e+00 0.000000000000000000e+00 1.323196954369193767e-01 7.425129529569542142e-02
9.650000000000000000e+02 1.612034270751442899e-01 1.974680506096411770e-01 0.000000000000000000e+00 0.000000000000000000e+00 9.675004940960452160e-02 1.059296316598047627e-01
9.700000000000000000e+02 3.518766290760363402e-01 3.348766668472206998e-02 0.000000000000000000e+00 0.000000000000000000e+00 1.287385391139597712e-01 5.716537991626464976e-02
9.750000000000000000e+02 1.074023139441690200e-01 1.678598160875758444e-02 0.000000000000000000e+00 0.000000000000000000e+00 1.426023764238800451e-01 2.314441157283375627e-02
9.800000000000000000e+02 1.984919147143644758e-01 2.147907165841162203e-01 1.000000000000000000e+00 0.000000000000000000e+00 6.043712409588460760e-02 7.676534850904884189e-02
9.850000000000000000e+02 1.624797651712144853e-01 1.562085315377512995e-01 0.000000000000000000e+00 1.000000000000000000e+00 1.291326768417061788e-01 4.332775329861230512e-02
9.900000000000000000e+02 6.036672262454338689e-02 2.010132153139449207e-01 0.000000000000000000e+00 0.000000000000000000e+00 1.537770857155503212e-01 7.315028172400250828e-02
9.950000000000000000e+02 0.000000000000000000e+00 9.928265768370038435e-02 0.000000000000000000e+00 0.000000000000000000e+00 0.000000000000000000e+00 1.020902196349093988e-01
