0.000000000000000000e+00 0.000000000000000000e+00 0.000000000000000000e+00 0.000000000000000000e+00 0.000000000000000000e+00 0.000000000000000000e+00 0.000000000000000000e+00
5.000000000000000000e+00 5.957516510295862711e-01 5.777040991138560067e-01 1.000000000000000000e+00 1.000000000000000000e+00 1.424261862624105757e-01 1.024740217215584781e-01
1.000000000000000000e+01 7.269711508772755959e-01 6.407204596372284566e-01 1.000000000000000000e+00 1.000000000000000000e+00 1.529522463782439223e-01 1.056853774514547734e-01
1.500000000000000000e+01 7.180399926538065802e-01 6.619943486817951861e-01 1.000000000000000000e+00 1.000000000000000000e+00 1.315540046528146656e-01 1.413470165144481150e-01
2.000000000000000000e+01 4.698676805536852186e-01 4.942761572986945073e-01 1.000000000000000000e+00 1.000000000000000000e+00 1.486970187271738630e-01 1.092979825849332703e-01
2.500000000000000000e+01 6.243504754224462605e-01 4.242005761580810441e-01 1.000000000000000000e+00 1.000000000000000000e+00 1.091681340796105265e-01 1.334801440747764578e-01
3.000000000000000000e+01 5.103115169190237665e-01 7.024011641586572763e-01 1.000000000000000000e+00 1.000000000000000000e+00 1.309085501480352354e-01 1.595905481703814022e-01
3.500000000000000000e+01 6.302552968505413800e-01 5.355632732361305104e-01 1.000000000000000000e+00 1.000000000000000000e+00 1.553152967246614613e-01 1.616517468924111300e-01
4.000000000000000000e+01 5.146802831507064635e-01 6.501942527879240874e-01 1.000000000000000000e+00 1.000000000000000000e+00 1.628650896148318428e-01 1.212332766062909906e-01
4.500000000000000000e+01 5.382919957438871972e-01 5.136610032458641673e-01 0.000000000000000000e+00 1.000000000000000000e+00 2.341661761595758007e-01 1.684239181129845719e-01
5.000000000000000000e+01 5.886216183496579823e-01 5.430347307061198503e-01 1.000000000000000000e+00 1.000000000000000000e+00 8.653790189178704739e-02 1.747383718775887274e-01
5.500000000000000000e+01 4.999541229576801582e-01 4.244368198251889379e-01 1.000000000000000000e+00 1.000000000000000000e+00 1.667887175426985280e-01 1.398665289203156747e-01
6.000000000000000000e+01 5.733537982031653435e-01 5.107640075656956213e-01 1.000000000000000000e+00 0.000000000000000000e+00 1.175261729755205375e-01 1.825231038367085279e-01
6.500000000000000000e+01 4.790617160077683678e-01 5.130545001296320518e-01 1.000000000000000000e+00 1.000000000000000000e+00 1.601652432773728874e-01 1.511192930146431079e-01
7.000000000000000000e+01 6.551845437303701614e-01 6.377431215380157115e-01 1.000000000000000000e+00 1.000000000000000000e+00 1.462050969944931889e-01 2.132599378132090107e-01
7.500000000000000000e+01 7.087246019562245536e-01 6.076748980668366107e-01 1.000000000000000000e+00 1.000000000000000000e+00 1.615459894430218701e-01 1.459248445171333342e-01
8.000000000000000000e+01 5.327661279367643665e-01 3.609287321508535262e-01 1.000000000000000000e+00 0.000000000000000000e+00 1.173091969022544284e-01 1.479763269225666811e-01
8.500000000000000000e+01 5.514074240989291775e-01 4.602877124741020509e-01 0.000000000000000000e+00 1.000000000000000000e+00 2.082979957780861924e-01 1.576567380364936322e-01
9.000000000000000000e+01 5.083906470221111196e-01 4.375943896599509553e-01 1.000000000000000000e+00 0.000000000000000000e+00 1.605167831928615285e-01 2.214471756488889664e-01
9.500000000000000000e+01 4.598301738644878789e-01 4.222045602558589517e-01 1.000000000000000000e+00 0.000000000000000000e+00 9.365542191187560539e-02 1.892553755267005200e-01
1.000000000000000000e+02 4.471531974732135817e-01 5.497176185000649529e-01 1.000000000000000000e+00 1.000000000000000000e+00 1.021770618323047108e-01 9.664643010581515370e-02
1.050000000000000000e+02 4.546888771460458889e-01 3.821765183957361312e-01 1.000000000000000000e+00 1.000000000000000000e+00 1.567261551327717994e-01 8.866582318268050045e-02
1.100000000000000000e+02 4.160593017712742592e-01 6.003756592251618951e-01 1.000000000000000000e+00 1.000000000000000000e+00 1.417794015927995033e-01 1.666112330616869586e-01
1.150000000000000000e+02 3.660995000047915782e-01 5.372389732587354860e-01 0.000000000000000000e+00 1.000000000000000000e+00 1.812959148981734825e-01 1.412171156698081298e-01
1.200000000000000000e+02 3.579335580856212728e-01 4.966074825281222016e-01 0.000000000000000000e+00 1.000000000000000000e+00 2.242675773912341797e-01 1.563486022352955640e-01
1.250000000000000000e+02 5.108737046858967679e-01 5.453569730457300535e-01 1.000000000000000000e+00 1.000000000000000000e+00 1.389856303463984644e-01 1.125926964345012882e-01
1.300000000000000000e+02 4.323078452174217157e-01 5.679650893283639812e-01 1.000000000000000000e+00 1.000000000000000000e+00 1.287930558392348657e-01 1.546907185219419112e-01
1.350000000000000000e+02 4.163146353115085851e-01 5.274195629666583729e-01 0.000000000000000000e+00 1.000000000000000000e+00 1.541532725105057289e-01 1.544717402249382587e-01
1.400000000000000000e+02 7.468768136101363586e-01 4.302569954481133552e-01 1.000000000000000000e+00 1.000000000000000000e+00 1.603931494756575538e-01 1.357551650983807312e-01
1.450000000000000000e+02 6.916130744935865549e-01 4.395790602618280252e-01 1.000000000000000000e+00 1.000000000000000000e+00 1.381174684010593734e-01 1.402252912019293363e-01
1.500000000000000000e+02 3.514034169374975480e-01 5.098752551866975180e-01 0.000000000000000000e+00 1.000000000000000000e+00 1.391960621043430435e-01 1.508769710225595362e-01
1.550000000000000000e+02 4.058422621891170090e-01 5.284101411047262831e-01 1.000000000000000000e+00 1.000000000000000000e+00 1.207503294321500137e-01 1.804121114997454534e-01
1.600000000000000000e+02 6.394002249198142973e-01 6.617246473170200760e-01 1.000000000000000000e+00 1.000000000000000000e+00 1.743735268234800906e-01 1.051827470007698495e-01
1.650000000000000000e+02 5.405846433926377870e-01 4.044917138000390655e-01 1.000000000000000000e+00 1.000000000000000000e+00 1.503927019000615428e-01 1.282180318683320830e-01
1.700000000000000000e+02 4.246969409352981950e-01 3.739141141151157699e-01 0.000000000000000000e+00 0.000000000000000000e+00 1.565680083896411889e-01 1.776021924996997736e-01
1.750000000000000000e+02 4.879024200973026693e-01 4.923719357674317676e-01 1.000000000000000000e+00 1.000000000000000000e+00 1.152947705820307478e-01 1.047402623945870165e-01
1.800000000000000000e+02 3.391883437587289163e-01 2.853279766413445717e-01 0.000000000000000000e+00 0.000000000000000000e+00 1.541597644532870237e-01 1.381208062478541942e-01
1.850000000000000000e+02 4.073494023649728568e-01 3.655803655814361397e-01 1.000000000000000000e+00 0.000000000000000000e+00 1.353369552794793651e-01 1.314314875467135213e-01
1.900000000000000000e+02 4.907832911937745068e-01 2.963707709169415838e-01 1.000000000000000000e+00 0.000000000000000000e+00 9.281991889801978479e-02 1.339692192019261985e-01
1.950000000000000000e+02 4.624048793118651912e-01 5.322229982094424106e-01 1.000000000000000000e+00 1.000000000000000000e+00 1.440992358896737713e-01 9.868735514091460381e-02
2.000000000000000000e+02 6.104864004961481072e-01 3.340605940757563341e-01 1.000000000000000000e+00 1.000000000000000000e+00 1.639930637849952300e-01 1.176233438046050961e-01
2.050000000000000000e+02 2.195145734080474753e-01 3.702501806439260079e-01 0.000000000000000000e+00 0.000000000000000000e+00 2.073713924281847809e-01 2.293899292403318579e-01
2.100000000000000000e+02 3.448323401912083974e-01 2.408647757665822731e-01 0.000000000000000000e+00 0.000000000000000000e+00 1.671967977489237922e-01 1.338286529297278704e-01
2.150000000000000000e+02 3.279621754296111469e-01 4.635177419220696260e-01 0.000000000000000000e+00 1.000000000000000000e+00 1.711324587919770546e-01 1.315199763777959718e-01
2.200000000000000000e+02 3.896281216922893309e-01 4.822503415880321498e-01 0.000000000000000000e+00 1.000000000000000000e+00 1.541496854320907051e-01 1.339747281148731262e-01
2.250000000000000000e+02 4.343547738847952644e-01 4.697746859642951134e-01 0.000000000000000000e+00 1.000000000000000000e+00 1.748808070817378102e-01 1.151356469123304832e-01
2.300000000000000000e+02 3.603596220385296700e-01 3.215624939375643643e-01 1.000000000000000000e+00 0.000000000000000000e+00 1.120063365685319418e-01 1.560923500129595687e-01
2.350000000000000000e+02 3.811387793041950411e-01 3.576996993396437396e-01 0.000000000000000000e+00 0.000000000000000000e+00 1.616053912709912443e-01 1.694774754460170729e-01
2.400000000000000000e+02 4.434055633242806604e-01 4.835189997621455182e-01 1.000000000000000000e+00 1.000000000000000000e+00 1.421813595707373812e-01 1.346055061431211675e-01
2.450000000000000000e+02 3.820107689720568245e-01 3.101432560360529167e-01 1.000000000000000000e+00 1.000000000000000000e+00 1.101242101920458794e-01 7.281555934873626401e-02
2.500000000000000000e+02 4.354559568854137197e-01 3.122967075809345849e-01 1.000000000000000000e+00 1.000000000000000000e+00 1.528779090404658314e-01 1.048431829144997190e-01
2.550000000000000000e+02 2.179010667064761875e-01 3.975977773592203057e-01 0.000000000000000000e+00 1.000000000000000000e+00 1.094167406237460116e-01 1.404771597002377748e-01
2.600000000000000000e+02 2.356434662911087163e-01 4.165075589288608215e-01 0.000000000000000000e+00 1.000000000000000000e+00 1.486871647881293779e-01 7.278226901020021233e-02
2.650000000000000000e+02 3.242592592705234589e-01 4.717206354839847959e-01 0.000000000000000000e+00 1.000000000000000000e+00 1.351965155859728152e-01 1.225693000923745724e-01
2.700000000000000000e+02 4.854610218920463183e-01 5.197239807524348665e-01 1.000000000000000000e+00 0.000000000000000000e+00 1.295687551523347913e-01 1.849133951658278596e-01
2.750000000000000000e+02 1.936347136461293583e-01 2.927951292805402450e-01 0.000000000000000000e+00 1.000000000000000000e+00 1.198679130524056419e-01 8.696652444761931999e-02
2.800000000000000000e+02 3.818365539105480488e-01 3.032561702734075104e-01 0.000000000000000000e+00 0.000000000000000000e+00 1.601718811726476066e-01 1.201619109460208973e-01
2.850000000000000000e+02 4.623727892992854360e-01 3.082275245201850367e-01 1.000000000000000000e+00 1.000000000000000000e+00 1.364741082904765701e-01 6.940224556475516060e-02
2.900000000000000000e+02 1.575403568230202556e-01 1.982851737918340795e-01 0.000000000000000000e+00 1.000000000000000000e+00 1.643153281838167779e-01 6.623583615504581579e-02
2.950000000000000000e+02 3.019179109354431234e-01 3.528716210456684932e-01 0.000000000000000000e+00 1.000000000000000000e+00 2.054737583355826236e-01 1.126243958838877013e-01
3.000000000000000000e+02 4.063720881440076593e-01 2.170778778323159963e-01 1.000000000000000000e+00 0.000000000000000000e+00 9.177119567874271466e-02 1.093520774059344725e-01
3.050000000000000000e+02 4.343767806391164443e-01 3.055014647787016591e-01 1.000000000000000000e+00 0.000000000000000000e+00 1.008929296119006058e-01 1.257823321755325297e-01
3.100000000000000000e+02 2.463794321217896710e-01 2.433564773647579893e-01 1.000000000000000000e+00 0.000000000000000000e+00 7.791667757074961786e-02 1.078605402676837688e-01
3.150000000000000000e+02 3.717845047165204142e-01 3.888511136386261224e-01 0.000000000000000000e+00 1.000000000000000000e+00 2.127206726415345195e-01 8.628093335504360972e-02
3.200000000000000000e+02 2.367525069778983193e-01 2.771882687682716839e-01 0.000000000000000000e+00 0.000000000000000000e+00 1.237957975473710920e-01 1.831074241965184868e-01
3.250000000000000000e+02 1.740950480382039423e-01 2.314467314092643890e-01 0.000000000000000000e+00 0.000000000000000000e+00 1.164705674859003864e-01 1.244014122312264992e-01
3.300000000000000000e+02 2.876314642340310757e-01 4.042944777550916413e-01 0.000000000000000000e+00 1.000000000000000000e+00 1.155757207357876598e-01 1.424352033066338952e-01
3.350000000000000000e+02 1.563650763117782339e-01 3.089302661208329637e-01 0.000000000000000000e+00 0.000000000000000000e+00 7.613507546823808370e-02 1.242870387188651227e-01
3.400000000000000000e+02 2.450951618047209346e-01 2.711095857372521345e-01 0.000000000000000000e+00 0.000000000000000000e+00 1.439753124386392302e-01 1.064633189124350732e-01
3.450000000000000000e+02 3.725091713310040853e-01 1.368317598070286079e-01 1.000000000000000000e+00 0.000000000000000000e+00 9.410993492262578752e-02 8.532642062106457481e-02
3.500000000000000000e+02 2.586351693244414718e-01 3.471027323857834856e-01 0.000000000000000000e+00 0.000000000000000000e+00 1.377380889038004597e-01 1.637126422085205812e-01
3.550000000000000000e+02 2.610362784024597427e-01 8.213455166381501693e-02 0.000000000000000000e+00 0.000000000000000000e+00 1.245028801304706723e-01 1.729353422015250941e-01
3.600000000000000000e+02 3.050638734919745576e-01 2.985691845929330235e-01 0.000000000000000000e+00 1.000000000000000000e+00 1.223339431939470118e-01 8.735872755923898558e-02
3.650000000000000000e+02 2.147035674476728551e-01 1.995749293605632857e-01 0.000000000000000000e+00 0.000000000000000000e+00 8.263648977800298889e-02 1.044968361097571435e-01
3.700000000000000000e+02 3.239293654512427345e-01 3.039723706879509657e-01 0.000000000000000000e+00 0.000000000000000000e+00 1.328065348277810698e-01 1.410959494362885036e-01
3.750000000000000000e+02 2.626414603958359129e-01 2.795611590730181506e-01 0.000000000000000000e+00 0.000000000000000000e+00 1.528096239435949022e-01 1.339879103546449679e-01
3.800000000000000000e+02 1.029834633252874887e-01 5.202027491269091142e-01 0.000000000000000000e+00 0.000000000000000000e+00 6.539974875647569519e-02 1.927015036267149539e-01
3.850000000000000000e+02 3.164390053235431322e-01 2.138700632979599059e-01 0.000000000000000000e+00 0.000000000000000000e+00 1.145645647663169620e-01 1.182234770308764060e-01
3.900000000000000000e+02 1.754478507367742413e-01 5.091724942437817480e-01 0.000000000000000000e+00 1.000000000000000000e+00 1.042270973058826572e-01 1.142377805097577331e-01
3.950000000000000000e+02 3.125893462892588848e-01 1.623151344396839002e-01 1.000000000000000000e+00 0.000000000000000000e+00 7.173082520702651899e-02 1.380778675626248286e-01
4.000000000000000000e+02 3.434147106570080155e-01 4.134961653457951414e-01 1.000000000000000000e+00 0.000000000000000000e+00 1.144211059784051576e-01 2.365309435705153507e-01
4.050000000000000000e+02 2.421808561881294009e-01 4.679512146955460139e-01 1.000000000000000000e+00 1.000000000000000000e+00 8.526882637439942014e-02 1.160139840945890455e-01
4.100000000000000000e+02 1.880949657760352389e-01 2.896248751926768783e-01 0.000000000000000000e+00 0.000000000000000000e+00 1.301890970727444530e-01 1.344062291434438838e-01
4.150000000000000000e+02 2.694966344209913656e-01 3.766352059446594347e-01 0.000000000000000000e+00 0.000000000000000000e+00 1.389762166200394222e-01 1.590654643258605228e-01
4.200000000000000000e+02 3.184330722812535597e-01 1.877137661300669613e-01 0.000000000000000000e+00 0.000000000000000000e+00 1.246291457070763248e-01 8.325235914698415896e-02
4.250000000000000000e+02 3.877687431671529295e-01 2.864091225816553510e-01 1.000000000000000000e+00 0.000000000000000000e+00 1.203713505479513113e-01 1.233205258424827228e-01
4.300000000000000000e+02 1.042595095157225343e-01 2.365111076214078678e-01 0.000000000000000000e+00 0.000000000000000000e+00 9.215911469427492952e-02 8.458361715601024622e-02
4.350000000000000000e+02 2.058194978770305217e-01 3.757436413914397866e-01 1.000000000000000000e+00 0.000000000000000000e+00 6.833138601830862635e-02 1.973447927699303051e-01
4.400000000000000000e+02 1.615511505556357641e-01 1.767092421930906709e-01 0.000000000000000000e+00 0.000000000000000000e+00 1.342583045985635826e-01 1.168864710326613099e-01
4.450000000000000000e+02 3.052491838398022073e-01 3.005726975116499444e-01 0.000000000000000000e+00 1.000000000000000000e+00 1.088577690196131514e-01 5.947644044389150536e-02
4.500000000000000000e+02 2.586844864227130225e-01 2.547531415154572487e-01 0.000000000000000000e+00 0.000000000000000000e+00 1.280049325941904348e-01 1.038431111981482774e-01
4.550000000000000000e+02 2.473778879033574074e-01 3.677047503678334550e-01 0.000000000000000000e+00 0.000000000000000000e+00 9.891087981091384318e-02 1.479210051998474940e-01
4.600000000000000000e+02 1.986376920379908373e-01 3.827728764046117726e-01 0.000000000000000000e+00 0.000000000000000000e+00 8.795292648053312790e-02 1.448342134021242955e-01
4.650000000000000000e+02 1.069577171672411592e-01 3.518474123663251629e-01 0.000000000000000000e+00 0.000000000000000000e+00 5.334488474545115433e-02 1.637311210272437700e-01
4.700000000000000000e+02 2.329539575529059048e-01 2.837672526381012084e-01 0.000000000000000000e+00 0.000000000000000000e+00 1.404199737470426534e-01 1.408175785961231496e-01
4.750000000000000000e+02 2.075149105462543164e-01 3.004988923665666833e-01 0.000000000000000000e+00 0.000000000000000000e+00 8.373867951828033174e-02 1.766766289844364790e-01
4.800000000000000000e+02 8.195921357689546494e-02 2.421188570747635771e-01 0.000000000000000000e+00 0.000000000000000000e+00 1.193562937308035726e-01 1.361619150413325430e-01
4.850000000000000000e+02 3.801019588526236004e-01 1.829020753101820440e-01 0.000000000000000000e+00 0.000000000000000000e+00 1.629321087959165748e-01 1.199112773676009325e-01
4.900000000000000000e+02 2.143307203666418859e-01 1.431815017829585757e-01 0.000000000000000000e+00 0.000000000000000000e+00 1.421249356675790831e-01 1.155087208567229101e-01
4.950000000000000000e+02 3.021701658617447772e-01 1.664559028267597607e-01 1.000000000000000000e+00 0.000000000000000000e+00 9.791768969389688659e-02 1.201914569178470782e-01
5.000000000000000000e+02 1.564907391192038866e-01 3.115411729704337662e-01 0.000000000000000000e+00 1.000000000000000000e+00 1.392103533919108738e-01 9.222361736736238436e-02
5.050000000000000000e+02 4.126869067264156421e-02 1.989427615573129970e-01 0.000000000000000000e+00 0.000000000000000000e+00 3.415776886597284012e-02 1.720350893502034240e-01
5.100000000000000000e+02 1.676272959564995002e-01 2.748882483462763981e-01 0.000000000000000000e+00 0.000000000000000000e+00 7.283220332011348941e-02 1.534418758561944263e-01
5.150000000000000000e+02 1.704027953726122424e-01 2.524077313517517629e-01 0.000000000000000000e+00 0.000000000000000000e+00 8.752673310325724543e-02 1.140928858751088931e-01
5.200000000000000000e+02 7.928503455068258710e-02 6.368345002315720094e-02 0.000000000000000000e+00 0.000000000000000000e+00 9.019413941562094694e-02 1.239336179336814198e-01
5.250000000000000000e+02 8.176182476690538325e-02 2.447568981240250408e-01 0.000000000000000000e+00 0.000000000000000000e+00 9.266722659657884720e-02 1.185579302058892559e-01
5.300000000000000000e+02 2.324389137728498922e-01 1.277159275433516483e-01 0.000000000000000000e+00 1.000000000000000000e+00 1.307028420208552755e-01 4.519257943694865443e-02
5.350000000000000000e+02 3.861831482946472827e-01 2.379711084741474580e-01 1.000000000000000000e+00 1.000000000000000000e+00 6.595349328652468091e-02 4.491877120544158358e-02
5.400000000000000000e+02 2.190533041143022663e-01 2.192917830432341564e-01 1.000000000000000000e+00 0.000000000000000000e+00 7.495604207763793825e-02 1.329755834964611583e-01
5.450000000000000000e+02 8.022150507449563039e-02 1.045871297522855681e-01 0.000000000000000000e+00 0.000000000000000000e+00 1.371133765174112618e-01 7.259440129170033340e-02
5.500000000000000000e+02 2.208541836243562706e-01 2.185717271793432559e-01 0.000000000000000000e+00 0.000000000000000000e+00 1.252808217792607259e-01 1.313605407610069498e-01
5.550000000000000000e+02 2.266827534841221181e-01 2.846962490391363038e-02 1.000000000000000000e+00 0.000000000000000000e+00 7.951281134423933417e-02 1.754312837327081515e-02
5.600000000000000000e+02 1.669470645694833000e-01 1.517325224792994143e-01 0.000000000000000000e+00 0.000000000000000000e+00 1.079165642472448144e-01 5.812545396793264429e-02
5.650000000000000000e+02 9.159251809218420248e-02 2.744448275552094363e-01 0.000000000000000000e+00 1.000000000000000000e+00 4.969485400683220505e-02 7.662466207407421515e-02
5.700000000000000000e+02 3.486520245392570327e-01 1.278940713883306990e-01 1.000000000000000000e+00 0.000000000000000000e+00 1.220432338803272843e-01 1.281035055526350830e-01
5.750000000000000000e+02 2.417296112607644765e-01 1.629768671551951598e-01 0.000000000000000000e+00 0.000000000000000000e+00 9.256774841566536849e-02 7.979772053850130165e-02
5.800000000000000000e+02 2.721153926194664896e-01 1.907973618990247144e-01 1.000000000000000000e+00 0.000000000000000000e+00 6.881376199125151250e-02 1.284166124537126086e-01
5.850000000000000000e+02 1.768609656549612053e-01 1.543316609522071836e-01 0.000000000000000000e+00 0.000000000000000000e+00 6.895732872412352332e-02 9.091052086058434845e-02
5.900000000000000000e+02 9.294103609713648406e-02 5.181478242090861025e-02 0.000000000000000000e+00 0.000000000000000000e+00 1.139627300277308852e-01 1.127678545562429413e-01
5.950000000000000000e+02 2.434133469611595227e-02 2.615238855501286208e-01 0.000000000000000000e+00 1.000000000000000000e+00 2.745534806711836390e-02 7.159038094231635896e-02
6.000000000000000000e+02 1.373964764689234452e-01 3.228613700647803841e-01 0.000000000000000000e+00 0.000000000000000000e+00 1.369396491542667627e-01 1.531936444535042519e-01
6.050000000000000000e+02 7.980051584288302968e-02 1.255929516436208038e-01 0.000000000000000000e+00 0.000000000000000000e+00 9.495447321086385173e-02 1.304240034821119443e-01
6.100000000000000000e+02 1.372677739761257176e-01 2.154498293636439854e-01 0.000000000000000000e+00 1.000000000000000000e+00 1.427069433483059979e-01 7.008463137233626739e-02
6.150000000000000000e+02 8.213885354799023431e-02 3.224393716598456527e-01 0.000000000000000000e+00 0.000000000000000000e+00 3.264523877807279373e-02 1.805346476594139327e-01
6.200000000000000000e+02 1.135592636860052879e-01 2.698990946139442348e-01 0.000000000000000000e+00 0.000000000000000000e+00 1.237946065833838982e-01 1.533843054587004373e-01
6.250000000000000000e+02 1.873268433710716108e-01 1.441300798774176328e-01 0.000000000000000000e+00 0.000000000000000000e+00 1.260202800623420050e-01 1.238031298022074650e-01
6.300000000000000000e+02 4.107969221843700558e-02 2.229978102644689097e-01 0.000000000000000000e+00 0.000000000000000000e+00 1.012442984811099816e-01 1.311014814297547515e-01
6.350000000000000000e+02 9.071546043096166689e-02 1.232483221433558623e-01 0.000000000000000000e+00 0.000000000000000000e+00 9.867739812590370363e-02 7.094356001057580685e-02
6.400000000000000000e+02 1.160147995886021410e-01 2.201556616521313514e-01 0.000000000000000000e+00 0.000000000000000000e+00 1.144231045288969378e-01 1.649890262286275444e-01
6.450000000000000000e+02 1.264526753224340383e-01 2.895339320307617204e-01 0.000000000000000000e+00 0.000000000000000000e+00 9.165366555760767753e-02 1.283160078705203322e-01
6.500000000000000000e+02 7.048481125296887639e-02 1.349273144879015174e-01 0.000000000000000000e+00 0.000000000000000000e+00 1.270668926047735237e-01 1.086370648202232420e-01
6.550000000000000000e+02 2.636986990074272619e-01 2.573523871534518781e-01 1.000000000000000000e+00 0.000000000000000000e+00 9.293517669664183578e-02 1.369196041348611226e-01
6.600000000000000000e+02 3.621693332227747530e-02 1.883915551979237768e-01 0.000000000000000000e+00 0.000000000000000000e+00 3.498780791203051632e-02 1.124597138709711452e-01
6.650000000000000000e+02 7.972257346803428291e-02 3.277013120782719668e-01 0.000000000000000000e+00 1.000000000000000000e+00 5.643796996763143087e-02 9.965224270527563155e-02
6.700000000000000000e+02 1.401497185457107331e-01 1.324311257919478513e-01 0.000000000000000000e+00 0.000000000000000000e+00 6.549119935876379639e-02 1.385324585877002468e-01
6.750000000000000000e+02 1.596246593057532026e-01 7.039506540044940253e-02 0.000000000000000000e+00 0.000000000000000000e+00 1.068221180052885688e-01 1.557218270407934313e-01
6.800000000000000000e+02 6.514024564694240182e-02 2.423669859424371631e-01 0.000000000000000000e+00 0.000000000000000000e+00 7.352640943656670036e-02 1.690220237901724487e-01
6.850000000000000000e+02 1.478161953476002377e-01 3.590001850370725528e-02 0.000000000000000000e+00 0.000000000000000000e+00 1.065536654724543175e-01 1.681141128324198097e-01
6.900000000000000000e+02 1.315547964186648822e-01 9.777267749852833201e-02 0.000000000000000000e+00 0.000000000000000000e+00 9.176380671321383853e-02 8.657294770465961964e-02
6.950000000000000000e+02 5.544543884790596039e-02 6.041546207230704540e-02 0.000000000000000000e+00 0.000000000000000000e+00 3.316502666920954912e-02 1.472570762929922283e-01
7.000000000000000000e+02 6.273938312007233675e-02 3.831622058893249250e-01 0.000000000000000000e+00 1.000000000000000000e+00 8.820160058526706204e-02 1.249682804235464767e-01
7.050000000000000000e+02 3.096201761153382151e-02 2.106201582480806134e-01 0.000000000000000000e+00 0.000000000000000000e+00 5.863145530313952636e-02 1.245745325069456677e-01
7.100000000000000000e+02 1.073148230298407030e-01 2.933318663923272784e-01 0.000000000000000000e+00 1.000000000000000000e+00 1.083626473648628269e-01 6.391726840856723491e-02
7.150000000000000000e+02 2.650343506600049137e-01 1.874469502114496922e-01 0.000000000000000000e+00 1.000000000000000000e+00 1.274977010848449277e-01 5.657337070045157651e-02
7.200000000000000000e+02 2.503800962340425179e-02 4.235681856279325391e-02 0.000000000000000000e+00 0.000000000000000000e+00 1.568602237122350765e-02 6.291927760328962227e-02
7.250000000000000000e+02 3.121061107735302251e-02 3.134375069390047952e-01 0.000000000000000000e+00 0.000000000000000000e+00 1.287846405478185463e-01 1.585048552948626899e-01
7.300000000000000000e+02 2.562687843870383592e-02 1.387938205858079144e-01 0.000000000000000000e+00 0.000000000000000000e+00 6.723632922959574265e-02 1.275554539811803723e-01
7.350000000000000000e+02 1.184739901445646393e-01 1.011604895020280781e-01 0.000000000000000000e+00 0.000000000000000000e+00 8.804055624316117767e-02 1.281594647431645861e-01
7.400000000000000000e+02 3.307544453378847837e-01 7.788250353377831892e-02 0.000000000000000000e+00 0.000000000000000000e+00 1.334669854919493526e-01 9.156880250012086608e-02
7.450000000000000000e+02 1.628127097307915938e-01 1.235986587175948309e-01 0.000000000000000000e+00 0.000000000000000000e+00 1.014852570928026221e-01 9.414088474480410140e-02
7.500000000000000000e+02 1.128402658894618951e-02 3.192527217346182722e-01 0.000000000000000000e+00 0.000000000000000000e+00 8.592361295703164828e-03 1.156418382653605498e-01
7.550000000000000000e+02 1.898455393577428308e-03 2.341622488552386749e-01 0.000000000000000000e+00 0.000000000000000000e+00 9.618830374036971623e-03 1.039146503010433265e-01
7.600000000000000000e+02 2.042672569342589978e-02 1.479700046133909930e-01 0.000000000000000000e+00 0.000000000000000000e+00 9.113458021191754577e-02 1.151392528219733757e-01
7.650000000000000000e+02 1.831503984065029900e-01 1.137260072716107517e-01 0.000000000000000000e+00 0.000000000000000000e+00 1.165763736611867829e-01 8.812019413124108635e-02
7.700000000000000000e+02 1.987853602609165882e-01 1.203246380186559147e-02 1.000000000000000000e+00 0.000000000000000000e+00 5.910718464689052737e-02 1.401372126420683505e-02
7.750000000000000000e+02 1.470260959361067987e-01 8.556402755653200187e-02 0.000000000000000000e+00 0.000000000000000000e+00 1.300516374998218205e-01 1.118987102246672832e-01
7.800000000000000000e+02 3.131257160815704207e-03 3.689721435647820569e-02 0.000000000000000000e+00 0.000000000000000000e+00 7.357465997372603442e-03 7.095810512774841650e-02
7.850000000000000000e+02 1.257047149201982461e-01 3.025090875921782607e-01 0.000000000000000000e+00 0.000000000000000000e+00 4.928024372786147383e-02 1.368771267079720300e-01
7.900000000000000000e+02 1.496076433109833348e-01 3.384456667493081911e-02 0.000000000000000000e+00 0.000000000000000000e+00 9.689001242790559743e-02 1.565923081811553819e-01
7.950000000000000000e+02 7.355548585241597492e-02 8.783526837233185391e-02 0.000000000000000000e+00 0.000000000000000000e+00 7.550982384708290751e-02 1.026200442082636083e-01
8.000000000000000000e+02 1.796970528601634642e-01 1.189267940513351884e-01 0.000000000000000000e+00 0.000000000000000000e+00 1.250227766394909623e-01 1.079469089788599595e-01
8.050000000000000000e+02 5.243397960825827223e-03 3.094740024515983956e-01 0.000000000000000000e+00 1.000000000000000000e+00 6.558648963917087897e-03 7.949550607226645027e-02
8.100000000000000000e+02 1.790997311332361286e-01 2.975416055701343536e-03 0.000000000000000000e+00 0.000000000000000000e+00 1.094262198314722434e-01 2.667568440882013125e-03
8.150000000000000000e+02 1.568177324857032429e-01 2.279291149990029797e-01 0.000000000000000000e+00 0.000000000000000000e+00 8.295403146581005471e-02 1.160185756253183098e-01
8.200000000000000000e+02 1.203978250787932219e-01 1.807448785104069366e-01 0.000000000000000000e+00 0.000000000000000000e+00 4.442916810812722050e-02 1.180929661979200074e-01
8.250000000000000000e+02 1.815761951127494722e-01 2.587669381739473584e-01 0.000000000000000000e+00 1.000000000000000000e+00 1.434944482134827837e-01 8.883992569196680344e-02
8.300000000000000000e+02 1.297790825649054736e-01 1.406879788257380578e-03 0.000000000000000000e+00 0.000000000000000000e+00 1.421826372986155496e-01 3.907068505892078748e-03
8.350000000000000000e+02 1.911740456006963754e-02 8.361395342642981288e-02 0.000000000000000000e+00 0.000000000000000000e+00 8.977790455595299757e-02 8.392506395443430356e-02
8.400000000000000000e+02 2.522420457285324269e-01 1.179028008760538287e-01 1.000000000000000000e+00 0.000000000000000000e+00 8.495230280696186576e-02 1.257139691187745267e-01
8.450000000000000000e+02 9.894364332566947182e-03 2.699112067461821862e-01 0.000000000000000000e+00 1.000000000000000000e+00 1.046781561059031973e-02 8.140813136113889126e-02
8.500000000000000000e+02 1.542461673330403626e-01 3.234609716283996686e-04 0.000000000000000000e+00 0.000000000000000000e+00 7.535570652011110149e-02 5.319009154214136663e-03
8.550000000000000000e+02 2.520803284485549911e-01 1.601387580740337158e-01 0.000000000000000000e+00 0.000000000000000000e+00 1.069057772172459231e-01 1.177085656437250327e-01
8.600000000000000000e+02 1.036944776670624541e-01 1.334115432651182265e-01 0.000000000000000000e+00 0.000000000000000000e+00 1.408092927689704732e-01 6.619632203260913950e-02
8.650000000000000000e+02 1.545397051450922432e-01 1.924880145192010561e-01 0.000000000000000000e+00 0.000000000000000000e+00 1.160281777871428055e-01 1.000482121459084633e-01
8.700000000000000000e+02 1.096387872412198233e-01 2.684856354544015028e-02 0.000000000000000000e+00 0.000000000000000000e+00 1.317098539767249388e-01 1.574928016192476965e-01
8.750000000000000000e+02 4.145605116283621050e-02 2.395628085231469306e-01 0.000000000000000000e+00 0.000000000000000000e+00 1.046731508649930975e-01 1.135467685493406764e-01
8.800000000000000000e+02 7.786646749662655409e-02 3.372123993004497722e-01 0.000000000000000000e+00 0.000000000000000000e+00 1.451561470325458958e-01 1.286214056364085867e-01
8.850000000000000000e+02 0.000000000000000000e+00 7.126900142483795497e-02 0.000000000000000000e+00 0.000000000000000000e+00 0.000000000000000000e+00 1.354456530291378025e-01
8.900000000000000000e+02 0.000000000000000000e+00 3.087910726906644698e-01 0.000000000000000000e+00 0.000000000000000000e+00 0.000000000000000000e+00 1.254778777897639919e-01
8.950000000000000000e+02 1.067889507497165325e-01 0.000000000000000000e+00 0.000000000000000000e+00 0.000000000000000000e+00 9.886422183295667798e-02 0.000000000000000000e+00
9.000000000000000000e+02 8.978640054396161418e-02 2.106522004292744332e-01 0.000000000000000000e+00 0.000000000000000000e+00 6.575231485600963044e-02 1.484280519945473664e-01
9.050000000000000000e+02 1.728294611014542098e-02 1.122733416211820975e-02 0.000000000000000000e+00 0.000000000000000000e+00 4.851308319532905700e-02 2.745756840248423161e-02
9.100000000000000000e+02 6.661957430999013163e-02 8.629556175763711257e-02 0.000000000000000000e+00 0.000000000000000000e+00 1.081748038441761317e-01 1.328996820304917392e-01
9.150000000000000000e+02 1.111941680633426743e-01 2.846385619392532984e-02 0.000000000000000000e+00 0.000000000000000000e+00 1.260839564034287874e-01 6.088023613101808257e-02
9.200000000000000000e+02 1.102317271169986901e-01 8.880054936304490609e-03 0.000000000000000000e+00 0.000000000000000000e+00 1.103304455690991143e-01 7.064009749421522669e-03
9.250000000000000000e+02 1.040520852131276985e-01 1.906952404955044034e-01 0.000000000000000000e+00 0.000000000000000000e+00 6.683669542010729769e-02 8.225363902532482896e-02
9.300000000000000000e+02 1.464244194661597775e-01 2.004703579629326105e-01 0.000000000000000000e+00 0.000000000000000000e+00 1.112453639529351473e-01 1.111452708230377812e-01
9.350000000000000000e+02 3.222674298555547323e-01 1.753718528512309971e-01 0.000000000000000000e+00 0.000000000000000000e+00 1.489633164007574118e-01 8.867638406718673927e-02
9.400000000000000000e+02 7.114976710945619676e-02 1.154370451204570075e-01 0.000000000000000000e+00 0.000000000000000000e+00 1.407385268605601258e-01 7.270703697271911625e-02
9.450000000000000000e+02 4.893175856583979744e-02 6.954678346736728467e-02 0.000000000000000000e+00 0.000000000000000000e+00 6.146247141519387003e-02 1.057270545403696943e-01
9.500000000000000000e+02 8.194390918399870050e-02 2.426134040125694502e-01 0.000000000000000000e+00 0.000000000000000000e+00 8.988817662195044966e-02 9.405205952859720109e-02
9.550000000000000000e+02 8.472978736408896816e-02 1.613528818811142129e-01 0.000000000000000000e+00 0.000000000000000000e+00 1.951117000325841566e-01 1.159873615456792628e-01
9.600000000000000000e+02 1.906319501099678348e-01 7.544256242152821978e-02 0.000000000000000000e+00 0.000000000000000000e+00 6.884289911742813572e-02 8.652992050913098365e-02
9.650000000000000000e+02 2.427373683003055671e-01 2.590078792902569815e-01 1.000000000000000000e+00 1.000000000000000000e+00 7.471655821327212454e-02 8.216907272021652109e-02
9.700000000000000000e+02 2.454151710183451185e-02 3.716864627946019073e-02 0.000000000000000000e+00 0.000000000000000000e+00 4.923391322199450332e-02 1.734929056848263096e-01
9.750000000000000000e+02 6.298662329155481354e-02 1.433747173443065126e-01 0.000000000000000000e+00 0.000000000000000000e+00 1.147994244595999247e-01 7.655763627442582764e-02
9.800000000000000000e+02 1.238918093374768714e-01 1.678768761895043649e-01 0.000000000000000000e+00 0.000000000000000000e+00 1.084243315701743648e-01 1.327689085172191752e-01
9.850000000000000000e+02 5.140980481206236172e-03 2.379427196201778227e-01 0.000000000000000000e+00 0.000000000000000000e+00 2.984823668008695832e-03 8.627016315860148998e-02
9.900000000000000000e+02 1.513112538935529328e-01 1.651952200525774184e-01 0.000000000000000000e+00 0.000000000000000000e+00 1.512713978246995605e-01 1.071558111954180742e-01
9.950000000000000000e+02 1.478391729111497299e-01 9.168104507624683097e-02 0.000000000000000000e+00 0.000000000000000000e+00 1.002452819601720030e-01 1.208614039500177789e-01
