0.000000000000000000e+00 0.000000000000000000e+00 0.000000000000000000e+00 0.000000000000000000e+00 0.000000000000000000e+00 0.000000000000000000e+00 0.000000000000000000e+00
5.000000000000000000e+00 6.110026974567821512e-01 7.831333075132135280e-01 1.000000000000000000e+00 1.000000000000000000e+00 1.064009018574529064e-01 9.652387150489565026e-02
1.000000000000000000e+01 6.235184587216354712e-01 6.560745042239403135e-01 1.000000000000000000e+00 1.000000000000000000e+00 1.570628480609787825e-01 1.396071245117317672e-01
1.500000000000000000e+01 5.429973324218774211e-01 6.969661559909055004e-01 0.000000000000000000e+00 1.000000000000000000e+00 2.103338037562732243e-01 1.463160817248294332e-01
2.000000000000000000e+01 4.489527581272289014e-01 6.351056961609022888e-01 1.000000000000000000e+00 1.000000000000000000e+00 1.122953696560626269e-01 1.224626442906370516e-01
2.500000000000000000e+01 6.235048788478210202e-01 4.538980916622195605e-01 1.000000000000000000e+00 1.000000000000000000e+00 1.758445313927918530e-01 1.153555475915695183e-01
3.000000000000000000e+01 6.227017972738363438e-01 5.743947009702122797e-01 1.000000000000000000e+00 1.000000000000000000e+00 1.966264181838127678e-01 1.554221292919758801e-01
3.500000000000000000e+01 2.971489010725946178e-01 4.807903670208267255e-01 0.000000000000000000e+00 1.000000000000000000e+00 1.481804437148316056e-01 7.533251409271922439e-02
4.000000000000000000e+01 5.555364250001624260e-01 5.799290225214009942e-01 1.000000000000000000e+00 1.000000000000000000e+00 1.935604598360859407e-01 1.472753176655473284e-01
4.500000000000000000e+01 4.342066538233489981e-01 5.027882947081782072e-01 1.000000000000000000e+00 1.000000000000000000e+00 1.417470725420912347e-01 1.476634646266168360e-01
5.000000000000000000e+01 5.008581295853111737e-01 6.421767845042232192e-01 1.000000000000000000e+00 1.000000000000000000e+00 1.458759445015994083e-01 1.501167177008995157e-01
5.500000000000000000e+01 5.153003414582825181e-01 5.336737665061213054e-01 1.000000000000000000e+00 1.000000000000000000e+00 1.266694260123281679e-01 1.512876396976404192e-01
6.000000000000000000e+01 5.145067167032313371e-01 4.531897828755561686e-01 1.000000000000000000e+00 1.000000000000000000e+00 1.486696479766977663e-01 1.004944115485356948e-01
6.500000000000000000e+01 4.148219049558886651e-01 3.723690902017530169e-01 1.000000000000000000e+00 0.000000000000000000e+00 1.228190774060813062e-01 1.377089591251427492e-01
7.000000000000000000e+01 5.439896857688053533e-01 5.454001634721101777e-01 1.000000000000000000e+00 1.000000000000000000e+00 1.156581138678633019e-01 1.723586965939253868e-01
7.500000000000000000e+01 4.505507035651281633e-01 4.888434757354304661e-01 1.000000000000000000e+00 1.000000000000000000e+00 1.496407550430617350e-01 1.399623658769864332e-01
8.000000000000000000e+01 4.742818607391674490e-01 2.564626470171040284e-01 0.000000000000000000e+00 0.000000000000000000e+00 1.787511120990368796e-01 1.089548338068584699e-01
8.500000000000000000e+01 5.385071234097429382e-01 3.457092848524295214e-01 0.000000000000000000e+00 0.000000000000000000e+00 2.126675678576500084e-01 1.293554675028228962e-01
9.000000000000000000e+01 4.472069909025320200e-01 2.523485221965223735e-01 1.000000000000000000e+00 0.000000000000000000e+00 8.654622770178420355e-02 1.687573168400109958e-01
9.500000000000000000e+01 4.625873475137572965e-01 4.136270623723352635e-01 1.000000000000000000e+00 1.000000000000000000e+00 1.399212891682823090e-01 1.275379475890848491e-01
1.000000000000000000e+02 4.762660365992122391e-01 4.204007116235607411e-01 1.000000000000000000e+00 0.000000000000000000e+00 1.353784667017862153e-01 1.615014568747193680e-01
1.050000000000000000e+02 3.272685417817103315e-01 2.947217704841295638e-01 0.000000000000000000e+00 0.000000000000000000e+00 1.802802425514361540e-01 1.220113162000171225e-01
1.100000000000000000e+02 2.028530923034276567e-01 4.399595531027227224e-01 0.000000000000000000e+00 0.000000000000000000e+00 9.912997254396485602e-02 1.570354992929770821e-01
1.150000000000000000e+02 4.055886014845606624e-01 4.951086805027397619e-01 0.000000000000000000e+00 1.000000000000000000e+00 1.444951680069180566e-01 1.003305463495225147e-01
1.200000000000000000e+02 3.656764349501017142e-01 3.927803414540816940e-01 0.000000000000000000e+00 1.000000000000000000e+00 1.869247460789233706e-01 1.046427126807387836e-01
1.250000000000000000e+02 3.489102976163486192e-01 4.533970281626238941e-01 0.000000000000000000e+00 1.000000000000000000e+00 1.393608108685075730e-01 1.118687195147837071e-01
1.300000000000000000e+02 4.183063517260580122e-01 4.094395330780260522e-01 0.000000000000000000e+00 0.000000000000000000e+00 1.706159376069960876e-01 1.573096116212741868e-01
1.350000000000000000e+02 3.831775020549882393e-01 5.463532788948241015e-01 1.000000000000000000e+00 1.000000000000000000e+00 1.138308822763459405e-01 1.325365467685120924e-01
1.400000000000000000e+02 2.699542874950228155e-01 3.291185358804030736e-01 0.000000000000000000e+00 0.000000000000000000e+00 1.384023613840124900e-01 1.578605374243177428e-01
1.450000000000000000e+02 3.840434162844580390e-01 3.551096212758150239e-01 0.000000000000000000e+00 1.000000000000000000e+00 1.746280587138088758e-01 9.853429730316072555e-02
1.500000000000000000e+02 3.909189969967471479e-01 5.929079014196984021e-01 1.000000000000000000e+00 1.000000000000000000e+00 1.191525929840501069e-01 1.397841016343369658e-01
1.550000000000000000e+02 5.232302542273401524e-01 5.006857705714798934e-01 1.000000000000000000e+00 1.000000000000000000e+00 1.616578063917552543e-01 1.110397820833983751e-01
1.600000000000000000e+02 5.027032328177017950e-01 3.260983707375147977e-01 1.000000000000000000e+00 1.000000000000000000e+00 1.409398995573371560e-01 7.946944282194652598e-02
1.650000000000000000e+02 4.662132955243493693e-01 4.166241208123506179e-01 1.000000000000000000e+00 1.000000000000000000e+00 1.388245343529225240e-01 1.267901952754777739e-01
1.700000000000000000e+02 2.954749023206492131e-01 3.736952281856692482e-01 0.000000000000000000e+00 0.000000000000000000e+00 2.136142002044280896e-01 2.183968734726529359e-01
1.750000000000000000e+02 2.916385590599946953e-01 2.508116560793572924e-01 0.000000000000000000e+00 0.000000000000000000e+00 1.476378282017940524e-01 1.239186127179856545e-01
1.800000000000000000e+02 4.217682837548101249e-01 3.341652265930744603e-01 0.000000000000000000e+00 0.000000000000000000e+00 1.627611059797001714e-01 1.928857453820495005e-01
1.850000000000000000e+02 5.654496727520326171e-01 2.675185019311319690e-01 0.000000000000000000e+00 0.000000000000000000e+00 2.027181270849324202e-01 1.243090359659042854e-01
1.900000000000000000e+02 5.284258687826398626e-01 2.128758032277966450e-01 1.000000000000000000e+00 0.000000000000000000e+00 1.410104314427743644e-01 1.501538018293367693e-01
1.950000000000000000e+02 5.121736445897731027e-01 2.813434163133017862e-01 0.000000000000000000e+00 1.000000000000000000e+00 2.250239281212809417e-01 6.902958837407233150e-02
2.000000000000000000e+02 3.524832425322758089e-01 3.740731610013246500e-01 1.000000000000000000e+00 1.000000000000000000e+00 9.361467190178475450e-02 1.237661066465375465e-01
2.050000000000000000e+02 3.908391447341471592e-01 3.934236281485993247e-01 0.000000000000000000e+00 0.000000000000000000e+00 1.736658342572589275e-01 1.502136475407429006e-01
2.100000000000000000e+02 3.731742717955996436e-01 1.995953166917353028e-01 1.000000000000000000e+00 0.000000000000000000e+00 1.080369622191490464e-01 1.301044254963386326e-01
2.150000000000000000e+02 4.225157648835427548e-01 5.057389696267932111e-01 1.000000000000000000e+00 1.000000000000000000e+00 1.487475952005649638e-01 1.061115586963274904e-01
2.200000000000000000e+02 4.619640097824110336e-01 4.032008624488481741e-01 1.000000000000000000e+00 1.000000000000000000e+00 1.590753571297356950e-01 1.222755492236391739e-01
2.250000000000000000e+02 3.258156380879429492e-01 2.606169307707799643e-01 0.000000000000000000e+00 0.000000000000000000e+00 1.355719680268183680e-01 1.423528253035080959e-01
2.300000000000000000e+02 4.353808144282278469e-01 2.423403364066118171e-01 1.000000000000000000e+00 0.000000000000000000e+00 1.307246005814013123e-01 1.260179646556029431e-01
2.350000000000000000e+02 3.684569968592641964e-01 3.926190261649272761e-01 1.000000000000000000e+00 1.000000000000000000e+00 8.157380574368751358e-02 1.254315878082935265e-01
2.400000000000000000e+02 2.755580399734051666e-01 2.033698106210535816e-01 0.000000000000000000e+00 0.000000000000000000e+00 1.431133214337546866e-01 1.445734672342800509e-01
2.450000000000000000e+02 2.828279313366857117e-01 3.467746672166880373e-01 1.000000000000000000e+00 0.000000000000000000e+00 9.578468811613577438e-02 1.299520383956398462e-01
2.500000000000000000e+02 2.365818147077640154e-01 2.765499812604687579e-01 0.000000000000000000e+00 0.000000000000000000e+00 1.146946372020447302e-01 1.727950378220080019e-01
2.550000000000000000e+02 3.606143185462978296e-01 4.779464471724010899e-01 1.000000000000000000e+00 1.000000000000000000e+00 1.134455282137345616e-01 1.051632442839034870e-01
2.600000000000000000e+02 2.953717005357798797e-01 4.054614614897535385e-01 1.000000000000000000e+00 1.000000000000000000e+00 8.293289412349143241e-02 1.269372885143999763e-01
2.650000000000000000e+02 3.533747641987606269e-01 2.417900152769351385e-01 0.000000000000000000e+00 0.000000000000000000e+00 1.759810791950436881e-01 1.565258943843142458e-01
2.700000000000000000e+02 5.606576974170717209e-01 3.553085116194522053e-01 1.000000000000000000e+00 0.000000000000000000e+00 1.016477892359813895e-01 1.987083423565475515e-01
2.750000000000000000e+02 5.885893809700044610e-01 2.983957919598952957e-01 0.000000000000000000e+00 0.000000000000000000e+00 2.599321224156360688e-01 1.233962602770662248e-01
2.800000000000000000e+02 2.772970226394709803e-01 3.611434320006911558e-01 0.000000000000000000e+00 1.000000000000000000e+00 1.227479871378886339e-01 1.224032901760075398e-01
2.850000000000000000e+02 2.141444760738319408e-01 3.460830037978880336e-01 0.000000000000000000e+00 1.000000000000000000e+00 1.134495575800596734e-01 7.311096491205600068e-02
2.900000000000000000e+02 1.427331951617101802e-01 2.276978463669790398e-01 0.000000000000000000e+00 0.000000000000000000e+00 1.318451386575041351e-01 1.185557742671880660e-01
2.950000000000000000e+02 2.987982749215382094e-01 2.174257654762499214e-01 1.000000000000000000e+00 1.000000000000000000e+00 8.356904039267984419e-02 5.910511771145873783e-02
3.000000000000000000e+02 2.324137140791068812e-01 1.365340368085496969e-01 0.000000000000000000e+00 0.000000000000000000e+00 1.803774512714400313e-01 1.583886807616453340e-01
3.050000000000000000e+02 4.363757570425771393e-01 3.878576384352347972e-01 1.000000000000000000e+00 1.000000000000000000e+00 1.226054178889496998e-01 1.337389034999804105e-01
3.100000000000000000e+02 4.378348019445835737e-01 1.320460468145133182e-01 1.000000000000000000e+00 0.000000000000000000e+00 1.290648558077828745e-01 1.154426118926883682e-01
3.150000000000000000e+02 4.290130225819229759e-01 3.469496594513948318e-01 1.000000000000000000e+00 1.000000000000000000e+00 1.412996186639965956e-01 8.991711319540725278e-02
3.200000000000000000e+02 3.819125302882396267e-01 2.125879266014550628e-01 1.000000000000000000e+00 0.000000000000000000e+00 1.269342908119511781e-01 8.900153683756018008e-02
3.250000000000000000e+02 3.202677027974339952e-01 1.085355490477731000e-01 0.000000000000000000e+00 0.000000000000000000e+00 1.761509928266943303e-01 8.764641620618081330e-02
3.300000000000000000e+02 2.465971198080296189e-01 2.768017599346560553e-01 0.000000000000000000e+00 0.000000000000000000e+00 1.519480604391048317e-01 1.156718442226339488e-01
3.350000000000000000e+02 3.523975392549744678e-01 2.106604929004333437e-01 1.000000000000000000e+00 0.000000000000000000e+00 1.026135058229393354e-01 9.744851529256570721e-02
3.400000000000000000e+02 1.050535385208385131e-01 2.429494439794864236e-01 0.000000000000000000e+00 0.000000000000000000e+00 1.044120576524922572e-01 1.372672210170226281e-01
3.450000000000000000e+02 3.188456981127835710e-01 5.322322498550839491e-03 1.000000000000000000e+00 0.000000000000000000e+00 8.688113824771480365e-02 7.406470462828095361e-03
3.500000000000000000e+02 4.309591796215104798e-01 2.005135456574704267e-01 0.000000000000000000e+00 0.000000000000000000e+00 1.773623946762405423e-01 1.412502006838040614e-01
3.550000000000000000e+02 2.320831522651697620e-01 1.522856769277882438e-01 0.000000000000000000e+00 0.000000000000000000e+00 1.119702961563405763e-01 9.635787900093857605e-02
3.600000000000000000e+02 2.706113216598368676e-01 2.775083441788163130e-01 1.000000000000000000e+00 0.000000000000000000e+00 6.991655010722459818e-02 9.867103835552978874e-02
3.650000000000000000e+02 4.069611889999353305e-01 1.421763234916600116e-01 1.000000000000000000e+00 0.000000000000000000e+00 1.237121272360161006e-01 9.772153261141969249e-02
3.700000000000000000e+02 1.273705342403421148e-01 2.007780925982619036e-01 0.000000000000000000e+00 0.000000000000000000e+00 1.066117951484193693e-01 1.240288425863225741e-01
3.750000000000000000e+02 2.836525976751512190e-01 2.362928315411967350e-01 0.000000000000000000e+00 0.000000000000000000e+00 1.248278082968499736e-01 1.634123089773376614e-01
3.800000000000000000e+02 2.857230708163137067e-01 2.408564427715128298e-01 0.000000000000000000e+00 0.000000000000000000e+00 1.334970002900133512e-01 1.798049607387166571e-01
3.850000000000000000e+02 1.672887985159246249e-01 1.360697685258636935e-01 0.000000000000000000e+00 0.000000000000000000e+00 1.095185879394191819e-01 1.241549769558158850e-01
3.900000000000000000e+02 6.529477115494727868e-02 3.219372662529375040e-01 0.000000000000000000e+00 1.000000000000000000e+00 1.463869896777811597e-01 9.819031392709627604e-02
3.950000000000000000e+02 1.936907227517852825e-01 1.407819039460692367e-01 0.000000000000000000e+00 0.000000000000000000e+00 1.046645824889262666e-01 7.779497162577966862e-02
4.000000000000000000e+02 2.657490711518540327e-01 1.874027912130253881e-01 1.000000000000000000e+00 0.000000000000000000e+00 9.006440121664591181e-02 1.681801869839940344e-01
4.050000000000000000e+02 3.061219804357917518e-01 3.920455245954752588e-01 0.000000000000000000e+00 1.000000000000000000e+00 1.200992995534690133e-01 9.504639850766349873e-02
4.100000000000000000e+02 2.141996566113094358e-01 3.280253207042749808e-01 0.000000000000000000e+00 0.000000000000000000e+00 1.294703608911117465e-01 1.345346174736016254e-01
4.150000000000000000e+02 3.391460948405770615e-01 2.574384030049993166e-01 0.000000000000000000e+00 0.000000000000000000e+00 1.571045744032869285e-01 1.328952846102851304e-01
4.200000000000000000e+02 2.637895441097624638e-01 3.321045218278703137e-01 0.000000000000000000e+00 1.000000000000000000e+00 1.162479131309229613e-01 8.496684319555590503e-02
4.250000000000000000e+02 1.736144089221015874e-01 1.106888894226683850e-01 0.000000000000000000e+00 0.000000000000000000e+00 1.396016361199541866e-01 1.119020229532875499e-01
4.300000000000000000e+02 3.195522028384294444e-01 2.303241404064806930e-01 0.000000000000000000e+00 0.000000000000000000e+00 1.413662943884446688e-01 9.557611176592711866e-02
4.350000000000000000e+02 1.863290240709132850e-01 4.532772187168757627e-01 0.000000000000000000e+00 1.000000000000000000e+00 1.314966917940302016e-01 1.046786729004903771e-01
4.400000000000000000e+02 2.765906039921348647e-01 1.310536708032275788e-01 0.000000000000000000e+00 0.000000000000000000e+00 1.403628059585084464e-01 1.209539070552119316e-01
4.450000000000000000e+02 2.039844255947479701e-01 1.199451129309612452e-01 0.000000000000000000e+00 0.000000000000000000e+00 8.165949611270222064e-02 1.231488520256782682e-01
4.500000000000000000e+02 3.746854669218867562e-01 1.524736058588025966e-01 1.000000000000000000e+00 0.000000000000000000e+00 5.787010345218911861e-02 2.139948346897961040e-01
4.550000000000000000e+02 3.744893097443596774e-01 1.788689726822710879e-01 0.000000000000000000e+00 0.000000000000000000e+00 1.416857206327871432e-01 1.671212284168987205e-01
4.600000000000000000e+02 2.042882623532565334e-01 3.550652461052854481e-01 0.000000000000000000e+00 1.000000000000000000e+00 1.427631303274763674e-01 1.021975428170222439e-01
4.650000000000000000e+02 1.196073078329219080e-01 2.182610569490239238e-01 0.000000000000000000e+00 0.000000000000000000e+00 1.081072082518798466e-01 1.420203129548714693e-01
4.700000000000000000e+02 1.991620125724508639e-01 2.968765636906133265e-01 0.000000000000000000e+00 0.000000000000000000e+00 8.845817014172166481e-02 1.278710244440381671e-01
4.750000000000000000e+02 1.224809961349807991e-01 4.263216969220036678e-01 0.000000000000000000e+00 0.000000000000000000e+00 7.247457141619209620e-02 1.689299167060549500e-01
4.800000000000000000e+02 2.586211976515354061e-01 2.889252216589005551e-01 0.000000000000000000e+00 0.000000000000000000e+00 1.050693465518860031e-01 1.677115337002787199e-01
4.850000000000000000e+02 2.817413241239540289e-01 1.675209918995086145e-01 0.000000000000000000e+00 0.000000000000000000e+00 1.184903109343462962e-01 6.061697090150408584e-02
4.900000000000000000e+02 1.100523201919413746e-01 1.829446058955401522e-01 0.000000000000000000e+00 0.000000000000000000e+00 9.901496095214754045e-02 1.084421936810905512e-01
4.950000000000000000e+02 2.575428325866694346e-01 2.521474304278273904e-01 0.000000000000000000e+00 0.000000000000000000e+00 1.377263008759249396e-01 9.084615914346778898e-02
5.000000000000000000e+02 3.757542993110263296e-02 1.759196148478064381e-01 0.000000000000000000e+00 0.000000000000000000e+00 4.629983568229249086e-02 1.322189337916320206e-01
5.050000000000000000e+02 2.045942588330394718e-01 2.126806690439893011e-01 0.000000000000000000e+00 0.000000000000000000e+00 9.298071271214876365e-02 1.654326158046721396e-01
5.100000000000000000e+02 4.945811182351654567e-02 5.964744229076052173e-02 0.000000000000000000e+00 0.000000000000000000e+00 1.003792573494732415e-01 1.188213595911051246e-01
5.150000000000000000e+02 1.616611117095546613e-01 1.232453974522217388e-01 0.000000000000000000e+00 0.000000000000000000e+00 1.185238650543309485e-01 8.677402981404806759e-02
5.200000000000000000e+02 2.473291048056165953e-01 1.151900728227783083e-01 0.000000000000000000e+00 0.000000000000000000e+00 1.003167190765756750e-01 5.634833555320486326e-02
5.250000000000000000e+02 1.196957895198254018e-01 2.009235304823298041e-01 0.000000000000000000e+00 0.000000000000000000e+00 9.709658746335181334e-02 1.716509240864989017e-01
5.300000000000000000e+02 2.475951395732727267e-01 2.445853707659724208e-01 0.000000000000000000e+00 0.000000000000000000e+00 1.141017644618196186e-01 1.295365026051526203e-01
5.350000000000000000e+02 2.181840289400675537e-01 8.203276578612434672e-03 0.000000000000000000e+00 0.000000000000000000e+00 1.264543050545433311e-01 1.402732210226059067e-02
5.400000000000000000e+02 4.318366133783211464e-02 2.951234470451976483e-02 0.000000000000000000e+00 0.000000000000000000e+00 9.563013078559895463e-02 1.573840277363413032e-01
5.450000000000000000e+02 2.914117580050449297e-01 1.899642624453049267e-01 0.000000000000000000e+00 0.000000000000000000e+00 1.430697161650209548e-01 9.694611993666078786e-02
5.500000000000000000e+02 2.236869784096453539e-01 2.172212742373078598e-01 0.000000000000000000e+00 0.000000000000000000e+00 1.562758193294536135e-01 1.416869281237861378e-01
5.550000000000000000e+02 1.586898291135416250e-01 3.362882127712182173e-02 0.000000000000000000e+00 0.000000000000000000e+00 1.275505812143095385e-01 1.084372914096613377e-01
5.600000000000000000e+02 3.176972434085217900e-01 9.828038094809288250e-02 0.000000000000000000e+00 0.000000000000000000e+00 1.427607521501601251e-01 8.551240585396299720e-02
5.650000000000000000e+02 1.304400990110666791e-01 2.264611326889185428e-01 0.000000000000000000e+00 0.000000000000000000e+00 7.386115400725200286e-02 1.209231604667679594e-01
5.700000000000000000e+02 6.350399951509708152e-02 2.219076011286474359e-01 0.000000000000000000e+00 0.000000000000000000e+00 9.545528383026158359e-02 1.221829558494305912e-01
5.750000000000000000e+02 3.540197045284959598e-01 2.236330963131228367e-01 1.000000000000000000e+00 0.000000000000000000e+00 6.450758463427050393e-02 1.229644461719979764e-01
5.800000000000000000e+02 8.407622889028310009e-02 2.990589361172907301e-01 0.000000000000000000e+00 0.000000000000000000e+00 9.801102930844843297e-02 1.226378707688327019e-01
5.850000000000000000e+02 3.069042787206057166e-01 1.834414318539497879e-01 1.000000000000000000e+00 0.000000000000000000e+00 8.074546740222923735e-02 1.431810053998071874e-01
5.900000000000000000e+02 1.754412391594848963e-01 9.976719092043009884e-02 0.000000000000000000e+00 0.000000000000000000e+00 1.204637005541299988e-01 1.062338256269579895e-01
5.950000000000000000e+02 2.077471525392619311e-01 1.920682707348390639e-01 0.000000000000000000e+00 0.000000000000000000e+00 1.432876113887955882e-01 9.320071056331236115e-02
6.000000000000000000e+02 3.938553952610180375e-01 2.548665696995877639e-01 1.000000000000000000e+00 0.000000000000000000e+00 9.202145042988667256e-02 1.400212791201743134e-01
6.050000000000000000e+02 1.809772023604707125e-01 3.256371277638059891e-01 0.000000000000000000e+00 1.000000000000000000e+00 7.634316451054205810e-02 1.023849399845577074e-01
6.100000000000000000e+02 1.457941800350310846e-01 1.834390370694301553e-01 0.000000000000000000e+00 0.000000000000000000e+00 6.077970435517451170e-02 1.230348081600702026e-01
6.150000000000000000e+02 4.317850750334160936e-02 4.680702043597800149e-02 0.000000000000000000e+00 0.000000000000000000e+00 9.155980723991778703e-02 9.501093342790584151e-02
6.200000000000000000e+02 1.147174814850729085e-01 6.426975004765335397e-02 0.000000000000000000e+00 0.000000000000000000e+00 8.143841002726524836e-02 6.800783651726344248e-02
6.250000000000000000e+02 2.701571031897017638e-01 2.171750476882556846e-01 1.000000000000000000e+00 1.000000000000000000e+00 7.717265805107560717e-02 7.517131778896252170e-02
6.300000000000000000e+02 1.320397892300729514e-01 7.303009585394833192e-02 0.000000000000000000e+00 0.000000000000000000e+00 1.594811526209017338e-01 7.459184638052683558e-02
6.350000000000000000e+02 1.517885423496143360e-01 1.039090208829445972e-01 0.000000000000000000e+00 0.000000000000000000e+00 1.019395499063212307e-01 1.007469891161634212e-01
6.400000000000000000e+02 1.339091983810635211e-01 3.121632367707255495e-01 0.000000000000000000e+00 1.000000000000000000e+00 7.546175573793366398e-02 9.612175089153769669e-02
6.450000000000000000e+02 3.955142343163220442e-02 2.196397687010568645e-01 0.000000000000000000e+00 0.000000000000000000e+00 7.598253333301045742e-02 1.014475393657297136e-01
6.500000000000000000e+02 7.841539887000073539e-02 8.677349360067719564e-03 0.000000000000000000e+00 0.000000000000000000e+00 7.868644703415819674e-02 7.806592867066613171e-03
6.550000000000000000e+02 7.255758548077484438e-02 5.071561264664157381e-02 0.000000000000000000e+00 0.000000000000000000e+00 1.073919502793494046e-01 8.974180029384447310e-02
6.600000000000000000e+02 1.378209232973013620e-01 1.579642737139622111e-01 0.000000000000000000e+00 0.000000000000000000e+00 8.902657495353663575e-02 1.754153929128922373e-01
6.650000000000000000e+02 1.389898576572450584e-01 3.403233270443565828e-01 0.000000000000000000e+00 1.000000000000000000e+00 1.032225241459990284e-01 6.213367883944450470e-02
6.700000000000000000e+02 1.659195754472144735e-01 1.158042176394691036e-01 0.000000000000000000e+00 0.000000000000000000e+00 9.296308485918679254e-02 1.198944459804505147e-01
6.750000000000000000e+02 1.754520216043288783e-01 4.831847751083536563e-02 0.000000000000000000e+00 0.000000000000000000e+00 1.021040520089412929e-01 1.138656707641759053e-01
6.800000000000000000e+02 2.145192944004045421e-01 1.287045710419048583e-01 0.000000000000000000e+00 0.000000000000000000e+00 1.480698475932270830e-01 1.200035990639790051e-01
6.850000000000000000e+02 1.468409601138453979e-01 4.421635620299303737e-02 0.000000000000000000e+00 0.000000000000000000e+00 8.377572835737662205e-02 5.340265712282214750e-02
6.900000000000000000e+02 2.324045664627329422e-01 1.777248699102437768e-01 1.000000000000000000e+00 0.000000000000000000e+00 7.234643551458702637e-02 9.731414918110084522e-02
6.950000000000000000e+02 1.416029064764687262e-02 1.067965238064902678e-01 0.000000000000000000e+00 0.000000000000000000e+00 6.252466601933713564e-02 9.017577242064497844e-02
7.000000000000000000e+02 1.300071047339925179e-01 1.892871156492761664e-01 0.000000000000000000e+00 0.000000000000000000e+00 6.409947570410691464e-02 7.862571277637733780e-02
7.050000000000000000e+02 1.078208989503326443e-01 2.407093243924291193e-01 0.000000000000000000e+00 1.000000000000000000e+00 1.365506338355061966e-01 5.529791953920724923e-02
7.100000000000000000e+02 0.000000000000000000e+00 4.874053653664603414e-01 0.000000000000000000e+00 0.000000000000000000e+00 0.000000000000000000e+00 1.743670205203859680e-01
7.150000000000000000e+02 1.676281917646358921e-01 1.796064079146353076e-01 0.000000000000000000e+00 0.000000000000000000e+00 2.089900889059899958e-01 1.243137224708412009e-01
7.200000000000000000e+02 1.780387805608479035e-01 1.015486656041143937e-01 0.000000000000000000e+00 0.000000000000000000e+00 1.158596989352747714e-01 6.448302927399209017e-02
7.250000000000000000e+02 1.518818522030286888e-01 2.314388184475015819e-01 0.000000000000000000e+00 0.000000000000000000e+00 1.450766176950172293e-01 2.197033217463118526e-01
7.300000000000000000e+02 2.814162121214162093e-01 2.482849669952536531e-01 1.000000000000000000e+00 0.000000000000000000e+00 9.517118702170407341e-02 1.082338069449420986e-01
7.350000000000000000e+02 2.282639034586835258e-01 1.966507042505845626e-01 0.000000000000000000e+00 0.000000000000000000e+00 1.490525738837710223e-01 9.081156523106943823e-02
7.400000000000000000e+02 1.306215799408846912e-01 2.276011966644036766e-01 0.000000000000000000e+00 0.000000000000000000e+00 1.373076258931084648e-01 1.547338981448213580e-01
7.450000000000000000e+02 1.864443000529973360e-01 5.530846054512780080e-02 0.000000000000000000e+00 0.000000000000000000e+00 1.165253697354397128e-01 6.705518677603897193e-02
7.500000000000000000e+02 5.108471474741606289e-02 2.422992300684005396e-01 0.000000000000000000e+00 0.000000000000000000e+00 1.132286392220609172e-01 1.022327847715535643e-01
7.550000000000000000e+02 1.859721345274106263e-01 6.796196797360146147e-02 0.000000000000000000e+00 0.000000000000000000e+00 9.033370784973042411e-02 1.005555716208437755e-01
7.600000000000000000e+02 9.875351597594299313e-02 9.900656085525573469e-02 0.000000000000000000e+00 0.000000000000000000e+00 1.432080164297868941e-01 1.602655704984330964e-01
7.650000000000000000e+02 1.605940559808538837e-01 8.461760958801379032e-03 0.000000000000000000e+00 0.000000000000000000e+00 7.977324074658706521e-02 4.031053594412902299e-03
7.700000000000000000e+02 2.104853502578926394e-01 2.457072300362738437e-01 0.000000000000000000e+00 0.000000000000000000e+00 1.210063685290326263e-01 1.324112106206450645e-01
7.750000000000000000e+02 1.905013477641661068e-01 1.534759460507818252e-01 0.000000000000000000e+00 0.000000000000000000e+00 7.946380158844713881e-02 1.844494210736099260e-01
7.800000000000000000e+02 1.334412110619768443e-01 2.816452180214305129e-02 0.000000000000000000e+00 0.000000000000000000e+00 1.034569698091874490e-01 8.243678686474720241e-02
7.850000000000000000e+02 8.611806222709889047e-02 1.622777420913812108e-01 0.000000000000000000e+00 0.000000000000000000e+00 1.339759413309685454e-01 1.938786641794237875e-01
7.900000000000000000e+02 1.505956481146744075e-01 4.818984235107404840e-02 0.000000000000000000e+00 0.000000000000000000e+00 1.015238769094317095e-01 7.833972375451420112e-02
7.950000000000000000e+02 1.344720912318023154e-01 8.606529899366588410e-02 0.000000000000000000e+00 0.000000000000000000e+00 9.033708562399303532e-02 1.068642495219368216e-01
8.000000000000000000e+02 1.084024798680777446e-01 2.903690641348320445e-01 0.000000000000000000e+00 0.000000000000000000e+00 8.838286460708538739e-02 1.710918849050981627e-01
8.050000000000000000e+02 9.149937722567129395e-02 2.921507929489454147e-01 0.000000000000000000e+00 0.000000000000000000e+00 6.746066108230330816e-02 1.088552238350789791e-01
8.100000000000000000e+02 2.708011529902070169e-01 3.661206822581901388e-02 1.000000000000000000e+00 0.000000000000000000e+00 8.015427359810523011e-02 1.552295252922747948e-01
8.150000000000000000e+02 1.711508390907525157e-01 2.477848480150985910e-01 0.000000000000000000e+00 0.000000000000000000e+00 9.293335474280593755e-02 1.615414311417584792e-01
8.200000000000000000e+02 2.357956480731684401e-01 2.122675663851140426e-01 1.000000000000000000e+00 0.000000000000000000e+00 7.725626686919263852e-02 1.069246355745226695e-01
8.250000000000000000e+02 1.661929718330096284e-01 1.918858051081755445e-01 0.000000000000000000e+00 0.000000000000000000e+00 8.961360154412488510e-02 1.161440752346093175e-01
8.300000000000000000e+02 0.000000000000000000e+00 4.062963941705894852e-03 0.000000000000000000e+00 0.000000000000000000e+00 0.000000000000000000e+00 2.428865915765022511e-03
8.350000000000000000e+02 3.294655230112437938e-02 2.025062148185435562e-01 0.000000000000000000e+00 0.000000000000000000e+00 7.678949149208398606e-02 1.272561706212053390e-01
8.400000000000000000e+02 1.670293748163392267e-01 8.604659544689868475e-03 0.000000000000000000e+00 0.000000000000000000e+00 9.050435018307938229e-02 9.274121116826097855e-02
8.450000000000000000e+02 8.810601660494986331e-02 2.077422912890700135e-01 0.000000000000000000e+00 1.000000000000000000e+00 5.014605314702347272e-02 7.291372995427314319e-02
8.500000000000000000e+02 7.208727793000220541e-02 1.265317819974529634e-01 0.000000000000000000e+00 0.000000000000000000e+00 1.026734107866122403e-01 8.799740196312377805e-02
8.550000000000000000e+02 1.528890848078857112e-01 1.180813336644237488e-01 0.000000000000000000e+00 0.000000000000000000e+00 1.358075117575615331e-01 8.383215215646745710e-02
8.600000000000000000e+02 1.211165073473522147e-01 8.163016119853538921e-02 0.000000000000000000e+00 0.000000000000000000e+00 8.955458397213945931e-02 1.153463483071626300e-01
8.650000000000000000e+02 1.337007735628761018e-01 1.068165952229844784e-01 0.000000000000000000e+00 0.000000000000000000e+00 1.048900040765727987e-01 8.998382185407445555e-02
8.700000000000000000e+02 1.049791967408694876e-01 9.587498477070773018e-02 0.000000000000000000e+00 0.000000000000000000e+00 6.793952364135832922e-02 1.068852368293180533e-01
8.750000000000000000e+02 1.365669789544117149e-02 1.381894642983646782e-01 0.000000000000000000e+00 0.000000000000000000e+00 5.437441098771748048e-03 9.245127288219276429e-02
8.800000000000000000e+02 4.702428823513615103e-02 1.758327304718771411e-01 0.000000000000000000e+00 1.000000000000000000e+00 8.716620421152015963e-02 4.296978030813543292e-02
8.850000000000000000e+02 7.916092639070859693e-02 4.726358027905729758e-02 0.000000000000000000e+00 0.000000000000000000e+00 7.311215701655596200e-02 4.377562491800551792e-02
8.900000000000000000e+02 3.346149733029833984e-01 4.037480055222842923e-01 0.000000000000000000e+00 0.000000000000000000e+00 1.455572295290374907e-01 1.622287962834108310e-01
8.950000000000000000e+02 2.191712732925656382e-01 1.701941660744925354e-03 0.000000000000000000e+00 0.000000000000000000e+00 1.269910785609201231e-01 2.139227493600323257e-02
9.000000000000000000e+02 1.511450585234381527e-01 1.712186377697003936e-01 0.000000000000000000e+00 0.000000000000000000e+00 9.560325123621622734e-02 8.764569436603222852e-02
9.050000000000000000e+02 1.710050913821991869e-01 8.109752272912894300e-02 0.000000000000000000e+00 0.000000000000000000e+00 1.188713941068098023e-01 5.966967939247008051e-02
9.100000000000000000e+02 8.365831149994644445e-02 4.063239565384964280e-02 0.000000000000000000e+00 0.000000000000000000e+00 1.642657481990195956e-01 1.229052348989685822e-01
9.150000000000000000e+02 1.555714049260942811e-01 1.155696430535416430e-01 0.000000000000000000e+00 0.000000000000000000e+00 1.134451660963410324e-01 1.161387236828910208e-01
9.200000000000000000e+02 1.998655237130980145e-01 8.951211343314682822e-02 0.000000000000000000e+00 0.000000000000000000e+00 1.137688343706432514e-01 8.007667860120888659e-02
9.250000000000000000e+02 3.155935154588121461e-01 9.371438531435441477e-02 0.000000000000000000e+00 0.000000000000000000e+00 1.217901014840013368e-01 5.440196371846918455e-02
9.300000000000000000e+02 1.637826431695931784e-01 9.393427221842667874e-02 1.000000000000000000e+00 0.000000000000000000e+00 5.309586119417189498e-02 8.151722105899968096e-02
9.350000000000000000e+02 1.252144934292834244e-01 1.847919302149639564e-01 1.000000000000000000e+00 0.000000000000000000e+00 3.937979555411096066e-02 9.993342716894962341e-02
9.400000000000000000e+02 1.807449195888821136e-01 6.663785959103871170e-02 0.000000000000000000e+00 0.000000000000000000e+00 1.269707942544512358e-01 3.218865950336995824e-02
9.450000000000000000e+02 8.357943253492421121e-02 1.715073890208479446e-01 0.000000000000000000e+00 0.000000000000000000e+00 8.887412362927261944e-02 8.598785700893785133e-02
9.500000000000000000e+02 2.893576019353378270e-01 2.163437457652033769e-01 1.000000000000000000e+00 1.000000000000000000e+00 8.851666720274485589e-02 6.946620491775536144e-02
9.550000000000000000e+02 7.795861609292478733e-02 1.297306206215536207e-03 0.000000000000000000e+00 0.000000000000000000e+00 1.627798847530083082e-01 2.322568929872979859e-02
9.600000000000000000e+02 2.170049890135588438e-02 3.621710170236554227e-02 0.000000000000000000e+00 0.000000000000000000e+00 1.040647022073213079e-01 5.045120010105468705e-02
9.650000000000000000e+02 1.279905699593188451e-01 1.433625067758415861e-01 0.000000000000000000e+00 0.000000000000000000e+00 1.137972508676747957e-01 7.772190141465891433e-02
9.700000000000000000e+02 9.247010446534832673e-02 1.053075155179662714e-01 0.000000000000000000e+00 0.000000000000000000e+00 1.606803204531543350e-01 1.465783677560738019e-01
9.750000000000000000e+02 4.059724727610204698e-02 3.290087426916996245e-03 0.000000000000000000e+00 0.000000000000000000e+00 9.525668232473828712e-02 4.964699943562182749e-03
9.800000000000000000e+02 2.705651057858811728e-02 1.042160859062799122e-01 0.000000000000000000e+00 0.000000000000000000e+00 1.259407999821890167e-01 1.205076468239796028e-01
9.850000000000000000e+02 1.766911175472871132e-02 7.615151627608704454e-02 0.000000000000000000e+00 0.000000000000000000e+00 1.840893652784283963e-02 1.179823428571638300e-01
9.900000000000000000e+02 6.826092179021259199e-02 1.473789374406480612e-01 0.000000000000000000e+00 0.000000000000000000e+00 3.551007146222469324e-02 7.522227879816911766e-02
9.950000000000000000e+02 2.443045037213478765e-01 1.202279943948146579e-02 0.000000000000000000e+00 0.000000000000000000e+00 1.181430155411446331e-01 1.116695341715972373e-02
