0.000000000000000000e+00 0.000000000000000000e+00 0.000000000000000000e+00 0.000000000000000000e+00 0.000000000000000000e+00 0.000000000000000000e+00 0.000000000000000000e+00
5.000000000000000000e+00 5.863565016521243844e-01 3.855028193774890921e-01 1.000000000000000000e+00 1.000000000000000000e+00 1.766565242837060123e-01 1.325186296663292962e-01
1.000000000000000000e+01 4.629533483853555120e-01 4.518837769350138034e-01 1.000000000000000000e+00 1.000000000000000000e+00 1.073944043883314631e-01 1.464277644271416989e-01
1.500000000000000000e+01 4.957655276774579067e-01 5.552232594794415110e-01 1.000000000000000000e+00 1.000000000000000000e+00 7.984958954379542395e-02 1.570893067736580939e-01
2.000000000000000000e+01 4.902889432803215763e-01 4.263803373711903544e-01 1.000000000000000000e+00 1.000000000000000000e+00 1.178940299808671349e-01 1.038315875300991481e-01
2.500000000000000000e+01 5.483369574534548985e-01 3.226489249536672044e-01 1.000000000000000000e+00 0.000000000000000000e+00 1.525420827228677056e-01 1.284344168815046983e-01
3.000000000000000000e+01 4.025236819822974321e-01 6.064332611197924550e-01 0.000000000000000000e+00 1.000000000000000000e+00 1.454146105000230782e-01 1.695499024744457905e-01
3.500000000000000000e+01 5.315662549773999546e-01 5.327477874292547710e-01 1.000000000000000000e+00 1.000000000000000000e+00 1.381862319416254370e-01 8.760952691671908266e-02
4.000000000000000000e+01 5.142196848706130918e-01 6.289005600867889623e-01 1.000000000000000000e+00 1.000000000000000000e+00 1.377941053730695198e-01 1.087957693851880625e-01
4.500000000000000000e+01 4.276211550626322078e-01 5.896913973327183589e-01 1.000000000000000000e+00 1.000000000000000000e+00 1.232772313853121166e-01 1.368770006586778332e-01
5.000000000000000000e+01 5.369221558621268819e-01 6.385977659491872682e-01 1.000000000000000000e+00 1.000000000000000000e+00 9.893077536967168073e-02 1.465832124710481077e-01
5.500000000000000000e+01 6.337549197308327553e-01 3.605018146854199745e-01 1.000000000000000000e+00 0.000000000000000000e+00 1.300029560708304555e-01 1.562195444932350241e-01
6.000000000000000000e+01 5.856739418597922686e-01 4.116328867231680566e-01 1.000000000000000000e+00 1.000000000000000000e+00 1.375967825156591273e-01 1.004078538837783613e-01
6.500000000000000000e+01 3.177978687091353449e-01 3.527476640839503075e-01 0.000000000000000000e+00 0.000000000000000000e+00 1.551160275999800553e-01 1.649401210552284280e-01
7.000000000000000000e+01 3.890562640842482045e-01 6.007150297764431990e-01 0.000000000000000000e+00 1.000000000000000000e+00 1.620811739232869142e-01 1.388138785302589218e-01
7.500000000000000000e+01 5.611938660746353946e-01 3.678368038037926335e-01 1.000000000000000000e+00 0.000000000000000000e+00 1.348129520253100178e-01 1.397679988793850137e-01
8.000000000000000000e+01 4.186017691951786079e-01 2.387270361107566574e-01 0.000000000000000000e+00 0.000000000000000000e+00 1.536118331232219358e-01 9.403435724253637884e-02
8.500000000000000000e+01 4.850368369621356202e-01 4.308161535998385472e-01 1.000000000000000000e+00 0.000000000000000000e+00 1.322847274246406746e-01 2.009956789723044424e-01
9.000000000000000000e+01 3.106851291797624315e-01 3.226225337423539452e-01 0.000000000000000000e+00 0.000000000000000000e+00 1.756987530497644556e-01 1.496539267220998726e-01
9.500000000000000000e+01 5.264068687990887119e-01 3.937658065884167558e-01 1.000000000000000000e+00 0.000000000000000000e+00 1.475838974056713493e-01 1.549625619365605778e-01
1.000000000000000000e+02 6.440791430513641558e-01 4.017785278276067018e-01 1.000000000000000000e+00 1.000000000000000000e+00 1.111208112073939075e-01 9.004352715218463810e-02
1.050000000000000000e+02 3.957505745791357610e-01 5.171647856279956157e-01 1.000000000000000000e+00 1.000000000000000000e+00 1.082950530296012265e-01 1.292886893828733008e-01
1.100000000000000000e+02 6.071387542705177776e-01 5.503994812398611547e-01 1.000000000000000000e+00 0.000000000000000000e+00 1.351875854832024215e-01 2.171013731568725846e-01
1.150000000000000000e+02 3.820473871409458821e-01 3.885199211067714153e-01 1.000000000000000000e+00 0.000000000000000000e+00 1.038237906819806794e-01 1.651543570634759484e-01
1.200000000000000000e+02 3.935233664670442777e-01 3.696551587144956685e-01 0.000000000000000000e+00 0.000000000000000000e+00 1.527207187394107324e-01 1.497112267424384746e-01
1.250000000000000000e+02 4.358288105933560419e-01 2.730745707461853522e-01 0.000000000000000000e+00 0.000000000000000000e+00 1.747728023411797282e-01 1.280973211722980787e-01
1.300000000000000000e+02 4.046357399132760047e-01 3.608321877263457322e-01 1.000000000000000000e+00 0.000000000000000000e+00 1.224080251061049479e-01 1.712226255949215736e-01
1.350000000000000000e+02 2.588856122962376882e-01 4.692459333706232583e-01 0.000000000000000000e+00 0.000000000000000000e+00 1.269049986719937573e-01 1.892292058701926238e-01
1.400000000000000000e+02 2.120462814232283999e-01 3.345487255719480912e-01 0.000000000000000000e+00 1.000000000000000000e+00 1.489296642962483763e-01 6.490964690236365742e-02
1.450000000000000000e+02 2.411726650503838720e-01 5.254368113656187056e-01 0.000000000000000000e+00 1.000000000000000000e+00 1.546581897315009446e-01 1.279062413164355483e-01
1.500000000000000000e+02 4.312511509990132330e-01 4.078618665214870376e-01 1.000000000000000000e+00 0.000000000000000000e+00 1.357285692243855035e-01 1.517477051733565618e-01
1.550000000000000000e+02 3.488080809378036884e-01 5.476227547479595170e-01 0.000000000000000000e+00 1.000000000000000000e+00 1.488889580969879889e-01 1.434660209438413381e-01
1.600000000000000000e+02 4.390256833610348686e-01 3.641563708241309927e-01 1.000000000000000000e+00 1.000000000000000000e+00 1.333302387924693022e-01 1.109706120718134681e-01
1.650000000000000000e+02 3.361487346976277935e-01 4.865876621733097873e-01 0.000000000000000000e+00 1.000000000000000000e+00 1.220525299477662751e-01 1.348035648051304769e-01
1.700000000000000000e+02 4.511852907434497628e-01 4.806295566800161678e-01 1.000000000000000000e+00 0.000000000000000000e+00 1.444034940993943195e-01 1.803484543997660727e-01
1.750000000000000000e+02 4.008053792172611152e-01 4.139504298556163642e-01 0.000000000000000000e+00 1.000000000000000000e+00 1.728662757947933837e-01 6.533745649190626781e-02
1.800000000000000000e+02 4.327664750118858095e-01 2.523240659884988801e-01 0.000000000000000000e+00 0.000000000000000000e+00 1.733532975421052669e-01 9.896376589350269759e-02
1.850000000000000000e+02 2.426448716748945689e-01 3.011863766840516266e-01 0.000000000000000000e+00 0.000000000000000000e+00 1.926043114386080390e-01 1.078049684967517241e-01
1.900000000000000000e+02 4.198104827951693596e-01 1.727337032144211637e-01 1.000000000000000000e+00 0.000000000000000000e+00 1.457136026734513201e-01 1.090106910516585453e-01
1.950000000000000000e+02 3.647376587269569592e-01 4.044704231663474592e-01 0.000000000000000000e+00 1.000000000000000000e+00 1.786836084063430918e-01 7.747988500473199092e-02
2.000000000000000000e+02 3.792333629418979113e-01 3.735312294553053691e-01 1.000000000000000000e+00 1.000000000000000000e+00 1.321997418474728236e-01 1.062267188433292792e-01
2.050000000000000000e+02 3.625053583883316999e-01 3.597150943339083584e-01 1.000000000000000000e+00 0.000000000000000000e+00 1.152782988875368092e-01 1.666717876338821291e-01
2.100000000000000000e+02 5.792719168147133502e-01 1.674165412836123301e-01 1.000000000000000000e+00 0.000000000000000000e+00 1.370924569217570332e-01 1.473634863443217813e-01
2.150000000000000000e+02 4.478407544600792045e-01 4.466694044427012011e-01 0.000000000000000000e+00 1.000000000000000000e+00 2.072419442633896547e-01 8.938876861182144806e-02
2.200000000000000000e+02 3.514315032728467791e-01 3.123982893466142330e-01 0.000000000000000000e+00 0.000000000000000000e+00 1.332292796901426435e-01 1.797559569653071065e-01
2.250000000000000000e+02 3.905730700866957283e-01 2.021422429141047916e-01 1.000000000000000000e+00 0.000000000000000000e+00 1.145355770412904012e-01 1.293580474314189321e-01
2.300000000000000000e+02 3.688806262460894159e-01 3.006941498123208434e-01 1.000000000000000000e+00 0.000000000000000000e+00 8.341158538483463281e-02 1.268392550169697153e-01
2.350000000000000000e+02 2.766171385150474338e-01 3.277077208581931633e-01 0.000000000000000000e+00 0.000000000000000000e+00 1.771680539813001443e-01 1.265818166957453639e-01
2.400000000000000000e+02 5.278944819068931427e-01 4.608746584816618141e-01 1.000000000000000000e+00 1.000000000000000000e+00 1.140038213623474905e-01 8.038806481444127350e-02
2.450000000000000000e+02 5.211797681245327052e-01 3.575525370529042402e-01 1.000000000000000000e+00 0.000000000000000000e+00 1.651251247875309136e-01 1.723410898599259111e-01
2.500000000000000000e+02 2.950408249758843526e-01 2.536123784937618919e-01 0.000000000000000000e+00 0.000000000000000000e+00 1.498566890497392279e-01 9.935815107690754155e-02
2.550000000000000000e+02 3.231116022076138128e-01 4.950205499030805312e-01 0.000000000000000000e+00 1.000000000000000000e+00 1.563894459176089768e-01 8.591992582234035669e-02
2.600000000000000000e+02 6.013404390944169231e-01 3.989438889145596190e-01 1.000000000000000000e+00 1.000000000000000000e+00 1.317768448651998880e-01 1.400951836014109331e-01
2.650000000000000000e+02 3.327556368483370886e-01 2.359441220870130140e-01 1.000000000000000000e+00 0.000000000000000000e+00 7.591105448759696839e-02 1.236527508082133214e-01
2.700000000000000000e+02 3.901131992798055892e-01 3.619118522158805140e-01 0.000000000000000000e+00 0.000000000000000000e+00 1.800209062833995621e-01 1.558594012631073500e-01
2.750000000000000000e+02 4.661983290270533820e-01 2.816594516241720525e-01 1.000000000000000000e+00 0.000000000000000000e+00 1.542751213805088617e-01 1.094353985158225545e-01
2.800000000000000000e+02 2.272365648458522236e-01 1.788359265152907329e-01 0.000000000000000000e+00 0.000000000000000000e+00 1.303322793639644095e-01 7.963041631491261929e-02
2.850000000000000000e+02 1.486188603167084843e-01 2.444077053130812582e-01 0.000000000000000000e+00 0.000000000000000000e+00 1.091949938757194455e-01 9.989782386245450729e-02
2.900000000000000000e+02 3.833512390860963626e-01 3.133654294786195615e-01 0.000000000000000000e+00 0.000000000000000000e+00 1.396534036694680736e-01 1.300908101224858282e-01
2.950000000000000000e+02 4.928459754056009889e-01 3.482043035755851279e-01 1.000000000000000000e+00 1.000000000000000000e+00 1.299942557957057265e-01 8.372743296907556032e-02
3.000000000000000000e+02 2.579811544015621627e-01 1.502317193859263877e-01 0.000000000000000000e+00 0.000000000000000000e+00 1.124561375297844223e-01 1.172822256980206035e-01
3.050000000000000000e+02 5.539728652608525428e-01 2.745109910674862208e-01 1.000000000000000000e+00 0.000000000000000000e+00 1.885689837823967818e-01 1.230756836622892009e-01
3.100000000000000000e+02 3.466640793888961514e-01 1.546181114250879396e-01 1.000000000000000000e+00 0.000000000000000000e+00 9.765882145283798221e-02 6.804649704101757568e-02
3.150000000000000000e+02 4.507336033365663686e-01 3.065313341182682727e-01 1.000000000000000000e+00 1.000000000000000000e+00 1.179041669081422744e-01 9.597964241987425038e-02
3.200000000000000000e+02 1.607331091740152040e-01 2.628272130114068794e-01 0.000000000000000000e+00 0.000000000000000000e+00 1.394662457714812565e-01 1.315038030006039638e-01
3.250000000000000000e+02 2.247581698321544363e-01 3.409467251925263342e-01 0.000000000000000000e+00 1.000000000000000000e+00 1.158074816774926213e-01 1.100698844024033951e-01
3.300000000000000000e+02 3.417146424765515889e-01 4.043575800221014260e-01 0.000000000000000000e+00 1.000000000000000000e+00 2.360676244671600366e-01 1.084345124916913511e-01
3.350000000000000000e+02 2.652431717165731895e-01 2.795834624963932646e-01 0.000000000000000000e+00 0.000000000000000000e+00 1.219010591474120331e-01 1.374197089071077515e-01
3.400000000000000000e+02 3.792919242059968332e-01 2.945182326574046217e-01 1.000000000000000000e+00 0.000000000000000000e+00 1.342681377507907170e-01 1.319180332513925080e-01
3.450000000000000000e+02 2.822334684267119309e-01 1.324491694797714225e-01 1.000000000000000000e+00 0.000000000000000000e+00 7.085909941028288583e-02 7.238629311576369463e-02
3.500000000000000000e+02 2.896445444683750092e-01 2.508046102502285435e-01 1.000000000000000000e+00 0.000000000000000000e+00 9.805116799308498388e-02 2.117668990741581048e-01
3.550000000000000000e+02 1.047483591712338596e-01 8.168810885889275786e-02 0.000000000000000000e+00 0.000000000000000000e+00 1.220784603878610208e-01 8.629566922657952444e-02
3.600000000000000000e+02 2.329061367654980397e-01 1.596675569481126600e-01 0.000000000000000000e+00 0.000000000000000000e+00 1.724640953972189639e-01 1.294067675465142286e-01
3.650000000000000000e+02 3.684467544749355783e-01 1.162675981935345215e-01 1.000000000000000000e+00 0.000000000000000000e+00 1.032236864124373432e-01 9.757157667092794529e-02
3.700000000000000000e+02 5.586861224211514543e-01 2.305153814882356378e-01 1.000000000000000000e+00 0.000000000000000000e+00 1.238889646554161700e-01 8.335841049224800015e-02
3.750000000000000000e+02 3.596899149512410854e-01 2.348241139899400198e-01 0.000000000000000000e+00 0.000000000000000000e+00 1.600379459467729804e-01 1.295438207555338617e-01
3.800000000000000000e+02 2.089986405123417934e-01 2.640130939262743115e-01 0.000000000000000000e+00 0.000000000000000000e+00 1.328202702976975513e-01 1.005145490344419301e-01
3.850000000000000000e+02 5.047301248485540626e-01 2.770029223325787271e-01 1.000000000000000000e+00 1.000000000000000000e+00 1.081884902769642970e-01 9.355126374327943362e-02
3.900000000000000000e+02 2.331242618758336271e-01 2.080207996922409652e-01 0.000000000000000000e+00 1.000000000000000000e+00 1.353697252070589219e-01 6.391357213305906559e-02
3.950000000000000000e+02 2.469732476363564189e-01 2.463485522374823378e-01 0.000000000000000000e+00 1.000000000000000000e+00 1.262118366172468309e-01 8.494276722025106974e-02
4.000000000000000000e+02 1.757088735517096934e-01 1.810799299491112624e-01 0.000000000000000000e+00 0.000000000000000000e+00 1.128343187401100317e-01 1.756705451192242529e-01
4.050000000000000000e+02 7.533562125465359527e-02 3.756624651273072213e-01 0.000000000000000000e+00 1.000000000000000000e+00 1.370250973968396013e-01 1.131217270882629855e-01
4.100000000000000000e+02 3.646337426849634022e-01 2.601921769835248144e-01 0.000000000000000000e+00 0.000000000000000000e+00 1.633068102566525570e-01 1.294729869372866493e-01
4.150000000000000000e+02 2.003844611529931596e-01 2.969188828990572127e-01 0.000000000000000000e+00 0.000000000000000000e+00 8.585854627505513925e-02 2.170952866888778976e-01
4.200000000000000000e+02 1.082970595680029791e-01 9.045498565762638554e-02 0.000000000000000000e+00 0.000000000000000000e+00 9.652274084954527711e-02 1.093928905599521745e-01
4.250000000000000000e+02 2.236359020831485689e-01 2.068400241271960704e-01 0.000000000000000000e+00 0.000000000000000000e+00 8.443877405036277761e-02 1.309875083149444897e-01
4.300000000000000000e+02 5.845632632723529731e-01 2.204453554523376491e-01 1.000000000000000000e+00 0.000000000000000000e+00 1.140669002446496744e-01 1.047570039328811625e-01
4.350000000000000000e+02 3.137299294392673077e-01 3.421590347795934739e-01 1.000000000000000000e+00 1.000000000000000000e+00 8.506860603204141613e-02 8.579971812376209483e-02
4.400000000000000000e+02 1.809995359688023053e-01 1.614486084844780345e-01 0.000000000000000000e+00 0.000000000000000000e+00 1.538275795284860525e-01 1.079622114387606691e-01
4.450000000000000000e+02 2.484676750384093857e-01 2.439518396112985987e-01 0.000000000000000000e+00 0.000000000000000000e+00 9.938230406674725126e-02 1.168303771660910845e-01
4.500000000000000000e+02 1.294797211004687365e-01 1.817606264724063447e-01 0.000000000000000000e+00 0.000000000000000000e+00 1.486937071705805302e-01 1.562673115928894241e-01
4.550000000000000000e+02 2.549610094878584365e-01 3.645840191886442483e-01 0.000000000000000000e+00 1.000000000000000000e+00 1.366941596844950813e-01 1.097476521586551318e-01
4.600000000000000000e+02 2.719023926087135168e-01 3.156974734957493367e-01 1.000000000000000000e+00 1.000000000000000000e+00 8.907850095490357778e-02 1.090808052570987757e-01
4.650000000000000000e+02 1.504358052254245737e-01 2.705681398276204019e-01 0.000000000000000000e+00 1.000000000000000000e+00 1.120811354280380340e-01 8.665154952099669849e-02
4.700000000000000000e+02 3.660951654915567399e-01 3.577843683259486207e-01 0.000000000000000000e+00 1.000000000000000000e+00 1.437583146035978088e-01 1.019141842825659200e-01
4.750000000000000000e+02 4.348775619734436271e-01 2.732780374189525685e-01 1.000000000000000000e+00 0.000000000000000000e+00 1.172980809304579458e-01 1.899010211737932330e-01
4.800000000000000000e+02 1.350620420228635377e-01 2.949618014689496248e-01 0.000000000000000000e+00 0.000000000000000000e+00 9.810038160340096847e-02 1.093949622478337796e-01
4.850000000000000000e+02 2.585571925110843883e-01 1.619844758853581645e-01 0.000000000000000000e+00 0.000000000000000000e+00 1.810755797953023383e-01 8.815920063823752539e-02
4.900000000000000000e+02 4.695691507225054073e-02 1.915295189811418164e-01 0.000000000000000000e+00 0.000000000000000000e+00 2.961191226331549506e-02 1.341937954653204534e-01
4.950000000000000000e+02 1.175844030680517349e-01 2.147833949794410446e-01 0.000000000000000000e+00 0.000000000000000000e+00 4.919146075733264040e-02 1.192530969042656930e-01
5.000000000000000000e+02 1.643120527242279694e-01 2.114414604902713768e-01 0.000000000000000000e+00 0.000000000000000000e+00 1.627793691591800096e-01 8.480670667595002765e-02
5.050000000000000000e+02 1.096267993545391450e-01 2.303458376652563477e-01 0.000000000000000000e+00 0.000000000000000000e+00 1.096655224545139279e-01 1.675856170004008661e-01
5.100000000000000000e+02 3.699719277753340529e-01 1.207933048722345803e-01 1.000000000000000000e+00 0.000000000000000000e+00 1.176864519965087202e-01 1.130767335447578625e-01
5.150000000000000000e+02 2.144131060041131465e-01 5.812063314957059690e-02 0.000000000000000000e+00 0.000000000000000000e+00 1.677115885760303848e-01 1.191054428688377992e-01
5.200000000000000000e+02 3.138064267187984369e-01 8.158314205251782081e-02 1.000000000000000000e+00 0.000000000000000000e+00 7.281350638485566129e-02 1.380256393516346713e-01
5.250000000000000000e+02 1.168815012157673749e-01 1.890032702591293856e-01 0.000000000000000000e+00 0.000000000000000000e+00 1.213134277843625208e-01 8.063710640983884348e-02
5.300000000000000000e+02 1.564405873395020019e-01 1.027201952855286426e-01 0.000000000000000000e+00 0.000000000000000000e+00 1.389253915377596793e-01 6.864903923960932741e-02
5.350000000000000000e+02 2.745044858715396385e-01 1.576410065324926890e-01 0.000000000000000000e+00 0.000000000000000000e+00 1.127148149872695682e-01 1.469569908194970909e-01
5.400000000000000000e+02 2.985137407831764955e-01 2.649079474912892640e-01 0.000000000000000000e+00 0.000000000000000000e+00 1.733723151971381937e-01 1.148268250069003904e-01
5.450000000000000000e+02 1.941279032869846488e-01 1.880634001586494741e-01 1.000000000000000000e+00 0.000000000000000000e+00 5.484649422420775911e-02 1.333702420388879484e-01
5.500000000000000000e+02 1.476805451070339892e-01 1.468920595643502525e-01 0.000000000000000000e+00 0.000000000000000000e+00 1.212750011347925316e-01 1.344297391131343278e-01
5.550000000000000000e+02 1.963933659012777611e-01 1.638152527018442786e-02 0.000000000000000000e+00 0.000000000000000000e+00 8.094368536705345840e-02 8.719635783024243247e-02
5.600000000000000000e+02 1.358509509949029082e-01 1.744049264032492275e-01 0.000000000000000000e+00 0.000000000000000000e+00 1.422871121366563463e-01 1.031870104527528309e-01
5.650000000000000000e+02 2.911877023770284012e-01 2.258142899834791051e-01 1.000000000000000000e+00 0.000000000000000000e+00 9.497354246003472666e-02 9.832426920327887176e-02
5.700000000000000000e+02 1.168977209941108458e-01 1.380507094791769973e-01 0.000000000000000000e+00 0.000000000000000000e+00 1.041374786711358330e-01 1.136326712034569503e-01
5.750000000000000000e+02 3.009375606192825070e-01 1.544918808232285945e-01 0.000000000000000000e+00 0.000000000000000000e+00 1.248465098137630791e-01 7.863999344574862382e-02
5.800000000000000000e+02 8.134128175500132674e-02 2.453279683485042051e-01 0.000000000000000000e+00 0.000000000000000000e+00 5.627045610979773682e-02 1.079675067586996912e-01
5.850000000000000000e+02 6.768857043311926613e-02 4.445279474258197194e-02 0.000000000000000000e+00 0.000000000000000000e+00 3.126018625323837008e-02 3.336756295256988747e-02
5.900000000000000000e+02 8.065856711690674863e-02 6.545765446793368192e-02 0.000000000000000000e+00 0.000000000000000000e+00 1.569336029718148839e-01 7.354156148089419087e-02
5.950000000000000000e+02 1.207876686601588589e-01 1.890243312447289770e-01 0.000000000000000000e+00 0.000000000000000000e+00 8.833015852191521133e-02 1.919817659853386149e-01
6.000000000000000000e+02 5.234644501327878618e-02 3.723206266625253003e-01 0.000000000000000000e+00 1.000000000000000000e+00 1.345653331698378752e-01 1.263535111885937534e-01
6.050000000000000000e+02 1.157276892273505914e-01 3.830137449757363699e-01 0.000000000000000000e+00 1.000000000000000000e+00 1.578644023415645692e-01 1.290878134321144788e-01
6.100000000000000000e+02 1.187570970353791361e-01 2.380933209685511254e-01 0.000000000000000000e+00 0.000000000000000000e+00 6.096332952286579593e-02 1.066701922610197584e-01
6.150000000000000000e+02 2.982863809543113698e-01 3.305962772026910246e-02 1.000000000000000000e+00 0.000000000000000000e+00 8.949118282095024079e-02 7.429643391503107375e-02
6.200000000000000000e+02 1.678629665892224926e-02 1.037244193889937521e-01 0.000000000000000000e+00 0.000000000000000000e+00 1.443658972346307523e-01 9.353828650658976840e-02
6.250000000000000000e+02 2.903517037303757209e-01 1.312070030362307571e-01 0.000000000000000000e+00 0.000000000000000000e+00 1.511976727045160063e-01 1.032118311083616430e-01
6.300000000000000000e+02 1.878465499593589549e-01 1.952302911616637382e-01 0.000000000000000000e+00 0.000000000000000000e+00 1.094275356907227353e-01 7.592115787570392904e-02
6.350000000000000000e+02 1.207135802820720610e-01 1.323650107591100578e-01 0.000000000000000000e+00 0.000000000000000000e+00 7.334931475371686549e-02 6.476016701003432796e-02
6.400000000000000000e+02 1.900506944538333520e-01 2.534780758847795523e-01 0.000000000000000000e+00 0.000000000000000000e+00 1.133208632545619488e-01 1.138657133359036455e-01
6.450000000000000000e+02 1.756368872018643501e-01 2.442757453516826993e-01 0.000000000000000000e+00 0.000000000000000000e+00 1.076266097556287937e-01 1.401633431589035528e-01
6.500000000000000000e+02 1.931308479997221883e-01 2.104482881210749390e-02 0.000000000000000000e+00 0.000000000000000000e+00 1.044063672557564160e-01 2.578670915517277187e-02
6.550000000000000000e+02 7.911977216217150333e-02 2.224762559284826913e-01 0.000000000000000000e+00 0.000000000000000000e+00 1.053323364046299115e-01 9.986713695520554879e-02
6.600000000000000000e+02 1.052707744286632136e-01 1.550471446332531422e-01 0.000000000000000000e+00 0.000000000000000000e+00 1.008508885017732615e-01 8.953140029507389297e-02
6.650000000000000000e+02 3.186867150721865438e-01 3.970557595394861861e-01 1.000000000000000000e+00 0.000000000000000000e+00 9.038854607742125014e-02 1.412201636521669412e-01
6.700000000000000000e+02 2.085889375636821863e-01 1.525948586953805031e-01 0.000000000000000000e+00 0.000000000000000000e+00 1.408037102807175867e-01 8.741794765186931826e-02
6.750000000000000000e+02 3.418016527276893091e-02 1.643094796264983268e-02 0.000000000000000000e+00 0.000000000000000000e+00 2.325101534065080605e-02 1.374715610717835712e-01
6.800000000000000000e+02 2.105879371921049736e-01 2.721177492260200455e-03 0.000000000000000000e+00 0.000000000000000000e+00 9.968333624712447105e-02 9.040222199396654237e-03
6.850000000000000000e+02 1.153027362694057922e-01 7.945539707190030221e-02 0.000000000000000000e+00 0.000000000000000000e+00 8.919864642878166938e-02 5.026186958639768804e-02
6.900000000000000000e+02 3.635158436806125437e-02 2.218140248637803791e-01 0.000000000000000000e+00 0.000000000000000000e+00 1.486569850620151900e-01 1.027104683602596269e-01
6.950000000000000000e+02 1.219078091153849436e-01 1.530141322538580151e-01 0.000000000000000000e+00 0.000000000000000000e+00 1.065408542325682467e-01 1.147753778886157344e-01
7.000000000000000000e+02 1.464301070357321988e-01 1.701373412430161325e-01 0.000000000000000000e+00 0.000000000000000000e+00 9.453452324264093043e-02 8.895224095166560929e-02
7.050000000000000000e+02 1.403387389391106688e-01 3.129296692750675457e-01 0.000000000000000000e+00 1.000000000000000000e+00 7.504321947782702229e-02 8.169830337422220867e-02
7.100000000000000000e+02 5.652533026941593264e-02 3.119299522506042144e-01 0.000000000000000000e+00 1.000000000000000000e+00 1.510680979460781170e-01 9.703745951052075713e-02
7.150000000000000000e+02 1.136538850238430765e-01 2.822563656885990757e-01 0.000000000000000000e+00 1.000000000000000000e+00 1.417314019145304305e-01 8.217014014138221412e-02
7.200000000000000000e+02 1.237362830565054833e-01 7.561828614272530016e-03 0.000000000000000000e+00 0.000000000000000000e+00 1.414632298699218804e-01 5.772661756323114492e-03
7.250000000000000000e+02 8.394997678017343534e-02 2.589054193748485666e-01 0.000000000000000000e+00 1.000000000000000000e+00 1.031964239600682010e-01 6.954089118223552579e-02
7.300000000000000000e+02 1.465916151423392877e-01 7.107193989314010418e-02 0.000000000000000000e+00 0.000000000000000000e+00 1.326556306559492360e-01 1.607860187005536734e-01
7.350000000000000000e+02 3.248572161724313373e-02 1.429662330383849322e-01 0.000000000000000000e+00 0.000000000000000000e+00 1.939371637467708076e-01 1.966701737045700726e-01
7.400000000000000000e+02 1.462981227706222631e-01 4.452880772850632829e-02 0.000000000000000000e+00 0.000000000000000000e+00 1.087383498568438717e-01 6.090132606225841932e-02
7.450000000000000000e+02 5.024287954497732266e-03 1.698756313552174935e-01 0.000000000000000000e+00 0.000000000000000000e+00 2.076925691940607974e-03 1.078184058452841682e-01
7.500000000000000000e+02 2.194279552408155143e-01 2.929129100372540595e-01 0.000000000000000000e+00 0.000000000000000000e+00 1.278089205640556558e-01 1.658924792559051675e-01
7.550000000000000000e+02 2.011180325636990340e-01 1.762781724430197983e-01 0.000000000000000000e+00 0.000000000000000000e+00 1.058342810964836428e-01 9.489619428791870592e-02
7.600000000000000000e+02 2.344326130095502891e-01 9.230278957299267728e-02 0.000000000000000000e+00 1.000000000000000000e+00 1.007687869971868322e-01 3.070000409751151571e-02
7.650000000000000000e+02 1.819674709351523367e-01 2.872598049726125535e-01 0.000000000000000000e+00 0.000000000000000000e+00 1.105230203085520724e-01 1.143652971046306838e-01
7.700000000000000000e+02 8.523542966651780073e-02 1.816727162663453188e-01 0.000000000000000000e+00 0.000000000000000000e+00 1.510013467390301789e-01 1.000079894698184951e-01
7.750000000000000000e+02 1.849360037504244603e-01 1.521566523865552356e-01 0.000000000000000000e+00 0.000000000000000000e+00 7.858506764650435850e-02 1.881330819477520788e-01
7.800000000000000000e+02 2.824270854736911640e-01 3.348811268428567023e-02 1.000000000000000000e+00 0.000000000000000000e+00 8.384280335244274907e-02 8.081233773787901975e-02
7.850000000000000000e+02 1.899312904499332877e-01 2.563946447285242458e-01 0.000000000000000000e+00 0.000000000000000000e+00 1.830283163806331048e-01 1.175949445188705367e-01
7.900000000000000000e+02 9.095550392729105649e-02 0.000000000000000000e+00 0.000000000000000000e+00 0.000000000000000000e+00 1.305684508238116048e-01 0.000000000000000000e+00
7.950000000000000000e+02 1.346492991852453192e-01 2.801758044256583147e-01 0.000000000000000000e+00 1.000000000000000000e+00 9.600699851963737097e-02 9.620907479853896271e-02
8.000000000000000000e+02 1.910330917647326265e-01 5.402152709319441026e-02 0.000000000000000000e+00 0.000000000000000000e+00 8.157493414081555538e-02 1.480913289441424807e-01
8.050000000000000000e+02 7.786346079005040943e-02 2.936544981715427660e-01 0.000000000000000000e+00 1.000000000000000000e+00 6.800154494737944977e-02 7.353752106776567654e-02
8.100000000000000000e+02 1.131331097007806513e-01 7.237097432986626389e-02 0.000000000000000000e+00 0.000000000000000000e+00 1.077166370861998568e-01 1.039507910770453292e-01
8.150000000000000000e+02 4.150924905415417226e-02 2.045065134239504034e-01 0.000000000000000000e+00 0.000000000000000000e+00 1.039733219321284236e-01 1.545947994254064650e-01
8.200000000000000000e+02 2.684878351878881020e-01 1.389403038124529810e-01 0.000000000000000000e+00 0.000000000000000000e+00 1.102374109814446695e-01 7.412001988969726951e-02
8.250000000000000000e+02 3.383523653016106553e-02 8.998588361353790366e-02 0.000000000000000000e+00 0.000000000000000000e+00 3.383510697481863921e-02 1.466412099581207718e-01
8.300000000000000000e+02 2.686932062134418375e-01 2.304146951550251760e-02 0.000000000000000000e+00 0.000000000000000000e+00 1.144668093694103522e-01 6.033967019124370640e-02
8.350000000000000000e+02 5.397598431562167058e-03 1.509419337979721054e-01 0.000000000000000000e+00 0.000000000000000000e+00 1.033926931026339230e-01 1.480172575521953859e-01
8.400000000000000000e+02 2.223089739219582806e-01 8.410601095941644401e-02 0.000000000000000000e+00 0.000000000000000000e+00 9.355177207336502765e-02 8.766165569328582263e-02
8.450000000000000000e+02 2.429565282863372921e-01 2.508232133700442623e-01 0.000000000000000000e+00 0.000000000000000000e+00 9.462094837312792772e-02 1.051057922597785216e-01
8.500000000000000000e+02 2.450795633201103829e-01 6.544871460664276538e-03 0.000000000000000000e+00 0.000000000000000000e+00 1.122616335949598587e-01 5.721786795066964929e-03
8.550000000000000000e+02 2.893746596953667566e-02 1.363874881008017570e-01 0.000000000000000000e+00 0.000000000000000000e+00 4.295557158190219105e-02 1.145711211722368617e-01
8.600000000000000000e+02 1.003212860099338133e-01 1.604197654064018486e-01 0.000000000000000000e+00 0.000000000000000000e+00 1.689470366116239131e-01 9.435629533963096893e-02
8.650000000000000000e+02 7.856870610045339764e-02 1.437636569607913528e-01 0.000000000000000000e+00 0.000000000000000000e+00 1.506406812093012693e-01 8.251330099264619911e-02
8.700000000000000000e+02 1.935025145312928851e-01 2.909752753669592271e-03 1.000000000000000000e+00 0.000000000000000000e+00 6.597050870656233357e-02 7.205457822880871610e-02
8.750000000000000000e+02 1.891998109761212354e-01 2.912743425334064495e-01 0.000000000000000000e+00 1.000000000000000000e+00 1.085329792687610845e-01 1.018365327402877551e-01
8.800000000000000000e+02 2.359764562082796446e-01 1.751484661607964899e-01 0.000000000000000000e+00 0.000000000000000000e+00 1.430897630718290514e-01 7.416591825739018984e-02
8.850000000000000000e+02 8.492782869058103368e-02 2.024834374717940921e-01 0.000000000000000000e+00 0.000000000000000000e+00 8.886244097698699218e-02 1.161066849083712271e-01
8.900000000000000000e+02 8.915672158408656511e-02 3.772531608251172841e-01 0.000000000000000000e+00 1.000000000000000000e+00 7.788968654922204249e-02 1.119105656963008538e-01
8.950000000000000000e+02 9.911978726755557578e-02 0.000000000000000000e+00 0.000000000000000000e+00 0.000000000000000000e+00 1.455242543506397590e-01 0.000000000000000000e+00
9.000000000000000000e+02 3.422310155259244979e-02 1.054525758834960331e-01 0.000000000000000000e+00 0.000000000000000000e+00 8.222292865352975877e-02 9.320261667608636946e-02
9.050000000000000000e+02 2.141524474707792725e-01 3.729398280010866318e-02 0.000000000000000000e+00 0.000000000000000000e+00 1.385198058055505943e-01 6.464838338374157001e-02
9.100000000000000000e+02 1.052329791302265560e-01 5.790819503290456360e-02 0.000000000000000000e+00 0.000000000000000000e+00 3.966550039483689172e-02 1.278774897548635714e-01
9.150000000000000000e+02 1.002756278632656872e-01 5.515501151412503106e-02 0.000000000000000000e+00 0.000000000000000000e+00 6.849600057735659442e-02 1.092776947667878501e-01
9.200000000000000000e+02 1.422191853938781503e-01 1.625132233738393051e-01 0.000000000000000000e+00 0.000000000000000000e+00 1.228889661082701035e-01 1.146054888841158415e-01
9.250000000000000000e+02 6.942837375379812270e-02 2.017165437609378942e-01 0.000000000000000000e+00 0.000000000000000000e+00 1.158714580111174786e-01 8.609068255108281997e-02
9.300000000000000000e+02 9.019574920093155479e-02 1.811891551759690633e-01 0.000000000000000000e+00 0.000000000000000000e+00 1.132906906206098685e-01 1.098923855528074756e-01
9.350000000000000000e+02 7.970854577313155054e-02 1.974537972914440220e-01 0.000000000000000000e+00 0.000000000000000000e+00 1.043437373605199392e-01 1.193817379195677569e-01
9.400000000000000000e+02 2.843895120766544715e-01 2.094342169200135439e-01 0.000000000000000000e+00 0.000000000000000000e+00 1.373232331121615191e-01 1.150349745784103594e-01
9.450000000000000000e+02 1.819408251783198871e-01 9.410625180292341019e-02 0.000000000000000000e+00 0.000000000000000000e+00 1.115581285705221637e-01 7.645602474551048411e-02
9.500000000000000000e+02 0.000000000000000000e+00 3.227068493669154603e-01 0.000000000000000000e+00 0.000000000000000000e+00 0.000000000000000000e+00 1.486026042653835200e-01
9.550000000000000000e+02 1.273473618137870855e-01 0.000000000000000000e+00 0.000000000000000000e+00 0.000000000000000000e+00 1.050616849456785656e-01 0.000000000000000000e+00
9.600000000000000000e+02 8.119594038327024310e-02 9.100986591979680351e-02 0.000000000000000000e+00 0.000000000000000000e+00 1.174792674166783568e-01 1.153289884896896988e-01
9.650000000000000000e+02 1.545603334757128522e-01 1.206524639663420634e-01 0.000000000000000000e+00 0.000000000000000000e+00 1.363502142718464594e-01 1.005638213340010745e-01
9.700000000000000000e+02 1.408443060375964839e-01 1.484496875277578065e-01 0.000000000000000000e+00 0.000000000000000000e+00 1.153433329892364079e-01 7.711045439457890616e-02
9.750000000000000000e+02 2.327281887328274124e-01 1.825038380840774965e-01 0.000000000000000000e+00 0.000000000000000000e+00 1.556642920640670669e-01 1.010924185031081141e-01
9.800000000000000000e+02 1.820351734326530191e-01 3.490426734462372810e-02 0.000000000000000000e+00 0.000000000000000000e+00 1.313045092806879588e-01 1.327754595213570532e-01
9.850000000000000000e+02 9.696269196979796778e-02 9.803239347578304730e-02 0.000000000000000000e+00 0.000000000000000000e+00 1.584217594251741967e-01 9.118444291139198021e-02
9.900000000000000000e+02 1.885347715259571566e-01 1.431366818225085769e-01 1.000000000000000000e+00 0.000000000000000000e+00 6.321260577506959688e-02 1.001979921913354193e-01
9.950000000000000000e+02 9.428816044993124090e-02 5.265602337379975129e-02 0.000000000000000000e+00 0.000000000000000000e+00 8.247176877854660304e-02 1.214576747258482581e-01
