0.000000000000000000e+00 0.000000000000000000e+00 0.000000000000000000e+00 0.000000000000000000e+00 0.000000000000000000e+00 0.000000000000000000e+00 0.000000000000000000e+00
5.000000000000000000e+00 6.112374935815237942e-01 3.086880559965610171e-01 1.000000000000000000e+00 0.000000000000000000e+00 1.168449424694599920e-01 1.139154906060785982e-01
1.000000000000000000e+01 3.495505728543393809e-01 3.530047808347499538e-01 1.000000000000000000e+00 1.000000000000000000e+00 9.104838602067444331e-02 9.249682433581496444e-02
1.500000000000000000e+01 3.264549085407540963e-01 5.052157115832736078e-01 1.000000000000000000e+00 1.000000000000000000e+00 1.140308789821821295e-01 1.213274472366591694e-01
2.000000000000000000e+01 2.139676837514131180e-01 2.336622172979287981e-01 0.000000000000000000e+00 0.000000000000000000e+00 1.109398572461471472e-01 9.432808111071931678e-02
2.500000000000000000e+01 4.085898283087325278e-01 1.436822494138504103e-01 1.000000000000000000e+00 0.000000000000000000e+00 1.089078106631343745e-01 7.094311095979885518e-02
3.000000000000000000e+01 2.232627148952162077e-01 2.576973542838373876e-01 0.000000000000000000e+00 0.000000000000000000e+00 1.460920262813887316e-01 1.301062420116204932e-01
3.500000000000000000e+01 3.554461553266302087e-01 1.802904655448962778e-01 1.000000000000000000e+00 0.000000000000000000e+00 1.187559531239914534e-01 1.405531911704536452e-01
4.000000000000000000e+01 4.174237126962371258e-01 3.479910619020797902e-01 1.000000000000000000e+00 1.000000000000000000e+00 1.060992374801063981e-01 8.819143040280943979e-02
4.500000000000000000e+01 3.710633237085130820e-01 4.000417838977186058e-01 1.000000000000000000e+00 1.000000000000000000e+00 1.008010492866063812e-01 9.167452081057872459e-02
5.000000000000000000e+01 3.833538405093054879e-01 2.822970461384667895e-01 0.000000000000000000e+00 0.000000000000000000e+00 1.612651706998660395e-01 1.318094128104554397e-01
5.500000000000000000e+01 1.963287014826523291e-01 1.518350341732170317e-01 0.000000000000000000e+00 0.000000000000000000e+00 1.528159804126911492e-01 6.843082845872847098e-02
6.000000000000000000e+01 3.993376099492782494e-01 2.740982397760861056e-01 1.000000000000000000e+00 0.000000000000000000e+00 1.380071483921937459e-01 9.956655155908897270e-02
6.500000000000000000e+01 4.099458546147475291e-01 3.643976161555954052e-01 1.000000000000000000e+00 0.000000000000000000e+00 1.031796557074157877e-01 1.779210250510909197e-01
7.000000000000000000e+01 3.114684020810861154e-01 2.871214217057899143e-01 0.000000000000000000e+00 0.000000000000000000e+00 1.614413425101174915e-01 1.337280222310492650e-01
7.500000000000000000e+01 3.835892559085832820e-01 3.345812481280533435e-01 0.000000000000000000e+00 0.000000000000000000e+00 1.502077413185048393e-01 1.277077276716975518e-01
8.000000000000000000e+01 3.724015403942561031e-01 2.760895903575858457e-01 1.000000000000000000e+00 0.000000000000000000e+00 1.296312006348750434e-01 1.938520134562283503e-01
8.500000000000000000e+01 5.387374355332934517e-01 3.537938229169642623e-01 1.000000000000000000e+00 1.000000000000000000e+00 1.714918696566850309e-01 1.006768717717086287e-01
9.000000000000000000e+01 5.968131178527849023e-01 2.474275070290624934e-01 1.000000000000000000e+00 0.000000000000000000e+00 1.811685331886869199e-01 1.398448569905569872e-01
9.500000000000000000e+01 4.320393462038770727e-01 1.863194615252221076e-01 1.000000000000000000e+00 0.000000000000000000e+00 1.207880714830634888e-01 1.380264848138406386e-01
1.000000000000000000e+02 3.985374073531778305e-01 3.710070105141627939e-01 0.000000000000000000e+00 1.000000000000000000e+00 1.463667782403073325e-01 7.014199913553287313e-02
1.050000000000000000e+02 3.155289123983101018e-01 3.383748551030911211e-01 0.000000000000000000e+00 1.000000000000000000e+00 1.169936143191548233e-01 1.050487563251064210e-01
1.100000000000000000e+02 3.517931351398267403e-01 3.449107258764635420e-01 0.000000000000000000e+00 1.000000000000000000e+00 1.366813430726034617e-01 1.170886699416014975e-01
1.150000000000000000e+02 3.835937226244581777e-01 1.874703419165342777e-01 1.000000000000000000e+00 0.000000000000000000e+00 1.171826351504127312e-01 1.390226190147895446e-01
1.200000000000000000e+02 2.071417257137699308e-01 8.792071176991078651e-02 0.000000000000000000e+00 0.000000000000000000e+00 1.283657744695913816e-01 1.141548305613649394e-01
1.250000000000000000e+02 4.975790373647072107e-01 1.813766494947864349e-01 1.000000000000000000e+00 0.000000000000000000e+00 1.115307520492647420e-01 2.064599649633403478e-01
1.300000000000000000e+02 2.128957089821814086e-01 2.037446445520026683e-01 0.000000000000000000e+00 0.000000000000000000e+00 1.498404179545015924e-01 7.341537304445097667e-02
1.350000000000000000e+02 3.324717015444413892e-01 3.582331146049121395e-01 0.000000000000000000e+00 1.000000000000000000e+00 1.609449314755121985e-01 1.012156079709232853e-01
1.400000000000000000e+02 1.910380521823406563e-01 2.384543328517882144e-01 0.000000000000000000e+00 0.000000000000000000e+00 1.273926211867064673e-01 1.373602913789741531e-01
1.450000000000000000e+02 3.041086307797080113e-01 3.068609704884872058e-01 0.000000000000000000e+00 1.000000000000000000e+00 1.285767717545250877e-01 7.356844616048129060e-02
1.500000000000000000e+02 2.359783633548009352e-01 2.453782164911196551e-01 0.000000000000000000e+00 0.000000000000000000e+00 1.187640475555547387e-01 9.878157792099670487e-02
1.550000000000000000e+02 4.611917109719654850e-01 4.885177089718631405e-01 1.000000000000000000e+00 1.000000000000000000e+00 1.313182073990495913e-01 4.004866406442605942e-02
1.600000000000000000e+02 2.567273514034171811e-01 4.319880858988393024e-01 0.000000000000000000e+00 0.000000000000000000e+00 1.717970515189801428e-01 1.664451153114756832e-01
1.650000000000000000e+02 1.563777616707398288e-01 3.839474838622848329e-01 0.000000000000000000e+00 0.000000000000000000e+00 1.369431356036028002e-01 1.604957418729509311e-01
1.700000000000000000e+02 3.740780757757296571e-01 3.203373776364547565e-01 0.000000000000000000e+00 0.000000000000000000e+00 1.931290855841109877e-01 1.348795011448321868e-01
1.750000000000000000e+02 3.064613966576169024e-01 2.653630193267261794e-01 0.000000000000000000e+00 0.000000000000000000e+00 1.131111836406294147e-01 1.616204518659231093e-01
1.800000000000000000e+02 3.042355217751556706e-01 2.334455264377595651e-01 0.000000000000000000e+00 0.000000000000000000e+00 1.669935913421247975e-01 2.233424515497215990e-01
1.850000000000000000e+02 1.561551624889162271e-01 2.016492620203228781e-01 0.000000000000000000e+00 0.000000000000000000e+00 1.317834736823911002e-01 9.340749510979209913e-02
1.900000000000000000e+02 2.718195781896300400e-01 1.953789069558483082e-01 0.000000000000000000e+00 0.000000000000000000e+00 1.376488934027790823e-01 1.229134351248979823e-01
1.950000000000000000e+02 3.822596350209075955e-01 1.659569711772450606e-01 0.000000000000000000e+00 0.000000000000000000e+00 1.484336331866470404e-01 7.637823138924113020e-02
2.000000000000000000e+02 3.956864736498317270e-01 2.009271238959811079e-01 1.000000000000000000e+00 0.000000000000000000e+00 1.396707539949071097e-01 1.323277223630575372e-01
2.050000000000000000e+02 2.510821939339434872e-01 2.583034723730881499e-01 0.000000000000000000e+00 0.000000000000000000e+00 1.192085425286781714e-01 1.648598262361161138e-01
2.100000000000000000e+02 1.601263770807583031e-01 1.299620303983611558e-01 0.000000000000000000e+00 0.000000000000000000e+00 1.166505317552805066e-01 1.396890451293180402e-01
2.150000000000000000e+02 2.932473340004999041e-01 4.305998287457414864e-01 0.000000000000000000e+00 1.000000000000000000e+00 1.409232027073858418e-01 6.384528165827610402e-02
2.200000000000000000e+02 3.640220785720457708e-01 2.230705216330473029e-01 1.000000000000000000e+00 0.000000000000000000e+00 1.188165381100735329e-01 1.344605280054740892e-01
2.250000000000000000e+02 2.938606040167497935e-01 2.618004754558181935e-01 0.000000000000000000e+00 0.000000000000000000e+00 1.085464552017265383e-01 1.376162356002643417e-01
2.300000000000000000e+02 3.367995696942471251e-01 1.866299000392368790e-01 1.000000000000000000e+00 0.000000000000000000e+00 1.098240544072762864e-01 7.504376089167705266e-02
2.350000000000000000e+02 3.163238831517940497e-01 3.971330044095719991e-01 0.000000000000000000e+00 1.000000000000000000e+00 1.438511682882911424e-01 1.156811001033955927e-01
2.400000000000000000e+02 2.457022249187509610e-01 2.056887538401989679e-01 0.000000000000000000e+00 0.000000000000000000e+00 1.531089771686758860e-01 1.441393414168619658e-01
2.450000000000000000e+02 2.321466832657182455e-01 1.989741538467512949e-01 0.000000000000000000e+00 0.000000000000000000e+00 9.854991960564944697e-02 1.120548706288156671e-01
2.500000000000000000e+02 1.272684777792799371e-01 1.119540151760236579e-01 0.000000000000000000e+00 0.000000000000000000e+00 5.371974380474236338e-02 1.611108759570448190e-01
2.550000000000000000e+02 1.656037787418876417e-01 3.973268097354899497e-01 0.000000000000000000e+00 1.000000000000000000e+00 6.611437568361157313e-02 1.304712236143001913e-01
2.600000000000000000e+02 2.678595363113995820e-01 3.998006060251975136e-01 0.000000000000000000e+00 0.000000000000000000e+00 9.778691173979592310e-02 1.799921347329028753e-01
2.650000000000000000e+02 1.815170403909125429e-01 2.976984413363882309e-01 0.000000000000000000e+00 0.000000000000000000e+00 1.183582468277826066e-01 1.118227367283472495e-01
2.700000000000000000e+02 2.453858613569051828e-01 1.540780170356212397e-01 0.000000000000000000e+00 0.000000000000000000e+00 2.209980720338621529e-01 1.046220653120333299e-01
2.750000000000000000e+02 1.899507056579893827e-01 2.016644276553385406e-01 0.000000000000000000e+00 0.000000000000000000e+00 1.083315433404891670e-01 1.082503788157468116e-01
2.800000000000000000e+02 3.202822590448529128e-01 2.832050135178974526e-01 0.000000000000000000e+00 1.000000000000000000e+00 1.764082156738226437e-01 9.726412606227016755e-02
2.850000000000000000e+02 6.231834739156033587e-02 3.927888284258188034e-01 0.000000000000000000e+00 1.000000000000000000e+00 7.142314136741305386e-02 8.884076600405768631e-02
2.900000000000000000e+02 4.898411392946576681e-01 2.087267287568901897e-01 1.000000000000000000e+00 0.000000000000000000e+00 1.160769709076689277e-01 1.196777575731524934e-01
2.950000000000000000e+02 3.509744250475690941e-01 1.996630427503148231e-01 0.000000000000000000e+00 0.000000000000000000e+00 1.696081835440363672e-01 7.916521387876102045e-02
3.000000000000000000e+02 3.499802599283107774e-01 7.062135672556435484e-02 1.000000000000000000e+00 1.000000000000000000e+00 1.022479024873248210e-01 2.175013127688762982e-02
3.050000000000000000e+02 1.411767037723627161e-01 1.380372557136334000e-01 0.000000000000000000e+00 0.000000000000000000e+00 1.635433976356947539e-01 1.572601355811013013e-01
3.100000000000000000e+02 3.143636457722531197e-01 2.419471252664670280e-01 0.000000000000000000e+00 0.000000000000000000e+00 1.954319888996373100e-01 1.809153027424280358e-01
3.150000000000000000e+02 1.969023643820965175e-01 1.645235326874547876e-01 0.000000000000000000e+00 0.000000000000000000e+00 1.092051258573735889e-01 1.199019489240796682e-01
3.200000000000000000e+02 3.257370228822880631e-01 1.957781634723830821e-01 1.000000000000000000e+00 0.000000000000000000e+00 1.142167226211846104e-01 1.155765756217522339e-01
3.250000000000000000e+02 5.013169871408362788e-02 8.920203308976212483e-03 0.000000000000000000e+00 0.000000000000000000e+00 3.674794369006756378e-02 3.806665130779220661e-03
3.300000000000000000e+02 3.171286818403206698e-01 3.455216262126761251e-01 0.000000000000000000e+00 1.000000000000000000e+00 1.208139684797136654e-01 1.163836162082187015e-01
3.350000000000000000e+02 3.219851223238153759e-01 2.884862747532863092e-01 0.000000000000000000e+00 1.000000000000000000e+00 1.617085865994373761e-01 6.830585353835690043e-02
3.400000000000000000e+02 2.934918428010115932e-01 1.014918320152408959e-01 0.000000000000000000e+00 0.000000000000000000e+00 1.529212703492395797e-01 9.051948951038543689e-02
3.450000000000000000e+02 1.970255454886354896e-01 2.563272450741860622e-03 0.000000000000000000e+00 0.000000000000000000e+00 1.295434474500824773e-01 4.549338763394934933e-03
3.500000000000000000e+02 2.627825032401919225e-01 2.420613075781898327e-01 1.000000000000000000e+00 0.000000000000000000e+00 8.011778243490201568e-02 1.699090369317811655e-01
3.550000000000000000e+02 2.746383572145182916e-01 9.935876493596573072e-03 1.000000000000000000e+00 0.000000000000000000e+00 9.290891483157170949e-02 1.602148300615116247e-02
3.600000000000000000e+02 7.321164807628674498e-02 7.369737306933896170e-02 0.000000000000000000e+00 0.000000000000000000e+00 3.392168352929687131e-02 9.936745266582984459e-02
3.650000000000000000e+02 2.409878826993424317e-01 2.261294837078946934e-02 0.000000000000000000e+00 0.000000000000000000e+00 9.768299937984352421e-02 8.248784987197185781e-02
3.700000000000000000e+02 3.360763408961887078e-01 1.041145665598074005e-01 1.000000000000000000e+00 0.000000000000000000e+00 1.006336372950021735e-01 1.323966119697218835e-01
3.750000000000000000e+02 2.613386917442722113e-01 2.032111972224996399e-01 0.000000000000000000e+00 0.000000000000000000e+00 1.262550727889654445e-01 1.774850735347201502e-01
3.800000000000000000e+02 9.571676005939708243e-03 2.869120539926346969e-01 0.000000000000000000e+00 0.000000000000000000e+00 4.012354587327794653e-02 1.116468138302376956e-01
3.850000000000000000e+02 2.343440334493727961e-01 1.277688663297625316e-01 0.000000000000000000e+00 0.000000000000000000e+00 1.099549656467215947e-01 6.468830663606323084e-02
3.900000000000000000e+02 2.866082569420302373e-01 3.087601732092597473e-01 0.000000000000000000e+00 1.000000000000000000e+00 1.589933894277717474e-01 9.000691148657778695e-02
3.950000000000000000e+02 2.764875535543955820e-01 1.039499870162279710e-01 0.000000000000000000e+00 0.000000000000000000e+00 1.264439574597072402e-01 1.182318432798676044e-01
4.000000000000000000e+02 1.647064547346270835e-01 2.918583302842572280e-01 0.000000000000000000e+00 0.000000000000000000e+00 9.620849327586084021e-02 1.118346839782636964e-01
4.050000000000000000e+02 2.080474051736724839e-01 3.002338206099423035e-01 0.000000000000000000e+00 1.000000000000000000e+00 9.458981658865506237e-02 7.361682110530411161e-02
4.100000000000000000e+02 1.244898213417110072e-01 2.300257861709180673e-01 0.000000000000000000e+00 0.000000000000000000e+00 8.278188028540257870e-02 1.199687955134899897e-01
4.150000000000000000e+02 2.723423407271247099e-01 2.898145616082218323e-01 1.000000000000000000e+00 0.000000000000000000e+00 8.941049525614615245e-02 1.565001267291980802e-01
4.200000000000000000e+02 2.531562646080137702e-01 7.343747928983097861e-02 0.000000000000000000e+00 0.000000000000000000e+00 1.460753727112493461e-01 1.288857648938066536e-01
4.250000000000000000e+02 2.673692084353753162e-01 1.473562580696626267e-01 0.000000000000000000e+00 0.000000000000000000e+00 1.139113129980641459e-01 1.266139845550248999e-01
4.300000000000000000e+02 2.165774521825173937e-01 1.151797969050964709e-01 0.000000000000000000e+00 0.000000000000000000e+00 1.011958078770131830e-01 1.136149353690471819e-01
4.350000000000000000e+02 2.062832867215935728e-01 2.872858233583664989e-01 0.000000000000000000e+00 0.000000000000000000e+00 1.332132525721060612e-01 1.687778084959070668e-01
4.400000000000000000e+02 1.263445649489994271e-01 1.100122651888548048e-01 0.000000000000000000e+00 0.000000000000000000e+00 6.655909086265576757e-02 8.042308441715596834e-02
4.450000000000000000e+02 3.045601529492757420e-01 1.442975702316696140e-01 0.000000000000000000e+00 0.000000000000000000e+00 1.489915867380133263e-01 1.154004931726740207e-01
4.500000000000000000e+02 2.023197745727308150e-01 1.665434361082592241e-01 0.000000000000000000e+00 0.000000000000000000e+00 1.922446609071647994e-01 1.146768431137097505e-01
4.550000000000000000e+02 1.887029735387167062e-01 4.240949055983911364e-01 0.000000000000000000e+00 1.000000000000000000e+00 7.259901409996798172e-02 1.456376326194286364e-01
4.600000000000000000e+02 1.914185617112194593e-01 1.036040843211136347e-01 0.000000000000000000e+00 0.000000000000000000e+00 1.008702830622488361e-01 1.171119707412850292e-01
4.650000000000000000e+02 3.645064463765963075e-02 2.281705777566178650e-01 0.000000000000000000e+00 0.000000000000000000e+00 3.952980551691695488e-02 9.548910946258537535e-02
4.700000000000000000e+02 1.056381610589266912e-01 3.600378942691020989e-01 0.000000000000000000e+00 1.000000000000000000e+00 8.811431161241661814e-02 1.164407226893841435e-01
4.750000000000000000e+02 6.356876493984260634e-02 2.391110584969295960e-01 0.000000000000000000e+00 0.000000000000000000e+00 1.511880071783163748e-01 1.325480016244467152e-01
4.800000000000000000e+02 2.299617924713071027e-01 3.703257879014330567e-01 0.000000000000000000e+00 1.000000000000000000e+00 9.594696214112598265e-02 1.181415334334433853e-01
4.850000000000000000e+02 1.752698109922898040e-01 9.914024662170146940e-02 0.000000000000000000e+00 0.000000000000000000e+00 7.240744153900256774e-02 6.913251295436646793e-02
4.900000000000000000e+02 1.799586793582443611e-01 1.290845788974369357e-01 0.000000000000000000e+00 0.000000000000000000e+00 1.264381442639106179e-01 1.167797944945101474e-01
4.950000000000000000e+02 1.108115067647772456e-01 5.175358684490081324e-02 0.000000000000000000e+00 0.000000000000000000e+00 1.227829199283781147e-01 5.189870485071926276e-02
5.000000000000000000e+02 4.875789207459785973e-02 1.145462211779147144e-01 0.000000000000000000e+00 0.000000000000000000e+00 6.722111602670739761e-02 1.031923414296553876e-01
5.050000000000000000e+02 1.372949561353118964e-01 2.439990438549151930e-01 0.000000000000000000e+00 0.000000000000000000e+00 1.133033208452829954e-01 1.400682867682423172e-01
5.100000000000000000e+02 1.110181355397316409e-03 9.793551349731258876e-03 0.000000000000000000e+00 0.000000000000000000e+00 4.850553791560716782e-03 1.409965501577625444e-02
5.150000000000000000e+02 1.117672377455046773e-01 1.314241322275232493e-01 0.000000000000000000e+00 0.000000000000000000e+00 8.515278081397867349e-02 1.176730658522447126e-01
5.200000000000000000e+02 3.602255833575053467e-02 0.000000000000000000e+00 0.000000000000000000e+00 0.000000000000000000e+00 8.476911387613254856e-02 0.000000000000000000e+00
5.250000000000000000e+02 1.484307881746795565e-01 2.033314520627951816e-01 0.000000000000000000e+00 0.000000000000000000e+00 1.313554199760822994e-01 1.115030613411806121e-01
5.300000000000000000e+02 4.778435161277684584e-02 1.710795908606899673e-01 0.000000000000000000e+00 0.000000000000000000e+00 9.908705138223709852e-02 1.129518211387441629e-01
5.350000000000000000e+02 8.950049721368062705e-02 6.004862558497382156e-04 0.000000000000000000e+00 0.000000000000000000e+00 1.003589761049981516e-01 2.692172750416571385e-03
5.400000000000000000e+02 5.814339052794370577e-02 9.942381245277348567e-02 0.000000000000000000e+00 0.000000000000000000e+00 1.133944384306119491e-01 1.051393761025529172e-01
5.450000000000000000e+02 8.336952404574231312e-02 1.239870130488411187e-01 0.000000000000000000e+00 0.000000000000000000e+00 1.655362145674829644e-01 5.583926779767155874e-02
5.500000000000000000e+02 1.124927879132621086e-02 2.396663644165867857e-01 0.000000000000000000e+00 0.000000000000000000e+00 1.003356755204335288e-01 8.973343132067100603e-02
5.550000000000000000e+02 5.947153171354380152e-02 8.924945266017305506e-03 0.000000000000000000e+00 0.000000000000000000e+00 1.268854427737925450e-01 9.527218700414372826e-03
5.600000000000000000e+02 4.015538898492909334e-03 1.281300284874191120e-01 0.000000000000000000e+00 0.000000000000000000e+00 4.488975965484916925e-03 8.493113819198748471e-02
5.650000000000000000e+02 1.044423475511795651e-01 1.765571741374329373e-01 0.000000000000000000e+00 0.000000000000000000e+00 1.334781191795170741e-01 1.252599840916658047e-01
5.700000000000000000e+02 1.196257752069472408e-01 1.788737340333886733e-02 0.000000000000000000e+00 0.000000000000000000e+00 1.161715801309610302e-01 1.517910498039833252e-02
5.750000000000000000e+02 1.910691258568126757e-02 2.057817016730477122e-01 0.000000000000000000e+00 0.000000000000000000e+00 8.079760973065940044e-02 1.386046154984657552e-01
5.800000000000000000e+02 1.093644618285614378e-01 1.304129574096057065e-01 0.000000000000000000e+00 0.000000000000000000e+00 1.659480661510128741e-01 1.261773238803849118e-01
5.850000000000000000e+02 2.373769927420563489e-02 1.182768563006968421e-01 0.000000000000000000e+00 0.000000000000000000e+00 1.528563367016564506e-02 9.459581491400519127e-02
5.900000000000000000e+02 7.706025918471276492e-02 7.822312249529814188e-02 0.000000000000000000e+00 0.000000000000000000e+00 6.595440328234684901e-02 8.213431334133602935e-02
5.950000000000000000e+02 9.995369844895182765e-02 1.443168296249722204e-01 0.000000000000000000e+00 0.000000000000000000e+00 1.187854254746794069e-01 6.663726000798991800e-02
6.000000000000000000e+02 1.728787016659492914e-01 1.549620611719580432e-01 0.000000000000000000e+00 0.000000000000000000e+00 1.065456519827766291e-01 1.500085820227084199e-01
6.050000000000000000e+02 2.474056519450831271e-01 2.541855311819269936e-01 0.000000000000000000e+00 0.000000000000000000e+00 1.073033252702217527e-01 9.652982770116307065e-02
6.100000000000000000e+02 1.838552135971443791e-01 3.285572809625587065e-01 0.000000000000000000e+00 1.000000000000000000e+00 7.911970285569079608e-02 9.662624084537679847e-02
6.150000000000000000e+02 7.586253115178522022e-02 1.759909732451819253e-01 0.000000000000000000e+00 0.000000000000000000e+00 8.594315456309567502e-02 1.228122319730955564e-01
6.200000000000000000e+02 3.481572463761762881e-01 1.140149863898269195e-01 1.000000000000000000e+00 0.000000000000000000e+00 1.035812611686966200e-01 8.554317106599468312e-02
6.250000000000000000e+02 2.233741122844961902e-01 1.841297263826064401e-01 0.000000000000000000e+00 0.000000000000000000e+00 1.281201474696425924e-01 1.240072606061749516e-01
6.300000000000000000e+02 2.562130814663340361e-01 3.197295095793197262e-01 0.000000000000000000e+00 0.000000000000000000e+00 9.739910689406736100e-02 1.387425948699949618e-01
6.350000000000000000e+02 1.163889021987428996e-01 4.656733300960232136e-02 0.000000000000000000e+00 0.000000000000000000e+00 1.007488504657474276e-01 8.408892470692333476e-02
6.400000000000000000e+02 1.292416396080781904e-01 1.223918902599769043e-01 0.000000000000000000e+00 0.000000000000000000e+00 4.712544899349666028e-02 9.580881419793992049e-02
6.450000000000000000e+02 7.752324062488380463e-02 1.534217902721081439e-01 0.000000000000000000e+00 0.000000000000000000e+00 1.182371938971700925e-01 1.012764420987260217e-01
6.500000000000000000e+02 2.406432218550365876e-01 2.016268141869330677e-01 0.000000000000000000e+00 0.000000000000000000e+00 1.046872231223396760e-01 1.022440926950279189e-01
6.550000000000000000e+02 2.628887265781432170e-02 1.583939578562446049e-01 0.000000000000000000e+00 0.000000000000000000e+00 3.207483232667761308e-02 8.304545901304592748e-02
6.600000000000000000e+02 2.144037237548711838e-01 4.956977575604378655e-02 0.000000000000000000e+00 0.000000000000000000e+00 1.292107727278379858e-01 1.134961139509570865e-01
6.650000000000000000e+02 3.486893447874300778e-02 2.891653053671286999e-01 0.000000000000000000e+00 0.000000000000000000e+00 3.132695875389599621e-02 1.222508374870758113e-01
6.700000000000000000e+02 6.784953561987019932e-02 8.004165627676973482e-02 0.000000000000000000e+00 0.000000000000000000e+00 1.341313008671700391e-01 1.143765008343053391e-01
6.750000000000000000e+02 1.771621492241842177e-01 8.217517518278885658e-02 0.000000000000000000e+00 0.000000000000000000e+00 1.164260049604773778e-01 1.312762959249807460e-01
6.800000000000000000e+02 1.062952813246687278e-01 8.828058423470520888e-02 0.000000000000000000e+00 0.000000000000000000e+00 9.111584542475813231e-02 8.570822271406991488e-02
6.850000000000000000e+02 1.896269831028175590e-01 7.793665911466855778e-02 0.000000000000000000e+00 1.000000000000000000e+00 7.281365560356801991e-02 1.866302635638189544e-02
6.900000000000000000e+02 2.416729515847089726e-01 1.555304880696798675e-01 0.000000000000000000e+00 0.000000000000000000e+00 1.041150959587014008e-01 1.453131052421102742e-01
6.950000000000000000e+02 6.934403246888051764e-02 8.116952058596346720e-03 0.000000000000000000e+00 0.000000000000000000e+00 1.262336351919723099e-01 6.868365377114679649e-02
7.000000000000000000e+02 1.869775106440058621e-01 2.380675929759216436e-01 0.000000000000000000e+00 0.000000000000000000e+00 9.184561618459428922e-02 9.447582568328401209e-02
7.050000000000000000e+02 1.311347043539817236e-01 3.313886496965958717e-01 0.000000000000000000e+00 0.000000000000000000e+00 6.839128351968609687e-02 1.544542057527512613e-01
7.100000000000000000e+02 2.976959387975872118e-01 2.195340768445857571e-01 0.000000000000000000e+00 0.000000000000000000e+00 1.195192172144536324e-01 1.285302829670364744e-01
7.150000000000000000e+02 2.292209841852485552e-01 2.475637548686348555e-01 0.000000000000000000e+00 1.000000000000000000e+00 9.701593123097249083e-02 6.239320086984897346e-02
7.200000000000000000e+02 2.447831490409863586e-01 7.745366219516983119e-02 0.000000000000000000e+00 0.000000000000000000e+00 1.123501488522057334e-01 1.428897788113285550e-01
7.250000000000000000e+02 1.045844485111051270e-01 1.776760241510418892e-01 0.000000000000000000e+00 0.000000000000000000e+00 8.633923920424067810e-02 1.072941538382849169e-01
7.300000000000000000e+02 2.645776291482390685e-01 1.179749221620230576e-01 0.000000000000000000e+00 0.000000000000000000e+00 1.185808787878189913e-01 9.935226022033510906e-02
7.350000000000000000e+02 1.325982205293833004e-02 2.453361055832926352e-01 0.000000000000000000e+00 0.000000000000000000e+00 7.280017812983348435e-02 1.014569165365215297e-01
7.400000000000000000e+02 3.461686568953431520e-02 7.622860950195983754e-02 0.000000000000000000e+00 0.000000000000000000e+00 6.585059600534391711e-02 1.897896585151113702e-01
7.450000000000000000e+02 1.510560520913842020e-01 1.051171072246822324e-01 0.000000000000000000e+00 0.000000000000000000e+00 1.050849907266993150e-01 7.644144711109907009e-02
7.500000000000000000e+02 2.272703335687963622e-01 2.074486675968136296e-01 0.000000000000000000e+00 0.000000000000000000e+00 9.830467510285924304e-02 8.676620219465985828e-02
7.550000000000000000e+02 2.051738849520822749e-01 2.401128644190862471e-01 1.000000000000000000e+00 1.000000000000000000e+00 7.096038760160590375e-02 8.050311972002241467e-02
7.600000000000000000e+02 2.837566194514575257e-01 6.909999697254219642e-02 1.000000000000000000e+00 0.000000000000000000e+00 9.232049560589088155e-02 9.881914692632647046e-02
7.650000000000000000e+02 1.713139030628968995e-01 8.365001541344249669e-02 1.000000000000000000e+00 0.000000000000000000e+00 5.544547958110796620e-02 1.233634900581761923e-01
7.700000000000000000e+02 4.916135575772402622e-02 1.113445683581790330e-01 0.000000000000000000e+00 0.000000000000000000e+00 7.029971045371757876e-02 1.241305153189786042e-01
7.750000000000000000e+02 1.156089879940738890e-01 1.958066419037317873e-01 0.000000000000000000e+00 0.000000000000000000e+00 7.123319868026620205e-02 1.368703984217159442e-01
7.800000000000000000e+02 1.868753788634023305e-01 6.935826158715492629e-02 1.000000000000000000e+00 0.000000000000000000e+00 6.531591455636964749e-02 5.802104204283693029e-02
7.850000000000000000e+02 7.268759891399655115e-02 3.239507907139848597e-01 0.000000000000000000e+00 0.000000000000000000e+00 9.128841137336692058e-02 1.171557281807119599e-01
7.900000000000000000e+02 1.345014336669412836e-01 1.344362926191179641e-01 0.000000000000000000e+00 0.000000000000000000e+00 1.639091143907289716e-01 8.607175365031775882e-02
7.950000000000000000e+02 1.281812236493850843e-01 1.762856595435594309e-01 0.000000000000000000e+00 0.000000000000000000e+00 6.423485090865413416e-02 1.006371082498712932e-01
8.000000000000000000e+02 1.833753312872703767e-01 2.186261132639914229e-01 0.000000000000000000e+00 0.000000000000000000e+00 1.395715347111164961e-01 1.054056709413051518e-01
8.050000000000000000e+02 1.628108477490042838e-01 1.511672537872088551e-01 0.000000000000000000e+00 0.000000000000000000e+00 1.040031010498913555e-01 1.133703998193849594e-01
8.100000000000000000e+02 1.474643076900933047e-01 9.144430682358009599e-02 0.000000000000000000e+00 0.000000000000000000e+00 8.464672137118943451e-02 1.177333408777019724e-01
8.150000000000000000e+02 6.972643902911605795e-02 1.296524442069419691e-01 0.000000000000000000e+00 0.000000000000000000e+00 8.305756276587711318e-02 1.214312191534005908e-01
8.200000000000000000e+02 1.416992641777728157e-01 1.707865063534870775e-01 0.000000000000000000e+00 0.000000000000000000e+00 7.206473651920689005e-02 1.207716770890571445e-01
8.250000000000000000e+02 8.467437921393913824e-02 1.063779606330313293e-01 0.000000000000000000e+00 0.000000000000000000e+00 5.459618419196210493e-02 8.546238676461943851e-02
8.300000000000000000e+02 1.083341431634805146e-01 5.896311577743464788e-02 0.000000000000000000e+00 0.000000000000000000e+00 1.837155904208082335e-01 1.161544457983842010e-01
8.350000000000000000e+02 2.563351800514476198e-01 1.741975565504250145e-01 0.000000000000000000e+00 0.000000000000000000e+00 1.070905389987985290e-01 9.627029618313014125e-02
8.400000000000000000e+02 2.473940266987756098e-01 1.182038432353528512e-01 0.000000000000000000e+00 0.000000000000000000e+00 9.135418892745766906e-02 1.446959442103794846e-01
8.450000000000000000e+02 3.160443569207966458e-02 2.329461157351704337e-01 0.000000000000000000e+00 0.000000000000000000e+00 8.002260921301967977e-02 1.063609238775867494e-01
8.500000000000000000e+02 2.207696499958112235e-01 1.018543215710275424e-01 0.000000000000000000e+00 0.000000000000000000e+00 1.166594091845992026e-01 1.064282495536765655e-01
8.550000000000000000e+02 1.793786349680251135e-01 5.723062942147327282e-03 0.000000000000000000e+00 0.000000000000000000e+00 1.047979103283696034e-01 2.196668255079246845e-02
8.600000000000000000e+02 1.956718365188569175e-01 2.226483402754606544e-01 0.000000000000000000e+00 0.000000000000000000e+00 1.207089091402032827e-01 9.939599707313212518e-02
8.650000000000000000e+02 3.076323913857768599e-01 2.807264564100711568e-02 1.000000000000000000e+00 0.000000000000000000e+00 7.313493744265975316e-02 1.253221297525063116e-01
8.700000000000000000e+02 1.074418505540418040e-01 3.536844156354559260e-02 0.000000000000000000e+00 0.000000000000000000e+00 7.494771615327329439e-02 1.227294882772982099e-01
8.750000000000000000e+02 1.340884954396591167e-01 2.461475519300606041e-01 0.000000000000000000e+00 0.000000000000000000e+00 1.160462708496509954e-01 9.820545544349151834e-02
8.800000000000000000e+02 8.954064009042675409e-02 3.700717928255862349e-02 0.000000000000000000e+00 0.000000000000000000e+00 1.249118913127908320e-01 7.577793178892748560e-02
8.850000000000000000e+02 1.882811176643672535e-01 1.916919228381418483e-01 0.000000000000000000e+00 0.000000000000000000e+00 1.037310175914967769e-01 8.221288717969912896e-02
8.900000000000000000e+02 7.832476547038594306e-02 2.689754766692654675e-01 0.000000000000000000e+00 0.000000000000000000e+00 1.090772755625333823e-01 1.094430279540490880e-01
8.950000000000000000e+02 6.740472195933928934e-02 7.780877176506735549e-02 0.000000000000000000e+00 0.000000000000000000e+00 1.082639641823275878e-01 9.564169385924994882e-02
9.000000000000000000e+02 1.946113460086536240e-01 1.570950692498353785e-01 0.000000000000000000e+00 0.000000000000000000e+00 1.076405148915254018e-01 7.167891449565642892e-02
9.050000000000000000e+02 2.858387408812738117e-01 7.605293765220455526e-04 0.000000000000000000e+00 0.000000000000000000e+00 1.820200288028502034e-01 2.768975052079012192e-02
9.100000000000000000e+02 1.923977975165392373e-01 7.710972225141253522e-02 0.000000000000000000e+00 0.000000000000000000e+00 1.187993696995826021e-01 1.461285110639044538e-01
9.150000000000000000e+02 1.078135897542301935e-01 1.763081161044917355e-01 0.000000000000000000e+00 0.000000000000000000e+00 1.079231913446731250e-01 7.195830755026136338e-02
9.200000000000000000e+02 2.168818375661309972e-01 2.070116111138970150e-01 0.000000000000000000e+00 0.000000000000000000e+00 1.131415726240363739e-01 1.169356417782986823e-01
9.250000000000000000e+02 1.989193163320495950e-01 1.179794067608260083e-01 0.000000000000000000e+00 0.000000000000000000e+00 1.308171749263156713e-01 1.592021569738402142e-01
9.300000000000000000e+02 1.724964353017743313e-01 1.942973438310692802e-01 0.000000000000000000e+00 1.000000000000000000e+00 1.035850455940534043e-01 6.623474977765564375e-02
9.350000000000000000e+02 2.521394811942852601e-02 1.674712860161265415e-01 0.000000000000000000e+00 0.000000000000000000e+00 8.853848485790218048e-02 1.138241179223472288e-01
9.400000000000000000e+02 4.048581937600373090e-03 2.033519106225675499e-01 0.000000000000000000e+00 1.000000000000000000e+00 2.019530113238151778e-02 4.888572032396469591e-02
9.450000000000000000e+02 0.000000000000000000e+00 0.000000000000000000e+00 0.000000000000000000e+00 0.000000000000000000e+00 0.000000000000000000e+00 0.000000000000000000e+00
9.500000000000000000e+02 1.877816921090264268e-01 1.970896502527520744e-01 0.000000000000000000e+00 0.000000000000000000e+00 1.177977060193027281e-01 1.306006694297752457e-01
9.550000000000000000e+02 2.215484184279999658e-01 8.295649542278055177e-02 0.000000000000000000e+00 0.000000000000000000e+00 1.357681174626036991e-01 1.020519167786596293e-01
9.600000000000000000e+02 2.204453048257863368e-01 2.127240420707559032e-01 0.000000000000000000e+00 1.000000000000000000e+00 1.355522651772346487e-01 4.822824056878035476e-02
9.650000000000000000e+02 1.146493312759313959e-01 1.036859828392460436e-01 0.000000000000000000e+00 0.000000000000000000e+00 1.003951756991765115e-01 1.152955940466624390e-01
9.700000000000000000e+02 4.684518201836967988e-02 1.197864666199456585e-01 0.000000000000000000e+00 0.000000000000000000e+00 1.218146725360118587e-01 1.104549218722270937e-01
9.750000000000000000e+02 0.000000000000000000e+00 2.091119895865727329e-01 0.000000000000000000e+00 1.000000000000000000e+00 0.000000000000000000e+00 7.399250802485249356e-02
9.800000000000000000e+02 1.145900728447050571e-01 2.084618676036727736e-01 0.000000000000000000e+00 0.000000000000000000e+00 9.687470044644512501e-02 1.238937316195777016e-01
9.850000000000000000e+02 1.693202832556232607e-01 1.075514884330087684e-01 0.000000000000000000e+00 0.000000000000000000e+00 1.053806659346266938e-01 8.322279149726884151e-02
9.900000000000000000e+02 9.574742624880536179e-02 1.722943060306822982e-01 0.000000000000000000e+00 0.000000000000000000e+00 1.202796399343330075e-01 7.201724441395461473e-02
9.950000000000000000e+02 1.018405121590097301e-01 1.285532122684318471e-03 0.000000000000000000e+00 0.000000000000000000e+00 1.030751318975159370e-01 8.477768345407813572e-03
