0.000000000000000000e+00 0.000000000000000000e+00 0.000000000000000000e+00 0.000000000000000000e+00 0.000000000000000000e+00 0.000000000000000000e+00 0.000000000000000000e+00
5.000000000000000000e+00 6.328039692269606942e-01 3.702512665196899255e-01 1.000000000000000000e+00 1.000000000000000000e+00 1.455567529206861499e-01 1.273316254165432759e-01
1.000000000000000000e+01 4.346287959906878773e-01 4.695989354358555690e-01 1.000000000000000000e+00 1.000000000000000000e+00 1.107685424311368599e-01 1.212772246817424154e-01
1.500000000000000000e+01 4.055682915914869957e-01 4.477900357222723282e-01 1.000000000000000000e+00 1.000000000000000000e+00 1.409402847787345481e-01 9.400619571292891108e-02
2.000000000000000000e+01 4.185610556538105764e-01 4.000547381482847942e-01 1.000000000000000000e+00 1.000000000000000000e+00 1.370188283152250219e-01 1.283360335246545303e-01
2.500000000000000000e+01 5.732364953450538314e-01 1.810030974869664411e-01 1.000000000000000000e+00 0.000000000000000000e+00 1.190323229145208994e-01 1.241294400875491977e-01
3.000000000000000000e+01 5.847807955547048575e-01 4.420102010591074881e-01 1.000000000000000000e+00 1.000000000000000000e+00 8.950688439899719129e-02 1.226716194533633425e-01
3.500000000000000000e+01 4.184934190072048810e-01 3.351856566333800691e-01 0.000000000000000000e+00 1.000000000000000000e+00 1.490767008777198199e-01 6.227959340186271092e-02
4.000000000000000000e+01 2.238810515930101663e-01 4.325999615572230228e-01 0.000000000000000000e+00 1.000000000000000000e+00 1.095031640006756540e-01 1.167330188566833710e-01
4.500000000000000000e+01 4.230494167023827190e-01 6.596286561638905477e-01 1.000000000000000000e+00 1.000000000000000000e+00 7.525186568889036254e-02 8.915158449145889341e-02
5.000000000000000000e+01 6.828350429132371557e-01 4.509356738181359847e-01 1.000000000000000000e+00 1.000000000000000000e+00 1.747960227035769143e-01 1.414178027531536874e-01
5.500000000000000000e+01 3.886902251044735412e-01 4.275960895063626310e-01 1.000000000000000000e+00 0.000000000000000000e+00 9.806612702286790495e-02 1.641822883693994928e-01
6.000000000000000000e+01 2.985448851122624037e-01 3.139547041998469457e-01 0.000000000000000000e+00 1.000000000000000000e+00 1.771553556718786504e-01 1.012846220416550591e-01
6.500000000000000000e+01 6.355333470069858270e-01 5.243428258345843584e-01 1.000000000000000000e+00 1.000000000000000000e+00 1.408774001874953941e-01 1.576517562983659193e-01
7.000000000000000000e+01 3.881217873582515909e-01 3.567163312865739844e-01 0.000000000000000000e+00 0.000000000000000000e+00 1.583549467891999241e-01 1.506589696063369566e-01
7.500000000000000000e+01 3.533851947845815800e-01 3.991019683978968557e-01 1.000000000000000000e+00 0.000000000000000000e+00 1.252366436154736251e-01 1.463145235564285995e-01
8.000000000000000000e+01 5.252093781380330340e-01 1.569576853431531860e-01 1.000000000000000000e+00 0.000000000000000000e+00 1.356736917678264542e-01 1.446637923842097329e-01
8.500000000000000000e+01 2.700738867863348713e-01 3.079646301642780526e-01 0.000000000000000000e+00 1.000000000000000000e+00 1.784123927022663314e-01 9.008317843453643448e-02
9.000000000000000000e+01 3.414832277671557836e-01 3.853849809404956694e-01 0.000000000000000000e+00 1.000000000000000000e+00 1.627516573564584956e-01 1.123130950607243300e-01
9.500000000000000000e+01 3.966629100377843664e-01 1.600965994882670440e-01 1.000000000000000000e+00 0.000000000000000000e+00 1.228053120167887785e-01 1.077162427533786410e-01
1.000000000000000000e+02 2.742419647861511489e-01 2.779433849410125057e-01 1.000000000000000000e+00 0.000000000000000000e+00 8.036618242949661317e-02 1.480868189352565478e-01
1.050000000000000000e+02 4.302420603740920724e-01 2.062188979222690510e-01 1.000000000000000000e+00 0.000000000000000000e+00 1.514071114281635988e-01 8.301833336655269069e-02
1.100000000000000000e+02 3.060595803937209425e-01 3.584213560869727866e-01 0.000000000000000000e+00 0.000000000000000000e+00 1.983694889107953663e-01 1.281310156644912546e-01
1.150000000000000000e+02 4.270627403588775906e-01 2.379646307895606494e-01 1.000000000000000000e+00 0.000000000000000000e+00 8.469222181853444664e-02 1.514962573156240777e-01
1.200000000000000000e+02 4.168991836399375539e-01 2.625495384153742617e-01 1.000000000000000000e+00 0.000000000000000000e+00 1.306308927394616570e-01 1.165134566328746152e-01
1.250000000000000000e+02 4.734843927582326195e-01 2.051441642603312743e-01 1.000000000000000000e+00 0.000000000000000000e+00 1.540270946584564871e-01 7.579262419076512880e-02
1.300000000000000000e+02 3.286561326261817628e-01 3.014074513110925890e-01 0.000000000000000000e+00 0.000000000000000000e+00 1.359245191161041477e-01 1.655731615230576770e-01
1.350000000000000000e+02 5.176449924844507278e-01 4.083923066487119558e-01 1.000000000000000000e+00 0.000000000000000000e+00 1.381787947086876300e-01 1.680355894914533355e-01
1.400000000000000000e+02 4.097450191656680230e-01 3.249881988342491757e-01 1.000000000000000000e+00 0.000000000000000000e+00 1.365404296292138386e-01 1.645662740880370623e-01
1.450000000000000000e+02 4.551272468174351604e-01 3.920980171557334470e-01 1.000000000000000000e+00 1.000000000000000000e+00 1.462653566770537317e-01 1.182579109081421803e-01
1.500000000000000000e+02 3.179863174877774479e-01 3.104496038226965404e-01 0.000000000000000000e+00 1.000000000000000000e+00 1.428080084063297339e-01 9.325263975389661009e-02
1.550000000000000000e+02 3.379698577613326482e-01 5.309330280017796611e-01 0.000000000000000000e+00 1.000000000000000000e+00 1.824609707541084980e-01 1.377889010597450059e-01
1.600000000000000000e+02 3.609529244068184761e-01 4.549572735884989116e-01 0.000000000000000000e+00 1.000000000000000000e+00 1.585697735449057566e-01 9.696519910161313649e-02
1.650000000000000000e+02 4.262074369875718527e-01 4.347301508429136097e-01 0.000000000000000000e+00 0.000000000000000000e+00 1.633052235665796159e-01 1.844181611775225493e-01
1.700000000000000000e+02 4.433538872251852614e-01 5.116299654632876504e-01 1.000000000000000000e+00 1.000000000000000000e+00 1.320421742587047087e-01 1.455199032763229983e-01
1.750000000000000000e+02 2.681902089462952499e-01 2.232112239117526042e-01 0.000000000000000000e+00 0.000000000000000000e+00 1.049356364425495514e-01 1.393372899585851588e-01
1.800000000000000000e+02 5.941572607996525868e-01 3.021545009351805366e-01 1.000000000000000000e+00 0.000000000000000000e+00 1.177539749288799703e-01 1.438040142099376861e-01
1.850000000000000000e+02 4.000569824348321757e-01 2.032603466519689595e-01 1.000000000000000000e+00 0.000000000000000000e+00 6.268752341669908690e-02 8.448837303396788956e-02
1.900000000000000000e+02 5.252091656703404832e-01 1.895835662847438485e-01 1.000000000000000000e+00 1.000000000000000000e+00 1.330420082095064016e-01 5.908087395446216805e-02
1.950000000000000000e+02 1.831146292015445598e-01 3.508103226434168276e-01 0.000000000000000000e+00 1.000000000000000000e+00 7.750815669030072796e-02 1.020884786529322880e-01
2.000000000000000000e+02 3.556923924387204172e-01 1.567349445588187007e-01 0.000000000000000000e+00 0.000000000000000000e+00 1.999888989679252937e-01 1.480886264693979382e-01
2.050000000000000000e+02 4.324118335156499349e-01 1.898514629040797541e-01 0.000000000000000000e+00 0.000000000000000000e+00 1.872200535203996652e-01 1.190711911249247718e-01
2.100000000000000000e+02 2.814307362491694775e-01 1.351661969542617137e-01 0.000000000000000000e+00 0.000000000000000000e+00 1.146858978208149527e-01 6.597442809816388143e-02
2.150000000000000000e+02 4.196970334622406318e-01 4.566815664246756112e-01 1.000000000000000000e+00 1.000000000000000000e+00 1.193306438957365406e-01 1.063809747058790528e-01
2.200000000000000000e+02 3.381298048229227637e-01 3.125521120068482928e-01 0.000000000000000000e+00 0.000000000000000000e+00 1.359216110927934373e-01 1.305019765197324988e-01
2.250000000000000000e+02 3.812441015411643375e-01 2.696739309579460064e-01 1.000000000000000000e+00 0.000000000000000000e+00 1.048033083957171652e-01 1.302197043309983870e-01
2.300000000000000000e+02 3.595565298292522916e-01 2.142946623191370192e-01 0.000000000000000000e+00 0.000000000000000000e+00 1.354236859496050216e-01 1.113563575094256297e-01
2.350000000000000000e+02 2.077373519390239009e-01 3.550768063843910971e-01 0.000000000000000000e+00 0.000000000000000000e+00 1.345263667461247536e-01 1.656226899610841741e-01
2.400000000000000000e+02 2.695980239469235595e-01 1.686732027915618937e-01 0.000000000000000000e+00 0.000000000000000000e+00 1.228143636453098708e-01 7.499295770334907241e-02
2.450000000000000000e+02 3.497044643534384378e-01 2.230107875229605519e-01 0.000000000000000000e+00 0.000000000000000000e+00 1.489485453902332779e-01 9.370932989537975044e-02
2.500000000000000000e+02 3.217731280787000103e-01 1.264654666848124276e-01 0.000000000000000000e+00 0.000000000000000000e+00 1.410974579441007237e-01 6.850570932147631575e-02
2.550000000000000000e+02 3.466599886179171364e-01 2.735969203547244377e-01 0.000000000000000000e+00 1.000000000000000000e+00 1.902110350022470919e-01 7.524946124945477988e-02
2.600000000000000000e+02 3.405793119256912416e-01 4.320670395972200373e-01 0.000000000000000000e+00 1.000000000000000000e+00 1.208259140791126951e-01 1.346186986679081821e-01
2.650000000000000000e+02 4.441057661693622594e-01 1.599279445790025844e-01 1.000000000000000000e+00 0.000000000000000000e+00 1.378981496278390284e-01 1.336009158807111019e-01
2.700000000000000000e+02 2.792094576964612718e-01 2.903000595687261765e-01 0.000000000000000000e+00 0.000000000000000000e+00 1.193852209197126535e-01 1.311800330978493412e-01
2.750000000000000000e+02 2.386457345528559260e-01 2.608424004336359903e-01 0.000000000000000000e+00 1.000000000000000000e+00 1.328315668770453373e-01 7.419052163491907104e-02
2.800000000000000000e+02 2.906881585448414240e-01 2.410931798839691387e-01 1.000000000000000000e+00 0.000000000000000000e+00 9.377985908837035978e-02 1.060420753771930957e-01
2.850000000000000000e+02 3.340862986501370591e-01 3.091969653860424661e-01 0.000000000000000000e+00 1.000000000000000000e+00 1.284399454169208032e-01 5.272111242598352676e-02
2.900000000000000000e+02 5.054559872319650538e-01 2.444666306089597896e-01 1.000000000000000000e+00 0.000000000000000000e+00 1.232840745755385825e-01 9.200586530936825935e-02
2.950000000000000000e+02 3.590044776170014940e-01 2.203691474485365287e-01 1.000000000000000000e+00 0.000000000000000000e+00 8.897606981600382492e-02 1.114107040317085934e-01
3.000000000000000000e+02 2.528742378057440843e-01 1.130772372916601237e-01 1.000000000000000000e+00 0.000000000000000000e+00 8.092359611260339924e-02 1.686556227540937924e-01
3.050000000000000000e+02 3.547557619782461535e-01 1.402484907720613905e-01 0.000000000000000000e+00 0.000000000000000000e+00 1.967431760390309092e-01 1.585535973951796573e-01
3.100000000000000000e+02 3.922436570178941539e-01 2.055527390502123741e-01 1.000000000000000000e+00 0.000000000000000000e+00 8.641393918164891330e-02 1.657904150842701707e-01
3.150000000000000000e+02 4.318959772933955721e-02 3.756966116158786950e-01 0.000000000000000000e+00 0.000000000000000000e+00 1.295702494280442096e-01 1.333476983272978977e-01
3.200000000000000000e+02 1.858848464662417876e-01 2.385715193997432482e-01 0.000000000000000000e+00 0.000000000000000000e+00 1.204441630232191696e-01 1.462478632294989256e-01
3.250000000000000000e+02 3.167796602880347256e-01 3.129413916538740792e-01 0.000000000000000000e+00 1.000000000000000000e+00 1.647854379456233642e-01 8.435197978933005325e-02
3.300000000000000000e+02 3.079797919849122101e-01 2.789442156543475715e-01 0.000000000000000000e+00 0.000000000000000000e+00 1.119701594223549007e-01 1.007278681056494180e-01
3.350000000000000000e+02 2.478945932849094258e-01 2.225572215748056470e-01 0.000000000000000000e+00 0.000000000000000000e+00 1.244049579565941616e-01 1.184342329172729386e-01
3.400000000000000000e+02 4.788547622974187457e-02 2.651322018770778111e-01 0.000000000000000000e+00 0.000000000000000000e+00 1.261633910446889884e-01 1.373575038596041020e-01
3.450000000000000000e+02 2.530362206738522302e-01 7.133663893472003137e-02 0.000000000000000000e+00 0.000000000000000000e+00 1.666523772711173412e-01 5.876541621137890137e-02
3.500000000000000000e+02 1.995806481216074735e-01 1.553729108994816865e-01 0.000000000000000000e+00 0.000000000000000000e+00 9.067170957978053225e-02 1.127139929342049068e-01
3.550000000000000000e+02 3.606247051350341404e-01 8.571871171415559876e-02 1.000000000000000000e+00 0.000000000000000000e+00 9.506101378221080977e-02 3.869791813129927482e-02
3.600000000000000000e+02 3.744885668674599044e-01 2.687641244576132182e-01 0.000000000000000000e+00 1.000000000000000000e+00 1.604809688669961709e-01 9.141429450551752378e-02
3.650000000000000000e+02 4.393678276884790401e-01 1.633876984904064633e-01 1.000000000000000000e+00 1.000000000000000000e+00 1.374744903793257422e-01 5.605041363578109476e-02
3.700000000000000000e+02 8.439434726088997085e-02 2.549229580645308024e-01 0.000000000000000000e+00 0.000000000000000000e+00 1.589492359561763268e-01 1.273758185408161714e-01
3.750000000000000000e+02 2.723736728115656036e-01 2.491070501127348735e-01 0.000000000000000000e+00 0.000000000000000000e+00 1.096432826809822514e-01 1.150809927062676208e-01
3.800000000000000000e+02 1.557754621314126064e-01 2.335739702465914058e-01 0.000000000000000000e+00 1.000000000000000000e+00 1.223293494560041272e-01 8.154118618632381910e-02
3.850000000000000000e+02 1.711814840941575933e-01 2.638163318355276621e-01 1.000000000000000000e+00 0.000000000000000000e+00 5.176607809350321915e-02 1.303915453904222477e-01
3.900000000000000000e+02 2.462801629383987723e-01 2.182732135346704960e-01 1.000000000000000000e+00 0.000000000000000000e+00 8.308929685838019330e-02 8.395444651909568512e-02
3.950000000000000000e+02 3.790940181465652509e-02 1.583906443635776928e-01 0.000000000000000000e+00 0.000000000000000000e+00 2.410289824016342841e-02 7.885814160635128134e-02
4.000000000000000000e+02 2.341109895081402992e-01 2.946454466227496627e-01 0.000000000000000000e+00 0.000000000000000000e+00 9.461844037722423606e-02 1.582203290209647228e-01
4.050000000000000000e+02 9.611914975599414324e-02 2.784960025495175628e-01 0.000000000000000000e+00 0.000000000000000000e+00 1.061375189843550004e-01 1.264564793775821983e-01
4.100000000000000000e+02 2.325591200403662184e-01 3.577597394763537553e-01 0.000000000000000000e+00 1.000000000000000000e+00 1.233193730535318416e-01 1.054184921623517734e-01
4.150000000000000000e+02 2.262424914447011548e-01 3.020557330172216615e-01 0.000000000000000000e+00 0.000000000000000000e+00 1.452847430225209790e-01 1.263985855288598803e-01
4.200000000000000000e+02 2.392956336704213649e-01 4.481144593061946180e-02 0.000000000000000000e+00 0.000000000000000000e+00 1.333939138957385140e-01 9.993569928224221854e-02
4.250000000000000000e+02 1.001114768198620997e-01 2.235781630479521387e-01 0.000000000000000000e+00 0.000000000000000000e+00 9.175716036451436741e-02 1.251958241846009290e-01
4.300000000000000000e+02 5.005588774146799841e-02 1.941685641927247130e-01 0.000000000000000000e+00 0.000000000000000000e+00 9.531294022031668034e-02 1.215469533269745439e-01
4.350000000000000000e+02 1.934753706183619804e-01 2.893102707061907530e-01 0.000000000000000000e+00 0.000000000000000000e+00 1.032270438016938963e-01 1.450591598549028638e-01
4.400000000000000000e+02 1.848420370440831406e-01 8.624730396243539265e-02 0.000000000000000000e+00 0.000000000000000000e+00 1.619741779409938909e-01 1.307722970009349839e-01
4.450000000000000000e+02 3.272935999783754268e-01 1.562815160492147526e-01 1.000000000000000000e+00 0.000000000000000000e+00 1.131590745983637458e-01 1.171797019908955156e-01
4.500000000000000000e+02 2.340053995885720828e-01 9.438306367888944781e-02 0.000000000000000000e+00 0.000000000000000000e+00 8.839774793453249180e-02 2.185665766303984126e-01
4.550000000000000000e+02 5.247681555679395426e-02 4.565403587147980891e-01 0.000000000000000000e+00 1.000000000000000000e+00 6.966436487351848617e-02 1.184317803933430113e-01
4.600000000000000000e+02 2.057808898011088128e-01 3.835293444826733955e-01 0.000000000000000000e+00 0.000000000000000000e+00 9.496435930081524590e-02 1.477992349344851575e-01
4.650000000000000000e+02 4.080683855231977408e-01 2.893112700131827975e-01 0.000000000000000000e+00 0.000000000000000000e+00 1.543516131266371438e-01 1.064873730128890611e-01
4.700000000000000000e+02 1.900815526435788438e-01 3.654080876331784467e-01 0.000000000000000000e+00 1.000000000000000000e+00 8.520404084146972201e-02 1.228257504360554392e-01
4.750000000000000000e+02 3.040872690634362913e-02 3.037435641797175401e-01 0.000000000000000000e+00 0.000000000000000000e+00 1.047314591418164326e-01 1.729591819269741815e-01
4.800000000000000000e+02 1.466463048892920340e-01 3.572603194177912944e-01 0.000000000000000000e+00 1.000000000000000000e+00 1.365927491850177089e-01 1.161810840967974073e-01
4.850000000000000000e+02 1.773469091617478621e-01 1.610859214519272109e-01 0.000000000000000000e+00 0.000000000000000000e+00 1.261118169980889325e-01 8.582979010921767959e-02
4.900000000000000000e+02 1.751478646053703236e-01 1.971144428874178900e-01 0.000000000000000000e+00 0.000000000000000000e+00 1.049417892899571769e-01 1.283653127967269991e-01
4.950000000000000000e+02 2.540604892225640232e-01 1.038351130767876801e-01 0.000000000000000000e+00 0.000000000000000000e+00 1.378178751440418681e-01 1.172948610691913751e-01
5.000000000000000000e+02 1.466932107239877769e-01 2.606144936359803266e-01 0.000000000000000000e+00 0.000000000000000000e+00 1.061085786963229666e-01 9.582304070094596615e-02
5.050000000000000000e+02 2.560811171726647961e-01 2.657464535046107912e-01 0.000000000000000000e+00 0.000000000000000000e+00 9.299655745364178439e-02 1.493019057954488304e-01
5.100000000000000000e+02 9.189803778604598017e-02 5.716570749266718099e-02 0.000000000000000000e+00 0.000000000000000000e+00 1.325813133048135417e-01 1.045880830534643008e-01
5.150000000000000000e+02 1.358067406168394532e-02 2.184294159302388461e-01 0.000000000000000000e+00 0.000000000000000000e+00 4.317938230959646184e-02 1.076496135360370116e-01
5.200000000000000000e+02 2.684817889422340675e-01 3.908526048893375127e-02 0.000000000000000000e+00 0.000000000000000000e+00 1.249587490343340712e-01 5.661545624067126914e-02
5.250000000000000000e+02 2.249562958112242828e-01 2.499275899773058529e-01 0.000000000000000000e+00 0.000000000000000000e+00 9.706121591017509431e-02 1.037437840918515319e-01
5.300000000000000000e+02 3.081260588863922179e-01 8.108790899493109605e-02 1.000000000000000000e+00 0.000000000000000000e+00 1.053312187400672478e-01 1.088765024765573214e-01
5.350000000000000000e+02 9.735507270900459198e-02 1.418687466508398998e-01 0.000000000000000000e+00 1.000000000000000000e+00 9.492853932697827013e-02 4.577178057472165024e-02
5.400000000000000000e+02 7.357534594563779062e-02 1.667778675228625551e-01 0.000000000000000000e+00 0.000000000000000000e+00 3.699129075373815828e-02 1.537876701465626939e-01
5.450000000000000000e+02 1.129094452232382445e-01 5.478427213606203855e-02 0.000000000000000000e+00 0.000000000000000000e+00 1.043498548719652141e-01 2.138029006411542796e-02
5.500000000000000000e+02 1.775858582560582988e-01 2.334651041593301668e-01 0.000000000000000000e+00 0.000000000000000000e+00 1.382010985346202314e-01 1.702585974807802327e-01
5.550000000000000000e+02 1.268605925747610386e-01 4.985630776921758101e-02 0.000000000000000000e+00 0.000000000000000000e+00 9.984169398993539279e-02 6.045176053070889371e-02
5.600000000000000000e+02 9.350346950456381312e-02 7.690132963551649103e-02 0.000000000000000000e+00 0.000000000000000000e+00 1.016033852123842118e-01 1.108413731452385226e-01
5.650000000000000000e+02 2.018488948793362714e-01 2.896423586671841854e-01 0.000000000000000000e+00 0.000000000000000000e+00 1.344700296506518289e-01 1.032958351279949366e-01
5.700000000000000000e+02 2.189757853498383311e-01 1.390141164605937785e-01 0.000000000000000000e+00 0.000000000000000000e+00 1.022767322631111669e-01 1.155806824494970686e-01
5.750000000000000000e+02 3.012984906249304134e-03 1.328878504885465661e-01 0.000000000000000000e+00 0.000000000000000000e+00 7.774345779395158869e-03 9.721419046208694403e-02
5.800000000000000000e+02 1.557071136515723597e-01 2.722033185424729274e-01 0.000000000000000000e+00 0.000000000000000000e+00 9.136336453756652154e-02 1.554031571987113391e-01
5.850000000000000000e+02 1.632631989719843246e-01 8.211632947013070005e-02 0.000000000000000000e+00 0.000000000000000000e+00 9.162788742647164086e-02 1.588769471356752949e-01
5.900000000000000000e+02 1.431375565302039909e-01 2.180242481570418556e-02 0.000000000000000000e+00 0.000000000000000000e+00 1.314249133489966415e-01 3.677832671015246468e-02
5.950000000000000000e+02 4.170636824543979410e-02 1.847009896449362254e-01 0.000000000000000000e+00 0.000000000000000000e+00 6.691297232455041544e-02 1.246983945795466786e-01
6.000000000000000000e+02 1.640930408398021401e-01 3.051321345648159156e-01 0.000000000000000000e+00 0.000000000000000000e+00 1.140693434969880099e-01 1.235154337392730672e-01
6.050000000000000000e+02 2.732899336410590241e-01 2.866781308948248008e-01 0.000000000000000000e+00 0.000000000000000000e+00 1.076614278992599344e-01 1.028676767084060750e-01
6.100000000000000000e+02 3.919098820151349638e-02 1.846979350069778703e-01 0.000000000000000000e+00 0.000000000000000000e+00 7.325806632513393035e-02 8.733376499022499351e-02
6.150000000000000000e+02 1.369448794153564630e-01 1.491630811868562834e-01 0.000000000000000000e+00 0.000000000000000000e+00 8.068300261029029419e-02 9.050109686217389093e-02
6.200000000000000000e+02 3.532716043493751013e-01 1.423644277700055749e-01 1.000000000000000000e+00 0.000000000000000000e+00 8.704459618005427890e-02 6.654130294484064678e-02
6.250000000000000000e+02 1.505412951749431072e-01 1.014745683618361455e-01 1.000000000000000000e+00 0.000000000000000000e+00 3.307178774705193253e-02 1.681516226038876072e-01
6.300000000000000000e+02 1.769266775352325016e-01 1.957527133170877121e-01 0.000000000000000000e+00 0.000000000000000000e+00 8.577090723496505476e-02 1.081193736382097259e-01
6.350000000000000000e+02 3.871009382579407854e-01 1.878101598988609067e-01 1.000000000000000000e+00 0.000000000000000000e+00 1.163545282282781868e-01 1.185817217089880637e-01
6.400000000000000000e+02 2.603564435640253610e-02 1.548558378312374084e-01 0.000000000000000000e+00 0.000000000000000000e+00 7.845371633063423500e-02 1.227542235780000185e-01
6.450000000000000000e+02 2.756680829818265038e-02 4.920723349334659574e-02 0.000000000000000000e+00 0.000000000000000000e+00 1.006959153492419101e-01 3.680431717993544460e-02
6.500000000000000000e+02 2.111044804643912726e-02 8.209665635437347897e-02 0.000000000000000000e+00 0.000000000000000000e+00 1.061282605537326867e-01 1.097842122030029399e-01
6.550000000000000000e+02 9.417039384718864370e-02 1.838796788334651211e-01 0.000000000000000000e+00 0.000000000000000000e+00 9.086223454111266862e-02 1.064973489157664960e-01
6.600000000000000000e+02 5.880916230756920438e-02 1.387133123845908644e-01 0.000000000000000000e+00 0.000000000000000000e+00 5.493448696912412582e-02 1.436300410193025734e-01
6.650000000000000000e+02 5.556731959080474410e-03 3.567640556270049168e-01 0.000000000000000000e+00 1.000000000000000000e+00 4.791369056203438614e-02 1.032014211410116067e-01
6.700000000000000000e+02 2.402627080970182460e-01 1.743827742049840201e-01 0.000000000000000000e+00 0.000000000000000000e+00 1.147300215742359658e-01 8.521410147027087822e-02
6.750000000000000000e+02 8.327978869715693677e-02 1.928196060967594661e-01 0.000000000000000000e+00 0.000000000000000000e+00 7.332222286811165834e-02 1.440280973080491633e-01
6.800000000000000000e+02 1.641677508888466641e-01 2.382693712826124965e-01 0.000000000000000000e+00 0.000000000000000000e+00 1.200282757433237674e-01 1.165214680175013645e-01
6.850000000000000000e+02 2.964004554028203953e-01 3.376449824028439350e-02 0.000000000000000000e+00 0.000000000000000000e+00 1.312593303139974188e-01 1.316923996059962410e-01
6.900000000000000000e+02 2.898411317112128960e-01 2.523773382486604877e-01 0.000000000000000000e+00 0.000000000000000000e+00 1.281243104006377920e-01 1.155174629490348243e-01
6.950000000000000000e+02 2.032469351575774130e-01 1.232286166213203693e-01 0.000000000000000000e+00 0.000000000000000000e+00 1.357674545369303154e-01 7.749843646066220670e-02
7.000000000000000000e+02 2.926225911173908623e-01 1.980419052283260151e-01 1.000000000000000000e+00 1.000000000000000000e+00 9.853618005328111662e-02 6.250239165743540215e-02
7.050000000000000000e+02 2.093201198330971735e-01 1.857298991525026532e-01 0.000000000000000000e+00 0.000000000000000000e+00 1.390242210078572460e-01 6.952104906084795310e-02
7.100000000000000000e+02 1.261114204133236827e-01 2.317715902551896190e-01 0.000000000000000000e+00 1.000000000000000000e+00 1.692152963720289782e-01 6.890576664779353433e-02
7.150000000000000000e+02 2.070230701572243759e-01 1.389427342251214892e-01 1.000000000000000000e+00 0.000000000000000000e+00 5.220168556994212589e-02 1.299278391840468783e-01
7.200000000000000000e+02 1.586446608227041755e-01 9.822454992244333827e-02 0.000000000000000000e+00 0.000000000000000000e+00 1.195232238384600215e-01 7.400470666979076795e-02
7.250000000000000000e+02 7.384256064269177286e-03 8.481605767450768607e-02 0.000000000000000000e+00 0.000000000000000000e+00 1.171102903829695542e-02 1.155393874380458430e-01
7.300000000000000000e+02 1.204200575671517254e-01 4.235022980849872942e-02 0.000000000000000000e+00 0.000000000000000000e+00 8.144149857800742076e-02 8.569888806209285947e-02
7.350000000000000000e+02 2.166851364295127591e-01 1.015199672276884818e-01 0.000000000000000000e+00 0.000000000000000000e+00 8.304641203166961139e-02 1.113565400223303775e-01
7.400000000000000000e+02 7.683785308257940275e-03 1.981778009903371884e-01 0.000000000000000000e+00 0.000000000000000000e+00 9.308960392347560842e-02 1.033037949762702218e-01
7.450000000000000000e+02 2.361502511078983346e-01 1.488399145323114625e-01 0.000000000000000000e+00 0.000000000000000000e+00 9.111548349019181481e-02 9.884568517982413038e-02
7.500000000000000000e+02 1.214311428137794871e-02 3.291018521047072154e-01 0.000000000000000000e+00 0.000000000000000000e+00 2.219790064461617599e-02 1.222381611269241081e-01
7.550000000000000000e+02 2.769712504563768274e-01 9.244103002577272465e-02 0.000000000000000000e+00 0.000000000000000000e+00 1.153614456830660134e-01 1.196125795417220666e-01
7.600000000000000000e+02 7.010041190975420389e-02 1.106523975485180500e-01 0.000000000000000000e+00 0.000000000000000000e+00 6.069357125314574219e-02 1.374672259175098166e-01
7.650000000000000000e+02 1.793209650386676790e-01 2.951687519487818379e-01 0.000000000000000000e+00 1.000000000000000000e+00 1.000840831130307002e-01 8.048763940184615329e-02
7.700000000000000000e+02 1.839373080744761690e-01 1.920550993295972175e-01 0.000000000000000000e+00 0.000000000000000000e+00 8.862534473991398598e-02 1.377735874904041646e-01
7.750000000000000000e+02 2.768968922146434197e-01 2.583671903232661604e-01 1.000000000000000000e+00 0.000000000000000000e+00 8.084533073675641279e-02 9.270137710250651863e-02
7.800000000000000000e+02 2.264106226649992559e-01 7.669212834606124567e-03 0.000000000000000000e+00 0.000000000000000000e+00 1.139872166736425330e-01 1.273687669979643028e-02
7.850000000000000000e+02 1.699048906494735611e-01 1.642261430364228558e-01 0.000000000000000000e+00 0.000000000000000000e+00 9.364247415792086027e-02 1.219110351650294632e-01
7.900000000000000000e+02 5.974310543459657868e-02 7.560238459466878114e-02 0.000000000000000000e+00 0.000000000000000000e+00 5.819476184502760108e-02 5.191770968459905045e-02
7.950000000000000000e+02 1.213058747778398561e-01 2.473362849783655726e-01 0.000000000000000000e+00 1.000000000000000000e+00 8.720350305555102377e-02 7.676987323188384782e-02
8.000000000000000000e+02 1.909965132235517254e-02 2.527782863686274806e-01 0.000000000000000000e+00 1.000000000000000000e+00 1.343422118105305416e-02 7.747267114658511200e-02
8.050000000000000000e+02 1.307301489656181315e-01 1.966797901826493611e-01 0.000000000000000000e+00 0.000000000000000000e+00 5.066003096540933753e-02 1.157655056939728977e-01
8.100000000000000000e+02 1.162992701957346747e-01 7.509122396676676248e-02 0.000000000000000000e+00 0.000000000000000000e+00 6.237475477707967592e-02 1.136701331970531303e-01
8.150000000000000000e+02 1.185837584870071543e-01 1.885026500536395588e-01 0.000000000000000000e+00 0.000000000000000000e+00 6.847035195989317757e-02 1.363158714133518301e-01
8.200000000000000000e+02 1.501066430855312328e-01 2.022290458062107332e-01 0.000000000000000000e+00 0.000000000000000000e+00 1.052119501180450722e-01 1.531829356705048661e-01
8.250000000000000000e+02 1.932750157942057512e-01 1.061484464800226124e-01 1.000000000000000000e+00 0.000000000000000000e+00 6.119447050109401431e-02 8.548231743748983813e-02
8.300000000000000000e+02 3.002201983587572398e-01 5.145391552479827713e-02 0.000000000000000000e+00 0.000000000000000000e+00 1.207893948757976371e-01 8.455359464172332307e-02
8.350000000000000000e+02 2.888297064262733138e-01 8.454463311468915498e-02 0.000000000000000000e+00 0.000000000000000000e+00 1.701148043192402259e-01 9.307059080613337698e-02
8.400000000000000000e+02 1.641458623356574220e-01 4.974621544483982111e-02 0.000000000000000000e+00 0.000000000000000000e+00 1.277544236626580454e-01 4.389531742094682915e-02
8.450000000000000000e+02 1.752447586487442255e-01 2.808968448652878758e-01 0.000000000000000000e+00 0.000000000000000000e+00 1.009656982120962221e-01 1.034905554156472646e-01
8.500000000000000000e+02 1.610212356261810362e-01 1.946966322231419022e-01 0.000000000000000000e+00 0.000000000000000000e+00 1.302016301318527913e-01 1.348399513991445919e-01
8.550000000000000000e+02 4.317304642546348353e-02 8.324257017382881430e-03 0.000000000000000000e+00 0.000000000000000000e+00 8.707380875754600069e-02 1.440462696573640775e-02
8.600000000000000000e+02 2.072033161440147153e-01 2.205375519236597304e-01 0.000000000000000000e+00 0.000000000000000000e+00 1.073903912276657768e-01 1.209727673011459087e-01
8.650000000000000000e+02 1.729400235138109088e-01 2.627146353477928173e-02 0.000000000000000000e+00 0.000000000000000000e+00 8.581541773685615049e-02 7.760913440046100786e-02
8.700000000000000000e+02 1.116856815511804435e-01 4.082654921723749553e-02 0.000000000000000000e+00 0.000000000000000000e+00 9.505469592617729613e-02 6.372474431449991206e-02
8.750000000000000000e+02 2.900706641328151900e-03 1.635778132029054033e-01 0.000000000000000000e+00 0.000000000000000000e+00 4.908440930909955917e-03 1.033496700727629253e-01
8.800000000000000000e+02 7.367789765290444493e-02 2.515083358065344776e-01 0.000000000000000000e+00 0.000000000000000000e+00 8.503158602512153608e-02 1.038617220704578237e-01
8.850000000000000000e+02 1.249867917438343412e-01 8.489960387929074148e-02 0.000000000000000000e+00 0.000000000000000000e+00 8.804864998574943313e-02 1.185904072415732147e-01
8.900000000000000000e+02 7.430684027393459623e-02 3.503380585228605404e-01 0.000000000000000000e+00 1.000000000000000000e+00 6.291490310643278738e-02 1.004244305289181821e-01
8.950000000000000000e+02 2.974424228498730388e-04 1.127113908400604637e-02 0.000000000000000000e+00 0.000000000000000000e+00 3.375065880774916118e-03 4.489372603728172817e-02
9.000000000000000000e+02 2.470053981260937337e-01 1.095583096109168653e-01 0.000000000000000000e+00 0.000000000000000000e+00 9.167084154337151736e-02 8.684198677822414780e-02
9.050000000000000000e+02 3.080479723400573189e-01 5.598562560172610190e-03 0.000000000000000000e+00 0.000000000000000000e+00 1.364816860619385841e-01 9.354540127385605267e-03
9.100000000000000000e+02 8.960543047648325543e-02 9.999778325797703538e-02 0.000000000000000000e+00 0.000000000000000000e+00 1.657346946623363404e-01 1.178036202655026038e-01
9.150000000000000000e+02 1.627282455815189793e-02 1.701343178702370007e-01 0.000000000000000000e+00 0.000000000000000000e+00 9.243301573012317751e-02 9.826204344634120735e-02
9.200000000000000000e+02 4.907529028349651157e-02 1.441411384760922787e-01 0.000000000000000000e+00 0.000000000000000000e+00 1.864547676911923468e-01 8.719754952534003456e-02
9.250000000000000000e+02 1.311414408088051320e-01 1.551758295718876912e-01 0.000000000000000000e+00 0.000000000000000000e+00 1.222116403008584318e-01 1.167548227425248553e-01
9.300000000000000000e+02 1.115814578586002276e-01 1.761761650922221700e-01 0.000000000000000000e+00 0.000000000000000000e+00 7.812413859405924199e-02 7.492543708545866543e-02
9.350000000000000000e+02 2.321393471295826461e-01 2.838415808977633459e-01 0.000000000000000000e+00 0.000000000000000000e+00 1.243555101159235510e-01 1.035654618469620258e-01
9.400000000000000000e+02 3.381311117299773406e-02 0.000000000000000000e+00 0.000000000000000000e+00 0.000000000000000000e+00 5.803022271249327901e-02 0.000000000000000000e+00
9.450000000000000000e+02 3.077129343613893009e-01 7.649156118973214624e-02 1.000000000000000000e+00 0.000000000000000000e+00 7.561496609005637082e-02 1.272360133473260935e-01
9.500000000000000000e+02 9.945910233369829878e-02 2.089210717288492170e-01 0.000000000000000000e+00 0.000000000000000000e+00 1.105114499201134692e-01 1.484029146635900409e-01
9.550000000000000000e+02 1.431255328714022834e-01 1.931195121610365661e-01 0.000000000000000000e+00 1.000000000000000000e+00 1.066035352924980806e-01 5.910375694681548747e-02
9.600000000000000000e+02 2.444352813774766653e-01 1.134694672050909070e-01 0.000000000000000000e+00 0.000000000000000000e+00 1.059927118376047389e-01 8.547097997747846176e-02
9.650000000000000000e+02 1.492220027451088005e-01 7.231906743215965605e-02 0.000000000000000000e+00 0.000000000000000000e+00 9.684674104098721370e-02 1.080666636132807390e-01
9.700000000000000000e+02 1.324491272477221204e-01 7.264369016569496851e-02 0.000000000000000000e+00 0.000000000000000000e+00 1.780659901239058374e-01 8.702454650488855581e-02
9.750000000000000000e+02 1.019339841400570129e-01 2.393921303225473446e-02 0.000000000000000000e+00 0.000000000000000000e+00 1.315298910362047435e-01 4.731865577117358446e-02
9.800000000000000000e+02 4.773308958542868408e-02 2.314956698153178005e-01 0.000000000000000000e+00 0.000000000000000000e+00 1.767292660812377902e-01 1.162273325193557000e-01
9.850000000000000000e+02 1.663884741366248032e-01 1.505635617011336636e-01 0.000000000000000000e+00 0.000000000000000000e+00 1.006946848526632105e-01 1.350649205976909017e-01
9.900000000000000000e+02 2.750182319829673760e-01 2.309876620589016716e-01 1.000000000000000000e+00 0.000000000000000000e+00 6.935107786319036349e-02 9.466850809386831433e-02
9.950000000000000000e+02 1.299123735784368794e-02 6.371728505014831456e-02 0.000000000000000000e+00 0.000000000000000000e+00 1.195397016281435874e-02 5.554327622596576947e-02
