0.000000000000000000e+00 0.000000000000000000e+00 0.000000000000000000e+00 0.000000000000000000e+00 0.000000000000000000e+00 0.000000000000000000e+00 0.000000000000000000e+00
5.000000000000000000e+00 6.938451172174252557e-01 5.638111894938026003e-01 1.000000000000000000e+00 1.000000000000000000e+00 1.520603142572720667e-01 1.502196733268347795e-01
1.000000000000000000e+01 6.149437207168397812e-01 6.747734299917544920e-01 1.000000000000000000e+00 1.000000000000000000e+00 1.324300393539241394e-01 1.011819043913864263e-01
1.500000000000000000e+01 4.792599299028855175e-01 8.462974852641895751e-01 1.000000000000000000e+00 1.000000000000000000e+00 1.427593112442284706e-01 1.582566776767378725e-01
2.000000000000000000e+01 2.906952894367283990e-01 4.097733185447400284e-01 0.000000000000000000e+00 1.000000000000000000e+00 1.367489795244146988e-01 1.302568459539606427e-01
2.500000000000000000e+01 3.794826917909327468e-01 3.190068705321370546e-01 1.000000000000000000e+00 0.000000000000000000e+00 1.237236926578912100e-01 1.691666278716120186e-01
3.000000000000000000e+01 3.237560130608400644e-01 6.102098221082278284e-01 0.000000000000000000e+00 1.000000000000000000e+00 1.223318866232301350e-01 1.717191707005213952e-01
3.500000000000000000e+01 2.724079032570467240e-01 6.487831596739251916e-01 0.000000000000000000e+00 1.000000000000000000e+00 1.385991388501998656e-01 1.243920005650769600e-01
4.000000000000000000e+01 1.923579903286230797e-01 6.585127217374330266e-01 0.000000000000000000e+00 1.000000000000000000e+00 1.071030839987298366e-01 1.380410945099992681e-01
4.500000000000000000e+01 3.872691241727546640e-01 6.654539584888170545e-01 1.000000000000000000e+00 1.000000000000000000e+00 8.412122928329886229e-02 1.297157310113410400e-01
5.000000000000000000e+01 3.814866719358006031e-01 4.652444890282984025e-01 0.000000000000000000e+00 1.000000000000000000e+00 1.633797659289805693e-01 1.317231004106621250e-01
5.500000000000000000e+01 3.892292832275881520e-01 4.349098688619428832e-01 1.000000000000000000e+00 1.000000000000000000e+00 1.352396475436864476e-01 1.176472325851671274e-01
6.000000000000000000e+01 5.187601735379274714e-01 4.790419454682989242e-01 1.000000000000000000e+00 1.000000000000000000e+00 5.336298660485246093e-02 1.658795207907726721e-01
6.500000000000000000e+01 3.818876775156788694e-01 5.873168636325892811e-01 0.000000000000000000e+00 1.000000000000000000e+00 1.433315693169797955e-01 1.566351756551228325e-01
7.000000000000000000e+01 4.135341313947286102e-01 6.083057249559409296e-01 1.000000000000000000e+00 1.000000000000000000e+00 8.768539568788549787e-02 1.266828376451016314e-01
7.500000000000000000e+01 4.507879475787500145e-01 5.421336984657533220e-01 0.000000000000000000e+00 1.000000000000000000e+00 1.816271178558106769e-01 1.099882921204772407e-01
8.000000000000000000e+01 4.607539577847769574e-01 4.969038641433495274e-01 1.000000000000000000e+00 1.000000000000000000e+00 7.236356081103145765e-02 1.534330977867219281e-01
8.500000000000000000e+01 4.238328954079884636e-01 4.448012732866428176e-01 1.000000000000000000e+00 1.000000000000000000e+00 1.112673285827699837e-01 1.554064070513444806e-01
9.000000000000000000e+01 4.478723886872052473e-01 4.388137319387891422e-01 1.000000000000000000e+00 0.000000000000000000e+00 1.454334718484153188e-01 1.955488662824618196e-01
9.500000000000000000e+01 5.687017755776915262e-01 2.786997250731214626e-01 1.000000000000000000e+00 0.000000000000000000e+00 1.571390316953831245e-01 1.344729200643704770e-01
1.000000000000000000e+02 4.684465197498769440e-01 3.448823809394905293e-01 1.000000000000000000e+00 1.000000000000000000e+00 9.646868278368463112e-02 1.211912191186772236e-01
1.050000000000000000e+02 4.063322148029943071e-01 4.296601711727334738e-01 1.000000000000000000e+00 1.000000000000000000e+00 8.526045986368410712e-02 1.494147908363767097e-01
1.100000000000000000e+02 4.577415333094241312e-01 5.809634293321110921e-01 0.000000000000000000e+00 1.000000000000000000e+00 1.638872568852619838e-01 2.028242143410678155e-01
1.150000000000000000e+02 4.482601375959046064e-01 4.823511386555800473e-01 1.000000000000000000e+00 0.000000000000000000e+00 1.431611856389554405e-01 1.830029573140699028e-01
1.200000000000000000e+02 3.322626696806118551e-01 3.464745500134013834e-01 1.000000000000000000e+00 1.000000000000000000e+00 1.131015678937534602e-01 8.325056334359293153e-02
1.250000000000000000e+02 3.409141844353210105e-01 2.606164490956037749e-01 0.000000000000000000e+00 0.000000000000000000e+00 1.210841633304722970e-01 1.239836804825698302e-01
1.300000000000000000e+02 3.992604882639432806e-01 5.249519607009097699e-01 1.000000000000000000e+00 1.000000000000000000e+00 1.362035587265032766e-01 1.462409346327299409e-01
1.350000000000000000e+02 2.301326740136845073e-01 4.076233185144697013e-01 0.000000000000000000e+00 1.000000000000000000e+00 1.247832073007471010e-01 1.049041135776701966e-01
1.400000000000000000e+02 3.619810295037140802e-01 3.094325894589383674e-01 1.000000000000000000e+00 1.000000000000000000e+00 1.088645260157425354e-01 8.561408465812407609e-02
1.450000000000000000e+02 3.592387616305419695e-01 4.641857517461175919e-01 0.000000000000000000e+00 1.000000000000000000e+00 1.445322339617271246e-01 1.597679646255836250e-01
1.500000000000000000e+02 3.500253249028698055e-01 3.733550159990201012e-01 1.000000000000000000e+00 0.000000000000000000e+00 1.217185496812130396e-01 1.526470727399802385e-01
1.550000000000000000e+02 3.336662433265388250e-01 6.081282192252246421e-01 0.000000000000000000e+00 1.000000000000000000e+00 1.857799858028234552e-01 1.212311643151445933e-01
1.600000000000000000e+02 3.662875675794036168e-01 4.753919994774890023e-01 1.000000000000000000e+00 1.000000000000000000e+00 1.226386842353934803e-01 1.085793367769884860e-01
1.650000000000000000e+02 3.987503860572522707e-01 3.048527362940568475e-01 0.000000000000000000e+00 0.000000000000000000e+00 2.072918731068460196e-01 1.771794629577706226e-01
1.700000000000000000e+02 4.020348465980031483e-01 3.622616569002021225e-01 0.000000000000000000e+00 0.000000000000000000e+00 1.459792152554697242e-01 1.826239545529596553e-01
1.750000000000000000e+02 3.428555574855462473e-01 2.331892768641506408e-01 0.000000000000000000e+00 0.000000000000000000e+00 1.269834956974073559e-01 1.342847080910477831e-01
1.800000000000000000e+02 2.531084901553054545e-01 2.317859201330087215e-01 0.000000000000000000e+00 0.000000000000000000e+00 1.192726077139111412e-01 8.912505579088580987e-02
1.850000000000000000e+02 2.408268815964954290e-01 3.660615570210802860e-01 0.000000000000000000e+00 1.000000000000000000e+00 1.431672916512505556e-01 9.001209372291774091e-02
1.900000000000000000e+02 4.002764856417234118e-01 1.452176746372332850e-01 0.000000000000000000e+00 0.000000000000000000e+00 1.958700300056342991e-01 1.543670392291238147e-01
1.950000000000000000e+02 2.815880323336508728e-01 2.127067430548171267e-01 0.000000000000000000e+00 0.000000000000000000e+00 1.176924724318097332e-01 1.643388099863357932e-01
2.000000000000000000e+02 2.704008869630364909e-01 1.815635304986545906e-01 0.000000000000000000e+00 0.000000000000000000e+00 1.666452940132507055e-01 9.918680049270950372e-02
2.050000000000000000e+02 4.923813673390481371e-01 2.839289643187398182e-01 1.000000000000000000e+00 0.000000000000000000e+00 1.274899782649201174e-01 1.562617081897126892e-01
2.100000000000000000e+02 3.795984932535312328e-01 1.814145134659386760e-01 1.000000000000000000e+00 0.000000000000000000e+00 1.267061104814767580e-01 1.249430233103838439e-01
2.150000000000000000e+02 4.697746342435237255e-01 4.971786494860344630e-01 1.000000000000000000e+00 1.000000000000000000e+00 8.960389962832975008e-02 1.297444359163413552e-01
2.200000000000000000e+02 3.005328623445912006e-01 3.189997952646422275e-01 0.000000000000000000e+00 0.000000000000000000e+00 1.693690389355516357e-01 1.432176871233147020e-01
2.250000000000000000e+02 3.262275028693394363e-01 3.470824148406305154e-01 1.000000000000000000e+00 0.000000000000000000e+00 7.451847042505067853e-02 1.407148440009981516e-01
2.300000000000000000e+02 2.766624329271608618e-01 1.868045013297716661e-01 0.000000000000000000e+00 0.000000000000000000e+00 1.046662198591411658e-01 1.544936211944029358e-01
2.350000000000000000e+02 3.694719447743275986e-01 4.701600247965099788e-01 1.000000000000000000e+00 1.000000000000000000e+00 1.129050433272711651e-01 9.963504672197411038e-02
2.400000000000000000e+02 2.599431957711521024e-01 3.965648879161184914e-01 0.000000000000000000e+00 1.000000000000000000e+00 1.314414347288716534e-01 1.221663833603682664e-01
2.450000000000000000e+02 3.016531462291074384e-01 2.336414432039324307e-01 1.000000000000000000e+00 0.000000000000000000e+00 1.000409625762347376e-01 2.010316567164942003e-01
2.500000000000000000e+02 2.543754219452744048e-01 2.387303387826386625e-01 0.000000000000000000e+00 0.000000000000000000e+00 1.203868683815661617e-01 1.056248069349785268e-01
2.550000000000000000e+02 4.428745502508112386e-01 5.189970990536357798e-01 1.000000000000000000e+00 1.000000000000000000e+00 1.364481587517295258e-01 1.363028590943485552e-01
2.600000000000000000e+02 3.801024999639980306e-01 5.380365955851642568e-01 1.000000000000000000e+00 1.000000000000000000e+00 8.127254425059721177e-02 1.469699775943943132e-01
2.650000000000000000e+02 3.917225384422687307e-01 2.175974594609627333e-01 0.000000000000000000e+00 0.000000000000000000e+00 1.879287044703084886e-01 1.150240519357791785e-01
2.700000000000000000e+02 3.836576317455486218e-01 4.358423937173021012e-01 1.000000000000000000e+00 1.000000000000000000e+00 1.156941753465450251e-01 1.474334604024712392e-01
2.750000000000000000e+02 3.427199438312637514e-01 2.508807662034566732e-01 0.000000000000000000e+00 0.000000000000000000e+00 1.490545213332334917e-01 1.042785966444407242e-01
2.800000000000000000e+02 3.386711225754202026e-01 1.478119904385284400e-01 0.000000000000000000e+00 0.000000000000000000e+00 1.279514324318464513e-01 1.305681676150390325e-01
2.850000000000000000e+02 1.800607809675248416e-01 3.217960626150221382e-01 0.000000000000000000e+00 1.000000000000000000e+00 1.044820503222950447e-01 8.034902445678582250e-02
2.900000000000000000e+02 3.504074965035378075e-01 2.583083618999597597e-01 1.000000000000000000e+00 0.000000000000000000e+00 8.775205714880476848e-02 1.319863739369707689e-01
2.950000000000000000e+02 5.857816597813726434e-01 2.969522889363487295e-01 1.000000000000000000e+00 1.000000000000000000e+00 1.059446872688279001e-01 5.564600858219993784e-02
3.000000000000000000e+02 2.945740760557672422e-01 4.618013430657306323e-02 0.000000000000000000e+00 0.000000000000000000e+00 1.184664199260299922e-01 1.890028566285835432e-01
3.050000000000000000e+02 2.934325171562812140e-01 3.322420523586455676e-01 0.000000000000000000e+00 0.000000000000000000e+00 1.431132776326197176e-01 1.703330383731749276e-01
3.100000000000000000e+02 2.202464706867031108e-01 1.619221678279209042e-01 0.000000000000000000e+00 0.000000000000000000e+00 1.480625605677128309e-01 1.353004799990628892e-01
3.150000000000000000e+02 3.077998832425786757e-01 3.015029509028713806e-01 0.000000000000000000e+00 0.000000000000000000e+00 1.629877692164649894e-01 1.155501562171297597e-01
3.200000000000000000e+02 1.125730899167665389e-01 2.350486306483471899e-01 0.000000000000000000e+00 0.000000000000000000e+00 8.208740261812344507e-02 1.097860692298939095e-01
3.250000000000000000e+02 2.804812207961474568e-01 2.625045901113123858e-01 0.000000000000000000e+00 0.000000000000000000e+00 1.288337276641570994e-01 1.387437064693862188e-01
3.300000000000000000e+02 1.174593368161453988e-01 3.419988402508780112e-01 0.000000000000000000e+00 1.000000000000000000e+00 5.866766289697593340e-02 1.008791864503621877e-01
3.350000000000000000e+02 2.227362421343431209e-01 2.915309434953515244e-01 1.000000000000000000e+00 0.000000000000000000e+00 5.103233659756099133e-02 1.653655947617389543e-01
3.400000000000000000e+02 2.367404954570216657e-01 1.556047130275884094e-01 0.000000000000000000e+00 0.000000000000000000e+00 1.148258629423421495e-01 1.697939119267271590e-01
3.450000000000000000e+02 2.022536448778342599e-01 1.257286848709882054e-01 0.000000000000000000e+00 0.000000000000000000e+00 1.263273390463122980e-01 9.458721140225340163e-02
3.500000000000000000e+02 2.172110318278245578e-01 2.639516603689873731e-01 0.000000000000000000e+00 0.000000000000000000e+00 1.012640449053702069e-01 1.525297550324884455e-01
3.550000000000000000e+02 2.427795013107790223e-01 1.484861602619357013e-01 0.000000000000000000e+00 0.000000000000000000e+00 1.129111475415386090e-01 7.680889958181875976e-02
3.600000000000000000e+02 1.406554858971775235e-01 2.684418467719911772e-01 0.000000000000000000e+00 0.000000000000000000e+00 1.075229454120165545e-01 1.452924261423744479e-01
3.650000000000000000e+02 1.576364394375969202e-01 7.397656041005981620e-02 0.000000000000000000e+00 0.000000000000000000e+00 1.070936901228230764e-01 4.964382478309295466e-02
3.700000000000000000e+02 1.055711982199662724e-01 3.572238109768349212e-01 0.000000000000000000e+00 0.000000000000000000e+00 5.211104782980579414e-02 1.585223998470950135e-01
3.750000000000000000e+02 2.867400750265816645e-01 2.871399871265910564e-01 1.000000000000000000e+00 0.000000000000000000e+00 9.889007664461509084e-02 1.969071446366239819e-01
3.800000000000000000e+02 1.315022769853204654e-01 2.536902907290324305e-01 0.000000000000000000e+00 0.000000000000000000e+00 1.119757716523924473e-01 1.032899519213458517e-01
3.850000000000000000e+02 4.308643613444780307e-01 1.052930912440106920e-01 1.000000000000000000e+00 0.000000000000000000e+00 9.790700395324215821e-02 8.312736529527414708e-02
3.900000000000000000e+02 2.508236149867668630e-01 3.614777364939830151e-01 0.000000000000000000e+00 1.000000000000000000e+00 9.285069761897461749e-02 9.910752878891825046e-02
3.950000000000000000e+02 2.011305523994892097e-01 1.772268491902870557e-01 0.000000000000000000e+00 0.000000000000000000e+00 1.264905776913292368e-01 1.435903584485190843e-01
4.000000000000000000e+02 1.648736143737335180e-01 2.260666956681150752e-01 0.000000000000000000e+00 0.000000000000000000e+00 8.828390521937908020e-02 1.016057866676732258e-01
4.050000000000000000e+02 2.639004737587193339e-01 3.871854122304769774e-01 1.000000000000000000e+00 1.000000000000000000e+00 8.357999248626848954e-02 1.154334915128390343e-01
4.100000000000000000e+02 2.344424735678520277e-01 2.719721197848254945e-01 0.000000000000000000e+00 0.000000000000000000e+00 1.008936388158603037e-01 1.328661051290974671e-01
4.150000000000000000e+02 1.738050027196672287e-01 2.299896066569277475e-01 0.000000000000000000e+00 0.000000000000000000e+00 1.114466870151139127e-01 1.761070025478604639e-01
4.200000000000000000e+02 1.553571934627482887e-01 1.246397617613784342e-01 0.000000000000000000e+00 0.000000000000000000e+00 1.297057109516702444e-01 4.749491194115817300e-02
4.250000000000000000e+02 2.472247876760094720e-01 1.184346592866427211e-01 0.000000000000000000e+00 0.000000000000000000e+00 1.289227888799651667e-01 7.378985805129670283e-02
4.300000000000000000e+02 3.745387483525870476e-01 1.868512625251089188e-01 1.000000000000000000e+00 0.000000000000000000e+00 1.261342916843569417e-01 9.401310264196753586e-02
4.350000000000000000e+02 2.202506613881431985e-01 3.380115763474371149e-01 0.000000000000000000e+00 0.000000000000000000e+00 1.037467979941421731e-01 1.657181013860568874e-01
4.400000000000000000e+02 1.323781092915206903e-01 1.988720938720884013e-01 0.000000000000000000e+00 0.000000000000000000e+00 1.228941221275542117e-01 7.518995585372706403e-02
4.450000000000000000e+02 1.676110439833983501e-01 3.313863390482139626e-01 0.000000000000000000e+00 0.000000000000000000e+00 8.483835841033167402e-02 1.577493547920041372e-01
4.500000000000000000e+02 1.886413586660842800e-01 1.795079256178187255e-01 0.000000000000000000e+00 0.000000000000000000e+00 8.988442603171754863e-02 1.604490354380792017e-01
4.550000000000000000e+02 1.473511559909417845e-01 4.582197772041401440e-01 0.000000000000000000e+00 0.000000000000000000e+00 1.395250184193506382e-01 2.005468027340663317e-01
4.600000000000000000e+02 1.937977309165500039e-01 1.681705287646206026e-01 0.000000000000000000e+00 0.000000000000000000e+00 1.839665783603817995e-01 1.519573825464794470e-01
4.650000000000000000e+02 2.408578318744145630e-01 2.415555325577203871e-01 0.000000000000000000e+00 0.000000000000000000e+00 1.271589135114245261e-01 1.047869305274267693e-01
4.700000000000000000e+02 2.336884560373695408e-01 4.326689594238989356e-01 1.000000000000000000e+00 0.000000000000000000e+00 6.599021557292034101e-02 1.613107960164616439e-01
4.750000000000000000e+02 3.170671628455681290e-01 4.209536199170313964e-01 0.000000000000000000e+00 0.000000000000000000e+00 1.729049182730816592e-01 2.213366185464818170e-01
4.800000000000000000e+02 2.904115747817023752e-01 3.949745982334967875e-01 0.000000000000000000e+00 1.000000000000000000e+00 1.633859152703997231e-01 1.083318096748452225e-01
4.850000000000000000e+02 9.038246628672438887e-02 2.056394658477569415e-01 0.000000000000000000e+00 0.000000000000000000e+00 1.288325876323739572e-01 9.145383937768389315e-02
4.900000000000000000e+02 1.246738508344008983e-01 2.782742246366987637e-01 0.000000000000000000e+00 0.000000000000000000e+00 1.305171488118830880e-01 1.874060436100407068e-01
4.950000000000000000e+02 3.626955178898715326e-01 2.060959679188356097e-01 0.000000000000000000e+00 0.000000000000000000e+00 1.741940058519782508e-01 1.106934669871739441e-01
5.000000000000000000e+02 1.205677909318020324e-01 2.153457837595159352e-01 0.000000000000000000e+00 0.000000000000000000e+00 9.698723343149999454e-02 1.421949345629770767e-01
5.050000000000000000e+02 1.804434734101786619e-01 3.155799639847520210e-01 0.000000000000000000e+00 0.000000000000000000e+00 1.142786074288174719e-01 1.457320128623678657e-01
5.100000000000000000e+02 2.459675625101619689e-01 4.912335972666989625e-02 0.000000000000000000e+00 0.000000000000000000e+00 1.368697747346696025e-01 1.224200242802649663e-01
5.150000000000000000e+02 1.850025758766278561e-01 1.928831823360963871e-01 0.000000000000000000e+00 0.000000000000000000e+00 1.019931564548789554e-01 1.365741984420571487e-01
5.200000000000000000e+02 2.873495639437025906e-01 7.192349189140157320e-03 1.000000000000000000e+00 0.000000000000000000e+00 9.980452090860025827e-02 2.394265046741483188e-02
5.250000000000000000e+02 1.806733747531915901e-01 1.520144306412555824e-01 0.000000000000000000e+00 0.000000000000000000e+00 1.229341825186926751e-01 1.341062684029369068e-01
5.300000000000000000e+02 1.555265625890949743e-01 1.051244136429917014e-01 0.000000000000000000e+00 0.000000000000000000e+00 9.851465483641549947e-02 1.068798736116848141e-01
5.350000000000000000e+02 5.540838426308304643e-02 1.933533098624954927e-01 0.000000000000000000e+00 0.000000000000000000e+00 9.548661078495003507e-02 1.481401335963222765e-01
5.400000000000000000e+02 5.669344498039149277e-02 2.626972421685611625e-01 0.000000000000000000e+00 0.000000000000000000e+00 4.964839255852632888e-02 1.505233980066637001e-01
5.450000000000000000e+02 6.289882387566836375e-02 1.210209640455462282e-01 0.000000000000000000e+00 0.000000000000000000e+00 3.494005214096623096e-02 1.405490082557014075e-01
5.500000000000000000e+02 2.235365390919837741e-02 2.864101240427557871e-01 0.000000000000000000e+00 0.000000000000000000e+00 9.729160495192168412e-02 1.660972993459257085e-01
5.550000000000000000e+02 1.633001834151513454e-01 6.114304556879858465e-02 0.000000000000000000e+00 0.000000000000000000e+00 5.799585352082268358e-02 6.878055917074182846e-02
5.600000000000000000e+02 2.824244462934026242e-02 2.167776836133633311e-01 0.000000000000000000e+00 0.000000000000000000e+00 2.752887517101308343e-02 1.017385365267411829e-01
5.650000000000000000e+02 2.421165181669019117e-01 2.983042654506959379e-01 0.000000000000000000e+00 1.000000000000000000e+00 1.846179858893088055e-01 8.138524231361231320e-02
5.700000000000000000e+02 1.933736973824883298e-01 3.364164137498242280e-01 0.000000000000000000e+00 0.000000000000000000e+00 1.027204342076597082e-01 1.370545402271795277e-01
5.750000000000000000e+02 5.473000182213273723e-02 2.079173884886091339e-01 0.000000000000000000e+00 0.000000000000000000e+00 5.384628682901544672e-02 1.100236008200691229e-01
5.800000000000000000e+02 2.716660267487250868e-01 3.137960702765709153e-01 1.000000000000000000e+00 0.000000000000000000e+00 9.464871613122732841e-02 1.524258000560911597e-01
5.850000000000000000e+02 1.620022054433797876e-01 1.638796364200064692e-01 0.000000000000000000e+00 0.000000000000000000e+00 6.165446602516093388e-02 1.155722169739079874e-01
5.900000000000000000e+02 5.845520312453511558e-02 8.736147833589656686e-02 0.000000000000000000e+00 0.000000000000000000e+00 9.872901281791539307e-02 3.349049342500118320e-02
5.950000000000000000e+02 2.812562595561048373e-01 2.834451575555199110e-01 0.000000000000000000e+00 0.000000000000000000e+00 1.347558388688639974e-01 1.351865575940586484e-01
6.000000000000000000e+02 3.494023772948032236e-01 3.412194730726506031e-01 0.000000000000000000e+00 0.000000000000000000e+00 1.289180929630421302e-01 1.337132486534246267e-01
6.050000000000000000e+02 4.137727268667138608e-02 3.154068874967977942e-01 0.000000000000000000e+00 0.000000000000000000e+00 8.086158480623463485e-02 1.281728087687978856e-01
6.100000000000000000e+02 1.618181622533124975e-01 1.484847913105835360e-01 0.000000000000000000e+00 0.000000000000000000e+00 9.669060836549196736e-02 6.356113029306176276e-02
6.150000000000000000e+02 5.845439151110268933e-02 1.083960163636149970e-01 0.000000000000000000e+00 0.000000000000000000e+00 7.709677571259418438e-02 9.134350475874218611e-02
6.200000000000000000e+02 1.433261805509810916e-01 1.800893472094763914e-01 0.000000000000000000e+00 0.000000000000000000e+00 1.330379635065987720e-01 1.005897573277406698e-01
6.250000000000000000e+02 8.287557265024003694e-02 9.475257214029855768e-02 0.000000000000000000e+00 0.000000000000000000e+00 3.810229316969116625e-02 1.431373373610992095e-01
6.300000000000000000e+02 1.672133508067630558e-01 2.537555303759809755e-01 0.000000000000000000e+00 0.000000000000000000e+00 1.252818535701711866e-01 9.482851351834295506e-02
6.350000000000000000e+02 1.807315413968794415e-01 7.306009050231900004e-02 0.000000000000000000e+00 0.000000000000000000e+00 1.374699213783983354e-01 1.040324844560211043e-01
6.400000000000000000e+02 1.352569601915434329e-02 2.524504094734054682e-01 0.000000000000000000e+00 0.000000000000000000e+00 1.427340577631788440e-02 1.415067185699213637e-01
6.450000000000000000e+02 1.294506799699971233e-01 3.408135046649848898e-01 0.000000000000000000e+00 0.000000000000000000e+00 1.158813299623687454e-01 1.541458192226507762e-01
6.500000000000000000e+02 1.749656573238819457e-01 1.606020637015830588e-01 0.000000000000000000e+00 0.000000000000000000e+00 1.614056700604030448e-01 9.212638269972678318e-02
6.550000000000000000e+02 1.912960174525751289e-01 6.816408997161690908e-02 0.000000000000000000e+00 0.000000000000000000e+00 1.144371007825820963e-01 8.714275963895193322e-02
6.600000000000000000e+02 5.188186878370630584e-02 1.568724630433600831e-01 0.000000000000000000e+00 0.000000000000000000e+00 4.517681610517113727e-02 1.053407642413720924e-01
6.650000000000000000e+02 5.476845443105206324e-02 2.499187824494531474e-01 0.000000000000000000e+00 0.000000000000000000e+00 7.648865410017864630e-02 1.064826405283023497e-01
6.700000000000000000e+02 3.740290845179267687e-01 4.597735041669211153e-02 1.000000000000000000e+00 0.000000000000000000e+00 9.036444243744608251e-02 1.058313828996075012e-01
6.750000000000000000e+02 5.546710158788374645e-02 4.581477853045673627e-03 0.000000000000000000e+00 0.000000000000000000e+00 1.066550720959158066e-01 9.882012668028581151e-03
6.800000000000000000e+02 1.010147286793500465e-01 1.301293726495830749e-01 0.000000000000000000e+00 0.000000000000000000e+00 3.960957078608291076e-02 1.399105241805582156e-01
6.850000000000000000e+02 1.706706725234174160e-01 5.003012700128841445e-02 0.000000000000000000e+00 0.000000000000000000e+00 1.367157124700209836e-01 1.212808005225963770e-01
6.900000000000000000e+02 6.500770193507877937e-02 1.593348751074292746e-01 0.000000000000000000e+00 0.000000000000000000e+00 7.719869418974413533e-02 6.447371437681274908e-02
6.950000000000000000e+02 1.884146572999124414e-01 2.117602021057250761e-01 0.000000000000000000e+00 0.000000000000000000e+00 1.057944112095587641e-01 1.570099074330543742e-01
7.000000000000000000e+02 8.917893965564324676e-02 2.307555005823498928e-01 0.000000000000000000e+00 0.000000000000000000e+00 7.674129874796249695e-02 1.156642487587692947e-01
7.050000000000000000e+02 1.447950922707090249e-01 1.546376539523733606e-01 0.000000000000000000e+00 0.000000000000000000e+00 1.012244803005313970e-01 1.067236873190582497e-01
7.100000000000000000e+02 1.227657200289221373e-01 2.795062761767293513e-01 0.000000000000000000e+00 1.000000000000000000e+00 1.185010619453634728e-01 8.673424056007691951e-02
7.150000000000000000e+02 1.379767574803821839e-01 3.895967169520607176e-01 0.000000000000000000e+00 1.000000000000000000e+00 1.794099113376870502e-01 1.007537636291293975e-01
7.200000000000000000e+02 1.008923771532045099e-01 2.612432267075171510e-01 0.000000000000000000e+00 1.000000000000000000e+00 1.618396304904222704e-01 8.364845988608242411e-02
7.250000000000000000e+02 5.105846823093762588e-02 2.315831797498242306e-01 1.000000000000000000e+00 0.000000000000000000e+00 1.562601183947382247e-02 1.736015907709449468e-01
7.300000000000000000e+02 6.274188417506634807e-02 3.200752900769503195e-02 0.000000000000000000e+00 0.000000000000000000e+00 1.114292126560696705e-01 8.243350922836321926e-02
7.350000000000000000e+02 1.014213351815743402e-01 1.623461461575605169e-01 0.000000000000000000e+00 0.000000000000000000e+00 8.040693717437216725e-02 9.769492050743189271e-02
7.400000000000000000e+02 1.148175688044197756e-01 1.155963365003054022e-01 0.000000000000000000e+00 0.000000000000000000e+00 8.061175203249909549e-02 1.193024732952150530e-01
7.450000000000000000e+02 2.951678331062352889e-01 1.127462219980927688e-01 0.000000000000000000e+00 0.000000000000000000e+00 1.387506216577005236e-01 9.590392143942397252e-02
7.500000000000000000e+02 6.362729745898686173e-02 3.081324350919351640e-01 0.000000000000000000e+00 1.000000000000000000e+00 9.423938015830850279e-02 1.089259082225251529e-01
7.550000000000000000e+02 1.253254448278852407e-01 9.677506144239673980e-02 0.000000000000000000e+00 0.000000000000000000e+00 1.123370485255802964e-01 9.425155578663685363e-02
7.600000000000000000e+02 1.016784279127976448e-01 2.030375359554882075e-01 0.000000000000000000e+00 0.000000000000000000e+00 1.062798418763927083e-01 1.544525712189869782e-01
7.650000000000000000e+02 2.349097830050854152e-01 1.590253448318012519e-01 0.000000000000000000e+00 0.000000000000000000e+00 1.255967761611969657e-01 1.374469546896596173e-01
7.700000000000000000e+02 1.745476821649378785e-01 2.083061489018123713e-01 0.000000000000000000e+00 0.000000000000000000e+00 1.046367658651842503e-01 1.441295429598702105e-01
7.750000000000000000e+02 1.745254365120773310e-01 2.339746341593494650e-01 0.000000000000000000e+00 0.000000000000000000e+00 1.032307431857295982e-01 1.683698481604428421e-01
7.800000000000000000e+02 2.344959620967221048e-01 3.700925224335921415e-02 0.000000000000000000e+00 0.000000000000000000e+00 1.315244569621420168e-01 4.251309983056597575e-02
7.850000000000000000e+02 4.314221580576014484e-04 2.212638216575646966e-01 0.000000000000000000e+00 0.000000000000000000e+00 9.462866855271921326e-03 1.256004182438521521e-01
7.900000000000000000e+02 1.460201714984650234e-01 9.204412693497814046e-02 0.000000000000000000e+00 0.000000000000000000e+00 1.260217390360118539e-01 8.983028723208005828e-02
7.950000000000000000e+02 2.026847421922735870e-01 3.072182567690062704e-01 0.000000000000000000e+00 0.000000000000000000e+00 1.630998066159892734e-01 1.262119723189961129e-01
8.000000000000000000e+02 1.931454161160094385e-01 2.043567685354517882e-01 0.000000000000000000e+00 0.000000000000000000e+00 9.752359673331248424e-02 1.065651908717541452e-01
8.050000000000000000e+02 3.205880971832756887e-01 2.093821402729666992e-01 1.000000000000000000e+00 1.000000000000000000e+00 7.792265821908458956e-02 5.837960885545016160e-02
8.100000000000000000e+02 2.579494909873687458e-01 1.018500871527437679e-01 0.000000000000000000e+00 0.000000000000000000e+00 1.174617754915304457e-01 8.102017410803039055e-02
8.150000000000000000e+02 1.845066350837647751e-01 2.388512749552971215e-01 0.000000000000000000e+00 0.000000000000000000e+00 9.833017713762866319e-02 1.308621048707390155e-01
8.200000000000000000e+02 3.197931031167895455e-01 7.665306865757989807e-02 1.000000000000000000e+00 0.000000000000000000e+00 9.312307125220034565e-02 1.019801951125691719e-01
8.250000000000000000e+02 1.894037140404093711e-01 2.642531567309696627e-01 1.000000000000000000e+00 0.000000000000000000e+00 6.283760462351754839e-02 1.032752701896326869e-01
8.300000000000000000e+02 7.994579011327662688e-02 5.815107043613846477e-02 0.000000000000000000e+00 0.000000000000000000e+00 8.648660223214842124e-02 1.346642797540715808e-01
8.350000000000000000e+02 1.291484807338720286e-01 7.056795556398923197e-02 0.000000000000000000e+00 0.000000000000000000e+00 5.924275983639949034e-02 3.875913091191830750e-02
8.400000000000000000e+02 5.547024015687965909e-02 2.170104032107616487e-01 0.000000000000000000e+00 0.000000000000000000e+00 8.531260878257038160e-02 1.067946511514088620e-01
8.450000000000000000e+02 2.594159140627329552e-01 3.684251989509712000e-01 0.000000000000000000e+00 1.000000000000000000e+00 1.848477291233771858e-01 1.088218919964003689e-01
8.500000000000000000e+02 3.073410155721328363e-01 1.423395896354559542e-01 0.000000000000000000e+00 0.000000000000000000e+00 1.640890568878730360e-01 9.248189340667795078e-02
8.550000000000000000e+02 5.726665364192772001e-02 1.822487338583423933e-01 0.000000000000000000e+00 0.000000000000000000e+00 7.090174438017683711e-02 9.497279692380204696e-02
8.600000000000000000e+02 3.311495835138111160e-02 6.790095271639143282e-02 0.000000000000000000e+00 0.000000000000000000e+00 3.492612250910662880e-02 8.305612736453535372e-02
8.650000000000000000e+02 1.590715007245434576e-01 1.828609876766690567e-01 1.000000000000000000e+00 0.000000000000000000e+00 5.193644596885666626e-02 1.485845934608666374e-01
8.700000000000000000e+02 8.809829626258740276e-02 1.548972192857835974e-02 0.000000000000000000e+00 0.000000000000000000e+00 1.057255265584905596e-01 7.233435052850714642e-02
8.750000000000000000e+02 1.861873265920698239e-01 2.060914473374999556e-01 0.000000000000000000e+00 0.000000000000000000e+00 1.429402954422632765e-01 1.321903720971951135e-01
8.800000000000000000e+02 2.350208318419123310e-01 2.714879110770680448e-01 0.000000000000000000e+00 1.000000000000000000e+00 1.528843418543661403e-01 8.358047430043541448e-02
8.850000000000000000e+02 8.805250172032497158e-02 9.033620043170842440e-02 0.000000000000000000e+00 0.000000000000000000e+00 7.053712084553648287e-02 1.460746880300588524e-01
8.900000000000000000e+02 7.088718599071065773e-02 3.379490919737278554e-01 0.000000000000000000e+00 1.000000000000000000e+00 6.965792923352022437e-02 1.039571319792753079e-01
8.950000000000000000e+02 1.923989724271515378e-01 0.000000000000000000e+00 0.000000000000000000e+00 0.000000000000000000e+00 1.018193660514185306e-01 0.000000000000000000e+00
9.000000000000000000e+02 8.143521564005258562e-02 1.350081792779534440e-01 0.000000000000000000e+00 0.000000000000000000e+00 1.310360396809647221e-01 7.013974863278792105e-02
9.050000000000000000e+02 1.024997911453593841e-01 3.866047558617069502e-02 0.000000000000000000e+00 0.000000000000000000e+00 9.505753536489050526e-02 5.088796002136301844e-02
9.100000000000000000e+02 3.821789149867711732e-02 1.095045410944089637e-01 0.000000000000000000e+00 0.000000000000000000e+00 4.086632210085736072e-02 5.508896906809349764e-02
9.150000000000000000e+02 5.065516269864797985e-03 1.168973676288381364e-01 0.000000000000000000e+00 0.000000000000000000e+00 3.623315628174723219e-02 6.369212541095209401e-02
9.200000000000000000e+02 1.489522136957064369e-01 2.305331548669463382e-01 0.000000000000000000e+00 0.000000000000000000e+00 9.647925264830808922e-02 1.195751375092098390e-01
9.250000000000000000e+02 2.039167251226207400e-01 1.710053541712097114e-01 0.000000000000000000e+00 0.000000000000000000e+00 9.358734896621836996e-02 1.219620105243233721e-01
9.300000000000000000e+02 1.760325750927570210e-01 1.997542937618407843e-01 0.000000000000000000e+00 0.000000000000000000e+00 9.867883510671154879e-02 7.133445809280784811e-02
9.350000000000000000e+02 1.983044454217229857e-01 1.387610334896041964e-01 0.000000000000000000e+00 0.000000000000000000e+00 1.204498719547764385e-01 1.278710981920293532e-01
9.400000000000000000e+02 5.494403055377898581e-02 0.000000000000000000e+00 0.000000000000000000e+00 0.000000000000000000e+00 7.554436709704578923e-02 0.000000000000000000e+00
9.450000000000000000e+02 2.420808599688565044e-01 1.185885903720254042e-01 0.000000000000000000e+00 0.000000000000000000e+00 1.090152032154419887e-01 2.052387119966496143e-01
9.500000000000000000e+02 1.534004871384218593e-01 2.676378107969291653e-01 0.000000000000000000e+00 1.000000000000000000e+00 1.368809410949509142e-01 8.262846153648817360e-02
9.550000000000000000e+02 4.969562524937999604e-02 0.000000000000000000e+00 0.000000000000000000e+00 0.000000000000000000e+00 9.795133188706924010e-02 0.000000000000000000e+00
9.600000000000000000e+02 3.642773277524166686e-02 9.848770362413387935e-02 0.000000000000000000e+00 0.000000000000000000e+00 1.807935292811233691e-02 8.033574374117989636e-02
9.650000000000000000e+02 2.215118906600157395e-02 1.720916751142778645e-01 0.000000000000000000e+00 1.000000000000000000e+00 8.655635267674066657e-02 5.944364903608773815e-02
9.700000000000000000e+02 1.399514478786209083e-02 3.253239762375093741e-02 0.000000000000000000e+00 0.000000000000000000e+00 2.410851429509201782e-02 9.963417497141144330e-02
9.750000000000000000e+02 3.846997923454388568e-02 8.685608257827885648e-02 0.000000000000000000e+00 0.000000000000000000e+00 1.195068663289605565e-01 1.071930445807468130e-01
9.800000000000000000e+02 7.077191141216812587e-02 2.589492200007665335e-01 0.000000000000000000e+00 0.000000000000000000e+00 7.250865893937064044e-02 1.310072450264655464e-01
9.850000000000000000e+02 1.613068594717625148e-01 2.264179416587309146e-01 0.000000000000000000e+00 0.000000000000000000e+00 8.551954100475853138e-02 9.695564605292440741e-02
9.900000000000000000e+02 2.109253398644834673e-02 1.203230792557082873e-01 0.000000000000000000e+00 0.000000000000000000e+00 1.164562082406836799e-02 1.587073089085579425e-01
9.950000000000000000e+02 6.646923819459855942e-02 3.183282973715899355e-02 0.000000000000000000e+00 0.000000000000000000e+00 9.386603995435548187e-02 1.458785238789226668e-01
