0.000000000000000000e+00 3.642857142857142821e-02 3.642857142857142821e-02
5.000000000000000000e+00 9.712792367346938516e-01 9.874231530612245233e-01
1.000000000000000000e+01 9.773476142857143723e-01 9.894589244897959990e-01
1.500000000000000000e+01 9.806184693877550984e-01 9.897131653061224110e-01
2.000000000000000000e+01 9.824248285714286544e-01 9.894960000000001532e-01
2.500000000000000000e+01 9.818465346938776150e-01 9.912917408163265387e-01
3.000000000000000000e+01 9.854193489795918248e-01 9.919419755102041325e-01
3.500000000000000000e+01 9.876727755102041595e-01 9.922818061224489838e-01
4.000000000000000000e+01 9.876632224489796386e-01 9.943767571428571150e-01
4.500000000000000000e+01 9.883140387755101619e-01 9.940736265306121533e-01
5.000000000000000000e+01 9.889300061224490790e-01 9.943089673469387435e-01
5.500000000000000000e+01 9.906784142857144593e-01 9.916277551020409309e-01
6.000000000000000000e+01 9.892934653061224992e-01 9.932279244897959103e-01
6.500000000000000000e+01 9.893775265306123945e-01 9.942387979591836844e-01
7.000000000000000000e+01 9.917221326530614167e-01 9.942465122448981285e-01
7.500000000000000000e+01 9.927441693877551154e-01 9.928778408163265734e-01
8.000000000000000000e+01 9.923698408163265094e-01 9.929400142857144340e-01
8.500000000000000000e+01 9.923238183673468438e-01 9.945387877551020717e-01
9.000000000000000000e+01 9.932511387755103005e-01 9.948350755102041143e-01
9.500000000000000000e+01 9.917877571428572736e-01 9.934721857142857493e-01
1.000000000000000000e+02 9.909593244897958453e-01 9.944093326530613064e-01
1.050000000000000000e+02 9.925210734693876713e-01 9.938578959183672623e-01
1.100000000000000000e+02 9.934063204081633458e-01 9.957610387755103654e-01
1.150000000000000000e+02 9.935200877551020326e-01 9.940601755102042025e-01
1.200000000000000000e+02 9.938461346938775032e-01 9.956976571428570733e-01
1.250000000000000000e+02 9.951928857142858798e-01 9.944697142857142902e-01
1.300000000000000000e+02 9.957880857142857867e-01 9.944765877551020594e-01
1.350000000000000000e+02 9.942741857142858297e-01 9.953820714285713800e-01
1.400000000000000000e+02 9.943761163265307790e-01 9.954655326530611470e-01
1.450000000000000000e+02 9.938381142857142247e-01 9.965042489795917779e-01
1.500000000000000000e+02 9.952686081632654558e-01 9.949799816326529989e-01
1.550000000000000000e+02 9.946910285714286593e-01 9.960966408163267616e-01
1.600000000000000000e+02 9.942645000000001065e-01 9.953716612244898343e-01
1.650000000000000000e+02 9.951207469387755022e-01 9.962258632653062662e-01
1.700000000000000000e+02 9.938122877551019974e-01 9.953554122448979857e-01
1.750000000000000000e+02 9.952765306122449696e-01 9.949402244897959102e-01
1.800000000000000000e+02 9.948547836734695782e-01 9.948488448979592169e-01
1.850000000000000000e+02 9.951224857142857427e-01 9.947561081632653179e-01
1.900000000000000000e+02 9.961977938775510300e-01 9.935605081632654656e-01
1.950000000000000000e+02 9.948366408163267227e-01 9.955581367346939548e-01
2.000000000000000000e+02 9.951861204081632328e-01 9.957240204081632129e-01
2.050000000000000000e+02 9.961733693877551366e-01 9.964315163265305975e-01
2.100000000000000000e+02 9.948198571428571446e-01 9.949813979591837221e-01
2.150000000000000000e+02 9.956511836734694976e-01 9.962935714285716671e-01
2.200000000000000000e+02 9.945816346938775032e-01 9.960169999999999302e-01
2.250000000000000000e+02 9.973720510204081569e-01 9.968865938775509639e-01
2.300000000000000000e+02 9.962248897959182781e-01 9.952668224489796822e-01
2.350000000000000000e+02 9.952842163265305242e-01 9.961255387755102442e-01
2.400000000000000000e+02 9.959882612244896904e-01 9.968208673469387548e-01
2.450000000000000000e+02 9.952338612244897575e-01 9.972971061224489286e-01
2.500000000000000000e+02 9.965252081632651748e-01 9.957303306122451403e-01
2.550000000000000000e+02 9.947034428571429610e-01 9.969363510204081180e-01
2.600000000000000000e+02 9.955071897959184568e-01 9.988551571428571085e-01
2.650000000000000000e+02 9.958866061224490585e-01 9.966046489795920005e-01
2.700000000000000000e+02 9.955804448979591603e-01 9.954730653061224510e-01
2.750000000000000000e+02 9.973920755102041458e-01 9.965875204081633409e-01
2.800000000000000000e+02 9.979277040816325606e-01 9.968519387755101491e-01
2.850000000000000000e+02 9.956579448979592240e-01 9.972964673469389973e-01
2.900000000000000000e+02 9.973554346938777737e-01 9.964530224489797083e-01
2.950000000000000000e+02 9.966319285714286824e-01 9.956993020408164696e-01
3.000000000000000000e+02 9.980313204081632250e-01 9.955046387755102089e-01
3.050000000000000000e+02 9.969573714285715482e-01 9.980999510204083824e-01
3.100000000000000000e+02 9.968187938775512347e-01 9.963554326530614791e-01
3.150000000000000000e+02 9.985043653061224100e-01 9.979133979591837678e-01
3.200000000000000000e+02 9.977572346938776704e-01 9.971822326530611624e-01
3.250000000000000000e+02 9.969889326530612106e-01 9.975640591836734128e-01
3.300000000000000000e+02 9.977591163265305818e-01 9.990640612244897634e-01
3.350000000000000000e+02 9.974462306122451327e-01 9.971614428571428101e-01
3.400000000000000000e+02 9.978496000000000032e-01 9.975712632653059853e-01
3.450000000000000000e+02 9.970300142857142500e-01 9.968821510204082248e-01
3.500000000000000000e+02 9.978232653061226420e-01 9.985566102040817071e-01
3.550000000000000000e+02 9.976536346938775779e-01 9.962471632653061571e-01
3.600000000000000000e+02 9.981115897959182970e-01 9.979511469387754019e-01
3.650000000000000000e+02 9.972922244897960420e-01 9.971828204081631952e-01
3.700000000000000000e+02 9.986331857142858315e-01 9.981387918367348178e-01
3.750000000000000000e+02 9.964501714285713962e-01 9.986709408163265689e-01
3.800000000000000000e+02 9.978449448979592740e-01 1.000102375510204089e+00
3.850000000000000000e+02 9.975945918367346010e-01 9.983427530612244416e-01
3.900000000000000000e+02 9.957464367346938738e-01 9.995374183673468860e-01
3.950000000000000000e+02 9.977235816326530671e-01 9.964483979591838292e-01
4.000000000000000000e+02 9.983578653061224717e-01 9.984848571428571740e-01
4.050000000000000000e+02 9.972741224489796164e-01 9.990436775510204148e-01
4.100000000000000000e+02 9.998622979591837989e-01 9.988205000000001110e-01
4.150000000000000000e+02 9.993787469387754863e-01 9.983831836734694543e-01
4.200000000000000000e+02 9.985428326530613186e-01 9.968538265306122748e-01
4.250000000000000000e+02 9.977786693877550572e-01 9.981350959183673544e-01
4.300000000000000000e+02 9.978577489795921185e-01 9.976286346938776362e-01
4.350000000000000000e+02 9.976464204081633147e-01 9.994832000000000161e-01
4.400000000000000000e+02 9.985643306122449214e-01 9.977187163265306413e-01
4.450000000000000000e+02 9.980158428571430651e-01 9.988905285714284599e-01
4.500000000000000000e+02 9.986861897959184997e-01 9.982027877551018502e-01
4.550000000000000000e+02 9.986418734693875976e-01 1.000093524489795938e+00
4.600000000000000000e+02 9.998603938775512123e-01 1.000134459183673385e+00
4.650000000000000000e+02 9.981289102040815653e-01 9.988255734693878285e-01
4.700000000000000000e+02 9.984880102040815109e-01 9.987053244897960980e-01
4.750000000000000000e+02 9.986445632653062621e-01 9.999910265306122259e-01
4.800000000000000000e+02 9.985873326530612104e-01 1.000648993877551129e+00
4.850000000000000000e+02 9.987759897959185285e-01 9.978693061224490624e-01
4.900000000000000000e+02 9.983188408163264915e-01 9.983396122448979781e-01
4.950000000000000000e+02 9.996630469387755014e-01 9.980109959183673940e-01
5.000000000000000000e+02 9.981173081632652710e-01 9.998375632653061507e-01
5.050000000000000000e+02 9.983650204081632173e-01 9.991530857142857380e-01
5.100000000000000000e+02 1.000650957142857234e+00 9.980235469387757075e-01
5.150000000000000000e+02 9.993459999999998455e-01 9.990579591836734608e-01
5.200000000000000000e+02 9.996541734693877856e-01 9.979209163265305715e-01
5.250000000000000000e+02 9.984975632653061428e-01 1.000096608163265177e+00
5.300000000000000000e+02 1.000720581632652983e+00 9.990589000000001940e-01
5.350000000000000000e+02 9.994298122448979083e-01 9.990610693877552961e-01
5.400000000000000000e+02 9.984431387755101639e-01 1.000530726530612036e+00
5.450000000000000000e+02 9.999304795918367850e-01 9.991964244897959535e-01
5.500000000000000000e+02 9.989187306122448984e-01 1.000239636734693960e+00
5.550000000000000000e+02 9.996403469387754592e-01 9.976199244897960838e-01
5.600000000000000000e+02 1.000187136734693727e+00 9.996214755102039717e-01
5.650000000000000000e+02 9.987702591836734589e-01 1.000570346938775668e+00
5.700000000000000000e+02 9.984958244897959023e-01 9.980906938775511161e-01
5.750000000000000000e+02 9.990564326530613215e-01 1.000085342857143011e+00
5.800000000000000000e+02 1.000294163265306180e+00 9.998118632653060223e-01
5.850000000000000000e+02 9.986917387755103181e-01 9.986935102040817025e-01
5.900000000000000000e+02 9.992774857142858735e-01 9.985709938775511052e-01
5.950000000000000000e+02 9.993118122448979568e-01 9.996334244897958632e-01
6.000000000000000000e+02 9.985414163265305953e-01 1.000417920408163130e+00
6.050000000000000000e+02 9.998861816326531926e-01 9.996716612244898048e-01
6.100000000000000000e+02 1.000822328571428610e+00 1.000660275510204089e+00
6.150000000000000000e+02 9.997315020408162889e-01 9.996040306122446761e-01
6.200000000000000000e+02 9.987692755102040021e-01 9.996708857142856397e-01
6.250000000000000000e+02 1.000247967346938882e+00 9.990960428571428187e-01
6.300000000000000000e+02 9.995319836734696262e-01 9.993504897959184508e-01
6.350000000000000000e+02 9.987539081632652582e-01 9.995217775510203406e-01
6.400000000000000000e+02 1.000493887755101952e+00 1.001577691836734729e+00
6.450000000000000000e+02 9.990918000000000854e-01 1.000179163265306093e+00
6.500000000000000000e+02 1.000890857142856971e+00 9.984747469387755814e-01
6.550000000000000000e+02 9.989822040816326298e-01 1.000753271428571400e+00
6.600000000000000000e+02 9.988343673469388673e-01 9.993107428571429418e-01
6.650000000000000000e+02 1.000079748979592065e+00 1.000987140816326448e+00
6.700000000000000000e+02 9.993643632653060882e-01 9.995672306122449502e-01
6.750000000000000000e+02 9.987108938775509648e-01 9.988837408163264708e-01
6.800000000000000000e+02 9.995964653061225613e-01 9.995053877551022259e-01
6.850000000000000000e+02 1.000307765306122532e+00 9.976743653061225237e-01
6.900000000000000000e+02 9.996986367346938351e-01 1.000111414285714373e+00
6.950000000000000000e+02 9.987526102040817921e-01 9.989322408163264777e-01
7.000000000000000000e+02 1.000132922448979444e+00 1.000084006122448965e+00
7.050000000000000000e+02 1.000186832653061186e+00 1.000259673469387822e+00
7.100000000000000000e+02 9.986560142857143774e-01 1.001198940816326433e+00
7.150000000000000000e+02 1.000834585714285740e+00 1.000898585714285804e+00
7.200000000000000000e+02 9.989146836734693613e-01 9.997556448979592059e-01
7.250000000000000000e+02 9.981696183673470779e-01 1.000395755102041040e+00
7.300000000000000000e+02 1.000028659183673563e+00 1.000033687755102374e+00
7.350000000000000000e+02 9.977498959183673799e-01 9.998958306122448514e-01
7.400000000000000000e+02 9.985536836734694166e-01 9.993609285714286639e-01
7.450000000000000000e+02 9.990540653061226184e-01 9.990243816326531689e-01
7.500000000000000000e+02 1.000172789795918282e+00 1.001604002040816344e+00
7.550000000000000000e+02 9.990835775510203964e-01 1.000639426530612441e+00
7.600000000000000000e+02 1.001171275510204017e+00 9.998546346938775864e-01
7.650000000000000000e+02 9.983785142857144468e-01 9.995026020408165346e-01
7.700000000000000000e+02 9.995469000000000159e-01 9.993755551020407912e-01
7.750000000000000000e+02 1.001459314285714441e+00 9.997684959183674724e-01
7.800000000000000000e+02 1.000125330612245067e+00 9.986486408163266493e-01
7.850000000000000000e+02 1.000522238775510386e+00 1.001829971428571442e+00
7.900000000000000000e+02 9.991005632653061630e-01 9.999864857142855001e-01
7.950000000000000000e+02 9.992941102040816537e-01 1.001335816326530681e+00
8.000000000000000000e+02 9.994114183673469265e-01 1.000644369387755139e+00
8.050000000000000000e+02 9.993908653061225333e-01 1.000521197959183706e+00
8.100000000000000000e+02 9.996838632653061163e-01 9.987722408163266508e-01
8.150000000000000000e+02 9.994882265306122004e-01 1.000127665306122404e+00
8.200000000000000000e+02 9.992609367346938498e-01 1.001664842857142856e+00
8.250000000000000000e+02 9.992575775510204039e-01 1.000576548979591918e+00
8.300000000000000000e+02 9.985027857142858565e-01 9.980760367346939166e-01
8.350000000000000000e+02 1.000425038775510256e+00 1.000234553061224663e+00
8.400000000000000000e+02 1.000082869387755036e+00 1.000216859183673535e+00
8.450000000000000000e+02 1.000414897959183813e+00 1.000967491836734835e+00
8.500000000000000000e+02 1.000184226530612452e+00 1.000039893877551211e+00
8.550000000000000000e+02 1.000324018367346968e+00 1.000404163265306234e+00
8.600000000000000000e+02 9.988623877551020547e-01 9.995666918367348552e-01
8.650000000000000000e+02 1.000554351020408017e+00 9.995251530612245805e-01
8.700000000000000000e+02 9.985951857142858490e-01 9.994360673469389056e-01
8.750000000000000000e+02 1.000771553061224450e+00 1.000617251020408105e+00
8.800000000000000000e+02 9.990802897959183415e-01 1.000504095918367309e+00
8.850000000000000000e+02 1.000503591836734651e+00 9.993949224489796501e-01
8.900000000000000000e+02 9.994618244897960357e-01 1.002514632653061399e+00
8.950000000000000000e+02 1.001491967346938683e+00 9.985507040816326008e-01
9.000000000000000000e+02 9.993556857142855687e-01 1.000167804081632639e+00
9.050000000000000000e+02 1.001201630612245097e+00 9.992042857142857670e-01
9.100000000000000000e+02 9.993315326530612941e-01 1.000016108163265471e+00
9.150000000000000000e+02 1.001460636734694098e+00 1.000108879591836919e+00
9.200000000000000000e+02 1.000021775510204325e+00 1.000138291836734528e+00
9.250000000000000000e+02 1.000507428571428603e+00 1.000841061224489792e+00
9.300000000000000000e+02 1.000363248979591946e+00 1.000749848979591849e+00
9.350000000000000000e+02 1.000120351020407972e+00 1.000714595918367422e+00
9.400000000000000000e+02 1.001055646938775689e+00 1.000478824489795970e+00
9.450000000000000000e+02 1.000088144897959053e+00 9.997719714285715487e-01
9.500000000000000000e+02 9.989301551020407510e-01 1.001782161224489931e+00
9.550000000000000000e+02 9.998768979591836636e-01 9.992878510204082909e-01
9.600000000000000000e+02 9.986034653061224287e-01 1.000437104081632667e+00
9.650000000000000000e+02 9.981627979591836120e-01 1.000945197959183686e+00
9.700000000000000000e+02 1.000002324489795758e+00 1.000307955102040847e+00
9.750000000000000000e+02 1.000243226530612262e+00 9.999134489795917791e-01
9.800000000000000000e+02 1.000185600000000230e+00 1.001382830612244978e+00
9.850000000000000000e+02 9.997522530612246161e-01 9.997063979591838123e-01
9.900000000000000000e+02 1.001029693877550919e+00 1.000311565306122308e+00
9.950000000000000000e+02 1.000533851020408260e+00 9.993671571428570655e-01
