0.000000000000000000e+00 3.642857142857142821e-02 3.642857142857142821e-02
5.000000000000000000e+00 9.821954387755102989e-01 9.874231530612245233e-01
1.000000000000000000e+01 9.889305571428572694e-01 9.894589244897959990e-01
1.500000000000000000e+01 9.878686122448980811e-01 9.897131653061224110e-01
2.000000000000000000e+01 9.893170693877550992e-01 9.894960000000001532e-01
2.500000000000000000e+01 9.909478551020409753e-01 9.912917408163265387e-01
3.000000000000000000e+01 9.920336673469387634e-01 9.919419755102041325e-01
3.500000000000000000e+01 9.922692938775512506e-01 9.922818061224489838e-01
4.000000000000000000e+01 9.914186081632653247e-01 9.943767571428571150e-01
4.500000000000000000e+01 9.910641061224489956e-01 9.940736265306121533e-01
5.000000000000000000e+01 9.934747857142858241e-01 9.943089673469387435e-01
5.500000000000000000e+01 9.916961877551020432e-01 9.916277551020409309e-01
6.000000000000000000e+01 9.926334061224488803e-01 9.932279244897959103e-01
6.500000000000000000e+01 9.930301836734691801e-01 9.942387979591836844e-01
7.000000000000000000e+01 9.928449469387754522e-01 9.942465122448981285e-01
7.500000000000000000e+01 9.941189244897958854e-01 9.928778408163265734e-01
8.000000000000000000e+01 9.933048775510204820e-01 9.929400142857144340e-01
8.500000000000000000e+01 9.919789551020409268e-01 9.945387877551020717e-01
9.000000000000000000e+01 9.923394061224490859e-01 9.948350755102041143e-01
9.500000000000000000e+01 9.920866204081633111e-01 9.934721857142857493e-01
1.000000000000000000e+02 9.935038163265307309e-01 9.944093326530613064e-01
1.050000000000000000e+02 9.936029163265306385e-01 9.938578959183672623e-01
1.100000000000000000e+02 9.938616204081632821e-01 9.957610387755103654e-01
1.150000000000000000e+02 9.933654122448981605e-01 9.940601755102042025e-01
1.200000000000000000e+02 9.923492959183672912e-01 9.956976571428570733e-01
1.250000000000000000e+02 9.937997612244897638e-01 9.944697142857142902e-01
1.300000000000000000e+02 9.937162408163263683e-01 9.944765877551020594e-01
1.350000000000000000e+02 9.940844285714286466e-01 9.953820714285713800e-01
1.400000000000000000e+02 9.947291632653062488e-01 9.954655326530611470e-01
1.450000000000000000e+02 9.957623326530612440e-01 9.965042489795917779e-01
1.500000000000000000e+02 9.937540979591836798e-01 9.949799816326529989e-01
1.550000000000000000e+02 9.952533224489796826e-01 9.960966408163267616e-01
1.600000000000000000e+02 9.971701204081633296e-01 9.953716612244898343e-01
1.650000000000000000e+02 9.942279081632652282e-01 9.962258632653062662e-01
1.700000000000000000e+02 9.955812816326531367e-01 9.953554122448979857e-01
1.750000000000000000e+02 9.959495367346938854e-01 9.949402244897959102e-01
1.800000000000000000e+02 9.958882897959183689e-01 9.948488448979592169e-01
1.850000000000000000e+02 9.953564612244898413e-01 9.947561081632653179e-01
1.900000000000000000e+02 9.969113632653060497e-01 9.935605081632654656e-01
1.950000000000000000e+02 9.943308918367346205e-01 9.955581367346939548e-01
2.000000000000000000e+02 9.960397734693877680e-01 9.957240204081632129e-01
2.050000000000000000e+02 9.944855857142856914e-01 9.964315163265305975e-01
2.100000000000000000e+02 9.951327551020409112e-01 9.949813979591837221e-01
2.150000000000000000e+02 9.948553653061225077e-01 9.962935714285716671e-01
2.200000000000000000e+02 9.954982897959185895e-01 9.960169999999999302e-01
2.250000000000000000e+02 9.958707510204082292e-01 9.968865938775509639e-01
2.300000000000000000e+02 9.952618530612247216e-01 9.952668224489796822e-01
2.350000000000000000e+02 9.957816306122448946e-01 9.961255387755102442e-01
2.400000000000000000e+02 9.954760510204081481e-01 9.968208673469387548e-01
2.450000000000000000e+02 9.954809673469389164e-01 9.972971061224489286e-01
2.500000000000000000e+02 9.964202693877552974e-01 9.957303306122451403e-01
2.550000000000000000e+02 9.952180244897960160e-01 9.969363510204081180e-01
2.600000000000000000e+02 9.960553163265306598e-01 9.988551571428571085e-01
2.650000000000000000e+02 9.963339183673470822e-01 9.966046489795920005e-01
2.700000000000000000e+02 9.974901040816327447e-01 9.954730653061224510e-01
2.750000000000000000e+02 9.951442020408164391e-01 9.965875204081633409e-01
2.800000000000000000e+02 9.966046591836734692e-01 9.968519387755101491e-01
2.850000000000000000e+02 9.961403142857143678e-01 9.972964673469389973e-01
2.900000000000000000e+02 9.944629163265306104e-01 9.964530224489797083e-01
2.950000000000000000e+02 9.961559040816325705e-01 9.956993020408164696e-01
3.000000000000000000e+02 9.966380938775512011e-01 9.955046387755102089e-01
3.050000000000000000e+02 9.980509734693876478e-01 9.980999510204083824e-01
3.100000000000000000e+02 9.970282693877552394e-01 9.963554326530614791e-01
3.150000000000000000e+02 9.966357285714286807e-01 9.979133979591837678e-01
3.200000000000000000e+02 9.954674367346939556e-01 9.971822326530611624e-01
3.250000000000000000e+02 9.951115816326531194e-01 9.975640591836734128e-01
3.300000000000000000e+02 9.974386183673470407e-01 9.990640612244897634e-01
3.350000000000000000e+02 9.963994367346937775e-01 9.971614428571428101e-01
3.400000000000000000e+02 9.982406387755103916e-01 9.975712632653059853e-01
3.450000000000000000e+02 9.980702959183673784e-01 9.968821510204082248e-01
3.500000000000000000e+02 9.970910551020407686e-01 9.985566102040817071e-01
3.550000000000000000e+02 9.967643938775510026e-01 9.962471632653061571e-01
3.600000000000000000e+02 9.977820612244899801e-01 9.979511469387754019e-01
3.650000000000000000e+02 9.959777306122449270e-01 9.971828204081631952e-01
3.700000000000000000e+02 9.975719306122450281e-01 9.981387918367348178e-01
3.750000000000000000e+02 9.982663122448979243e-01 9.986709408163265689e-01
3.800000000000000000e+02 9.960843530612246699e-01 1.000102375510204089e+00
3.850000000000000000e+02 9.982807183673469975e-01 9.983427530612244416e-01
3.900000000000000000e+02 9.980724632653060757e-01 9.995374183673468860e-01
3.950000000000000000e+02 9.958831551020408401e-01 9.964483979591838292e-01
4.000000000000000000e+02 9.983196693877550709e-01 9.984848571428571740e-01
4.050000000000000000e+02 9.977693183673469468e-01 9.990436775510204148e-01
4.100000000000000000e+02 9.963415183673470787e-01 9.988205000000001110e-01
4.150000000000000000e+02 9.975336897959182769e-01 9.983831836734694543e-01
4.200000000000000000e+02 9.971904489795917481e-01 9.968538265306122748e-01
4.250000000000000000e+02 9.998444612244897778e-01 9.981350959183673544e-01
4.300000000000000000e+02 9.972703877551019058e-01 9.976286346938776362e-01
4.350000000000000000e+02 9.984555408163263701e-01 9.994832000000000161e-01
4.400000000000000000e+02 9.982071428571430705e-01 9.977187163265306413e-01
4.450000000000000000e+02 9.976342632653063536e-01 9.988905285714284599e-01
4.500000000000000000e+02 9.988120000000000331e-01 9.982027877551018502e-01
4.550000000000000000e+02 9.983201755102040220e-01 1.000093524489795938e+00
4.600000000000000000e+02 9.990037755102040284e-01 1.000134459183673385e+00
4.650000000000000000e+02 9.970173265306122579e-01 9.988255734693878285e-01
4.700000000000000000e+02 9.976536122448980137e-01 9.987053244897960980e-01
4.750000000000000000e+02 9.985949857142859543e-01 9.999910265306122259e-01
4.800000000000000000e+02 9.975915897959184431e-01 1.000648993877551129e+00
4.850000000000000000e+02 9.993577020408164202e-01 9.978693061224490624e-01
4.900000000000000000e+02 9.995250367346939502e-01 9.983396122448979781e-01
4.950000000000000000e+02 9.987259122448979287e-01 9.980109959183673940e-01
5.000000000000000000e+02 9.976402836734695745e-01 9.998375632653061507e-01
5.050000000000000000e+02 9.984357591836735546e-01 9.991530857142857380e-01
5.100000000000000000e+02 9.977422367346937548e-01 9.980235469387757075e-01
5.150000000000000000e+02 9.984537795918368985e-01 9.990579591836734608e-01
5.200000000000000000e+02 9.980770469387755250e-01 9.979209163265305715e-01
5.250000000000000000e+02 9.974129020408165625e-01 1.000096608163265177e+00
5.300000000000000000e+02 9.991022469387755844e-01 9.990589000000001940e-01
5.350000000000000000e+02 9.998800734693876757e-01 9.990610693877552961e-01
5.400000000000000000e+02 9.993297265306122501e-01 1.000530726530612036e+00
5.450000000000000000e+02 9.976955122448980529e-01 9.991964244897959535e-01
5.500000000000000000e+02 9.984127204081634233e-01 1.000239636734693960e+00
5.550000000000000000e+02 9.978080530612245536e-01 9.976199244897960838e-01
5.600000000000000000e+02 9.984456571428571570e-01 9.996214755102039717e-01
5.650000000000000000e+02 9.985723122448980638e-01 1.000570346938775668e+00
5.700000000000000000e+02 9.995386244897959127e-01 9.980906938775511161e-01
5.750000000000000000e+02 9.982442469387755590e-01 1.000085342857143011e+00
5.800000000000000000e+02 1.000695820408163295e+00 9.998118632653060223e-01
5.850000000000000000e+02 9.993512040816326936e-01 9.986935102040817025e-01
5.900000000000000000e+02 9.969919244897958999e-01 9.985709938775511052e-01
5.950000000000000000e+02 9.963410612244899545e-01 9.996334244897958632e-01
6.000000000000000000e+02 9.990566632653061774e-01 1.000417920408163130e+00
6.050000000000000000e+02 9.992530632653062739e-01 9.996716612244898048e-01
6.100000000000000000e+02 9.993783918367344921e-01 1.000660275510204089e+00
6.150000000000000000e+02 9.975353959183674846e-01 9.996040306122446761e-01
6.200000000000000000e+02 9.991630551020408424e-01 9.996708857142856397e-01
6.250000000000000000e+02 1.000049428571428534e+00 9.990960428571428187e-01
6.300000000000000000e+02 9.978923265306123280e-01 9.993504897959184508e-01
6.350000000000000000e+02 9.995395836734694006e-01 9.995217775510203406e-01
6.400000000000000000e+02 9.988396938775510048e-01 1.001577691836734729e+00
6.450000000000000000e+02 9.987126857142858416e-01 1.000179163265306093e+00
6.500000000000000000e+02 9.984750204081633829e-01 9.984747469387755814e-01
6.550000000000000000e+02 1.000278687755101981e+00 1.000753271428571400e+00
6.600000000000000000e+02 9.980459918367345917e-01 9.993107428571429418e-01
6.650000000000000000e+02 9.997074918367345742e-01 1.000987140816326448e+00
6.700000000000000000e+02 9.978182285714286559e-01 9.995672306122449502e-01
6.750000000000000000e+02 9.994191918367347771e-01 9.988837408163264708e-01
6.800000000000000000e+02 9.995773857142860042e-01 9.995053877551022259e-01
6.850000000000000000e+02 9.987499326530613342e-01 9.976743653061225237e-01
6.900000000000000000e+02 9.977260306122449629e-01 1.000111414285714373e+00
6.950000000000000000e+02 9.972757938775510533e-01 9.989322408163264777e-01
7.000000000000000000e+02 9.994349795918366919e-01 1.000084006122448965e+00
7.050000000000000000e+02 9.991023428571429443e-01 1.000259673469387822e+00
7.100000000000000000e+02 1.000792944897959336e+00 1.001198940816326433e+00
7.150000000000000000e+02 1.000224365306122465e+00 1.000898585714285804e+00
7.200000000000000000e+02 9.988251612244898325e-01 9.997556448979592059e-01
7.250000000000000000e+02 1.000314440816326700e+00 1.000395755102041040e+00
7.300000000000000000e+02 9.989075040816327578e-01 1.000033687755102374e+00
7.350000000000000000e+02 9.996991877551020256e-01 9.998958306122448514e-01
7.400000000000000000e+02 1.001421510204081766e+00 9.993609285714286639e-01
7.450000000000000000e+02 1.000159699999999985e+00 9.990243816326531689e-01
7.500000000000000000e+02 9.978967326530613358e-01 1.001604002040816344e+00
7.550000000000000000e+02 9.995298387755102709e-01 1.000639426530612441e+00
7.600000000000000000e+02 9.991948693877550358e-01 9.998546346938775864e-01
7.650000000000000000e+02 9.997290775510203620e-01 9.995026020408165346e-01
7.700000000000000000e+02 1.000010244897959311e+00 9.993755551020407912e-01
7.750000000000000000e+02 9.999839816326531183e-01 9.997684959183674724e-01
7.800000000000000000e+02 9.994961775510203816e-01 9.986486408163266493e-01
7.850000000000000000e+02 9.997982122448980657e-01 1.001829971428571442e+00
7.900000000000000000e+02 1.000742922448979666e+00 9.999864857142855001e-01
7.950000000000000000e+02 9.999973755102040673e-01 1.001335816326530681e+00
8.000000000000000000e+02 9.990646979591837340e-01 1.000644369387755139e+00
8.050000000000000000e+02 9.990394040816326093e-01 1.000521197959183706e+00
8.100000000000000000e+02 1.000862124489795724e+00 9.987722408163266508e-01
8.150000000000000000e+02 1.001319597959183572e+00 1.000127665306122404e+00
8.200000000000000000e+02 1.000231634693877547e+00 1.001664842857142856e+00
8.250000000000000000e+02 1.000833987755102239e+00 1.000576548979591918e+00
8.300000000000000000e+02 9.990541265306120966e-01 9.980760367346939166e-01
8.350000000000000000e+02 9.974207489795918757e-01 1.000234553061224663e+00
8.400000000000000000e+02 1.000948044897959299e+00 1.000216859183673535e+00
8.450000000000000000e+02 9.996709020408163227e-01 1.000967491836734835e+00
8.500000000000000000e+02 1.000206524489795967e+00 1.000039893877551211e+00
8.550000000000000000e+02 9.999187530612246855e-01 1.000404163265306234e+00
8.600000000000000000e+02 9.998411448979591665e-01 9.995666918367348552e-01
8.650000000000000000e+02 9.998746306122449079e-01 9.995251530612245805e-01
8.700000000000000000e+02 9.998815081632652646e-01 9.994360673469389056e-01
8.750000000000000000e+02 1.000563914285714340e+00 1.000617251020408105e+00
8.800000000000000000e+02 1.000572546938775620e+00 1.000504095918367309e+00
8.850000000000000000e+02 9.982666857142857841e-01 9.993949224489796501e-01
8.900000000000000000e+02 9.993680653061224328e-01 1.002514632653061399e+00
8.950000000000000000e+02 9.988879510204082823e-01 9.985507040816326008e-01
9.000000000000000000e+02 1.001158397959183599e+00 1.000167804081632639e+00
9.050000000000000000e+02 9.995612755102042390e-01 9.992042857142857670e-01
9.100000000000000000e+02 9.990004326530612655e-01 1.000016108163265471e+00
9.150000000000000000e+02 9.993775673469388332e-01 1.000108879591836919e+00
9.200000000000000000e+02 1.000290518367347170e+00 1.000138291836734528e+00
9.250000000000000000e+02 9.991552306122450933e-01 1.000841061224489792e+00
9.300000000000000000e+02 1.001004459183673534e+00 1.000749848979591849e+00
9.350000000000000000e+02 1.001442881632653270e+00 1.000714595918367422e+00
9.400000000000000000e+02 9.999127795918367756e-01 1.000478824489795970e+00
9.450000000000000000e+02 1.000310793877551063e+00 9.997719714285715487e-01
9.500000000000000000e+02 9.995970489795918956e-01 1.001782161224489931e+00
9.550000000000000000e+02 9.984917755102040715e-01 9.992878510204082909e-01
9.600000000000000000e+02 1.000162414285714396e+00 1.000437104081632667e+00
9.650000000000000000e+02 1.000738895918367621e+00 1.000945197959183686e+00
9.700000000000000000e+02 9.981720693877551565e-01 1.000307955102040847e+00
9.750000000000000000e+02 9.988094428571429040e-01 9.999134489795917791e-01
9.800000000000000000e+02 9.996746795918367567e-01 1.001382830612244978e+00
9.850000000000000000e+02 9.980572530612243920e-01 9.997063979591838123e-01
9.900000000000000000e+02 1.000046036734693944e+00 1.000311565306122308e+00
9.950000000000000000e+02 1.000950861224489952e+00 9.993671571428570655e-01
