0.000000000000000000e+00 3.642857142857142821e-02 3.642857142857142821e-02
5.000000000000000000e+00 9.873810387755103113e-01 9.874231530612245233e-01
1.000000000000000000e+01 9.895340102040817154e-01 9.894589244897959990e-01
1.500000000000000000e+01 9.891189714285715251e-01 9.897131653061224110e-01
2.000000000000000000e+01 9.915320204081634614e-01 9.894960000000001532e-01
2.500000000000000000e+01 9.938266999999999518e-01 9.912917408163265387e-01
3.000000000000000000e+01 9.934352367346939161e-01 9.919419755102041325e-01
3.500000000000000000e+01 9.931437306122449238e-01 9.922818061224489838e-01
4.000000000000000000e+01 9.934569877551023831e-01 9.943767571428571150e-01
4.500000000000000000e+01 9.935823999999999767e-01 9.940736265306121533e-01
5.000000000000000000e+01 9.944096551020408237e-01 9.943089673469387435e-01
5.500000000000000000e+01 9.929021163265305816e-01 9.916277551020409309e-01
6.000000000000000000e+01 9.946243551020408358e-01 9.932279244897959103e-01
6.500000000000000000e+01 9.941606897959183176e-01 9.942387979591836844e-01
7.000000000000000000e+01 9.956723551020409957e-01 9.942465122448981285e-01
7.500000000000000000e+01 9.946230102040816146e-01 9.928778408163265734e-01
8.000000000000000000e+01 9.939925102040817473e-01 9.929400142857144340e-01
8.500000000000000000e+01 9.942955632653063258e-01 9.945387877551020717e-01
9.000000000000000000e+01 9.945970183673470411e-01 9.948350755102041143e-01
9.500000000000000000e+01 9.953122408163267432e-01 9.934721857142857493e-01
1.000000000000000000e+02 9.952745857142858421e-01 9.944093326530613064e-01
1.050000000000000000e+02 9.954499530612244129e-01 9.938578959183672623e-01
1.100000000000000000e+02 9.944032897959184103e-01 9.957610387755103654e-01
1.150000000000000000e+02 9.952338224489796215e-01 9.940601755102042025e-01
1.200000000000000000e+02 9.969611530612244588e-01 9.956976571428570733e-01
1.250000000000000000e+02 9.965375244897961560e-01 9.944697142857142902e-01
1.300000000000000000e+02 9.952201040816328614e-01 9.944765877551020594e-01
1.350000000000000000e+02 9.959789285714286677e-01 9.953820714285713800e-01
1.400000000000000000e+02 9.971580408163264186e-01 9.954655326530611470e-01
1.450000000000000000e+02 9.975010306122449322e-01 9.965042489795917779e-01
1.500000000000000000e+02 9.964623918367347954e-01 9.949799816326529989e-01
1.550000000000000000e+02 9.972149510204083578e-01 9.960966408163267616e-01
1.600000000000000000e+02 9.982113142857143018e-01 9.953716612244898343e-01
1.650000000000000000e+02 9.958588224489794971e-01 9.962258632653062662e-01
1.700000000000000000e+02 9.976373346938774977e-01 9.953554122448979857e-01
1.750000000000000000e+02 9.976938061224490673e-01 9.949402244897959102e-01
1.800000000000000000e+02 9.975427591836736330e-01 9.948488448979592169e-01
1.850000000000000000e+02 9.969985122448979942e-01 9.947561081632653179e-01
1.900000000000000000e+02 9.962246204081633971e-01 9.935605081632654656e-01
1.950000000000000000e+02 9.970892816326530905e-01 9.955581367346939548e-01
2.000000000000000000e+02 9.969012959183676248e-01 9.957240204081632129e-01
2.050000000000000000e+02 9.967541755102040657e-01 9.964315163265305975e-01
2.100000000000000000e+02 9.975370142857142852e-01 9.949813979591837221e-01
2.150000000000000000e+02 9.979860102040817305e-01 9.962935714285716671e-01
2.200000000000000000e+02 9.980442918367347094e-01 9.960169999999999302e-01
2.250000000000000000e+02 9.983866816326528726e-01 9.968865938775509639e-01
2.300000000000000000e+02 9.980565877551020870e-01 9.952668224489796822e-01
2.350000000000000000e+02 9.969808102040816911e-01 9.961255387755102442e-01
2.400000000000000000e+02 9.978170530612245903e-01 9.968208673469387548e-01
2.450000000000000000e+02 9.978549918367349836e-01 9.972971061224489286e-01
2.500000000000000000e+02 9.974284918367347652e-01 9.957303306122451403e-01
2.550000000000000000e+02 9.985337897959183362e-01 9.969363510204081180e-01
2.600000000000000000e+02 9.985570775510204111e-01 9.988551571428571085e-01
2.650000000000000000e+02 9.976863061224490181e-01 9.966046489795920005e-01
2.700000000000000000e+02 9.982949040816325725e-01 9.954730653061224510e-01
2.750000000000000000e+02 9.990146428571430315e-01 9.965875204081633409e-01
2.800000000000000000e+02 9.974713244897959186e-01 9.968519387755101491e-01
2.850000000000000000e+02 9.995537734693877852e-01 9.972964673469389973e-01
2.900000000000000000e+02 9.980390448979592488e-01 9.964530224489797083e-01
2.950000000000000000e+02 9.975128163265306602e-01 9.956993020408164696e-01
3.000000000000000000e+02 9.980614877551021724e-01 9.955046387755102089e-01
3.050000000000000000e+02 9.978165346938775437e-01 9.980999510204083824e-01
3.100000000000000000e+02 9.987506040816327424e-01 9.963554326530614791e-01
3.150000000000000000e+02 9.976022510204082261e-01 9.979133979591837678e-01
3.200000000000000000e+02 9.982567326530613627e-01 9.971822326530611624e-01
3.250000000000000000e+02 9.976343938775510400e-01 9.975640591836734128e-01
3.300000000000000000e+02 9.979998285714286599e-01 9.990640612244897634e-01
3.350000000000000000e+02 9.983466571428574188e-01 9.971614428571428101e-01
3.400000000000000000e+02 9.982711734693877625e-01 9.975712632653059853e-01
3.450000000000000000e+02 9.972934224489797828e-01 9.968821510204082248e-01
3.500000000000000000e+02 9.980761877551020955e-01 9.985566102040817071e-01
3.550000000000000000e+02 9.990900244897960025e-01 9.962471632653061571e-01
3.600000000000000000e+02 9.980493020408163218e-01 9.979511469387754019e-01
3.650000000000000000e+02 9.987094591836733759e-01 9.971828204081631952e-01
3.700000000000000000e+02 9.980387673469387488e-01 9.981387918367348178e-01
3.750000000000000000e+02 9.995510673469389928e-01 9.986709408163265689e-01
3.800000000000000000e+02 1.000635928571428579e+00 1.000102375510204089e+00
3.850000000000000000e+02 9.992892612244897999e-01 9.983427530612244416e-01
3.900000000000000000e+02 9.972406102040816123e-01 9.995374183673468860e-01
3.950000000000000000e+02 9.983008122448978616e-01 9.964483979591838292e-01
4.000000000000000000e+02 9.986960510204081487e-01 9.984848571428571740e-01
4.050000000000000000e+02 9.979761632653060266e-01 9.990436775510204148e-01
4.100000000000000000e+02 9.972407020408164957e-01 9.988205000000001110e-01
4.150000000000000000e+02 9.984008877551019401e-01 9.983831836734694543e-01
4.200000000000000000e+02 9.974542326530613234e-01 9.968538265306122748e-01
4.250000000000000000e+02 9.981416510204080828e-01 9.981350959183673544e-01
4.300000000000000000e+02 9.983811408163265622e-01 9.976286346938776362e-01
4.350000000000000000e+02 9.985560000000001102e-01 9.994832000000000161e-01
4.400000000000000000e+02 9.992719510204081113e-01 9.977187163265306413e-01
4.450000000000000000e+02 9.995527734693876454e-01 9.988905285714284599e-01
4.500000000000000000e+02 9.994748020408161793e-01 9.982027877551018502e-01
4.550000000000000000e+02 9.999722938775509329e-01 1.000093524489795938e+00
4.600000000000000000e+02 9.986447469387755849e-01 1.000134459183673385e+00
4.650000000000000000e+02 9.982856857142857754e-01 9.988255734693878285e-01
4.700000000000000000e+02 9.989607571428573696e-01 9.987053244897960980e-01
4.750000000000000000e+02 9.990880530612246124e-01 9.999910265306122259e-01
4.800000000000000000e+02 9.978880040816326957e-01 1.000648993877551129e+00
4.850000000000000000e+02 9.983403306122449195e-01 9.978693061224490624e-01
4.900000000000000000e+02 9.997200387755104112e-01 9.983396122448979781e-01
4.950000000000000000e+02 9.998979734693879129e-01 9.980109959183673940e-01
5.000000000000000000e+02 9.999742204081633057e-01 9.998375632653061507e-01
5.050000000000000000e+02 9.997621346938775355e-01 9.991530857142857380e-01
5.100000000000000000e+02 1.000098822448979741e+00 9.980235469387757075e-01
5.150000000000000000e+02 9.980674918367347104e-01 9.990579591836734608e-01
5.200000000000000000e+02 9.985163979591838990e-01 9.979209163265305715e-01
5.250000000000000000e+02 9.996386795918367207e-01 1.000096608163265177e+00
5.300000000000000000e+02 9.999523734693877008e-01 9.990589000000001940e-01
5.350000000000000000e+02 9.992958714285714583e-01 9.990610693877552961e-01
5.400000000000000000e+02 9.987138551020408039e-01 1.000530726530612036e+00
5.450000000000000000e+02 9.990966142857142795e-01 9.991964244897959535e-01
5.500000000000000000e+02 9.996642204081631622e-01 1.000239636734693960e+00
5.550000000000000000e+02 9.988684469387756337e-01 9.976199244897960838e-01
5.600000000000000000e+02 9.983605469387754061e-01 9.996214755102039717e-01
5.650000000000000000e+02 9.988943081632652987e-01 1.000570346938775668e+00
5.700000000000000000e+02 1.000306548979591925e+00 9.980906938775511161e-01
5.750000000000000000e+02 9.989057408163265483e-01 1.000085342857143011e+00
5.800000000000000000e+02 9.997002102040817295e-01 9.998118632653060223e-01
5.850000000000000000e+02 9.995710510204082189e-01 9.986935102040817025e-01
5.900000000000000000e+02 9.982024244897956811e-01 9.985709938775511052e-01
5.950000000000000000e+02 9.996409551020406514e-01 9.996334244897958632e-01
6.000000000000000000e+02 9.989603816326532160e-01 1.000417920408163130e+00
6.050000000000000000e+02 9.975837897959184408e-01 9.996716612244898048e-01
6.100000000000000000e+02 9.989357795918365479e-01 1.000660275510204089e+00
6.150000000000000000e+02 9.981946183673470196e-01 9.996040306122446761e-01
6.200000000000000000e+02 9.998843183673470358e-01 9.996708857142856397e-01
6.250000000000000000e+02 9.989119306122450359e-01 9.990960428571428187e-01
6.300000000000000000e+02 1.000358900000000162e+00 9.993504897959184508e-01
6.350000000000000000e+02 9.997625122448979829e-01 9.995217775510203406e-01
6.400000000000000000e+02 9.999718183673469429e-01 1.001577691836734729e+00
6.450000000000000000e+02 1.000463738775510203e+00 1.000179163265306093e+00
6.500000000000000000e+02 9.996761857142857366e-01 9.984747469387755814e-01
6.550000000000000000e+02 1.000617467346938794e+00 1.000753271428571400e+00
6.600000000000000000e+02 9.999603530612244384e-01 9.993107428571429418e-01
6.650000000000000000e+02 1.000346328571428689e+00 1.000987140816326448e+00
6.700000000000000000e+02 9.979067061224491386e-01 9.995672306122449502e-01
6.750000000000000000e+02 9.996057102040817322e-01 9.988837408163264708e-01
6.800000000000000000e+02 9.980423816326530195e-01 9.995053877551022259e-01
6.850000000000000000e+02 9.986276836734694351e-01 9.976743653061225237e-01
6.900000000000000000e+02 9.991463591836735603e-01 1.000111414285714373e+00
6.950000000000000000e+02 9.991375183673468774e-01 9.989322408163264777e-01
7.000000000000000000e+02 9.997087346938776653e-01 1.000084006122448965e+00
7.050000000000000000e+02 9.991361673469387750e-01 1.000259673469387822e+00
7.100000000000000000e+02 9.986511285714285702e-01 1.001198940816326433e+00
7.150000000000000000e+02 9.989661918367348514e-01 1.000898585714285804e+00
7.200000000000000000e+02 9.985807428571428224e-01 9.997556448979592059e-01
7.250000000000000000e+02 9.999028142857143697e-01 1.000395755102041040e+00
7.300000000000000000e+02 1.000413128571428611e+00 1.000033687755102374e+00
7.350000000000000000e+02 1.000548555102040993e+00 9.998958306122448514e-01
7.400000000000000000e+02 1.000608324489796086e+00 9.993609285714286639e-01
7.450000000000000000e+02 9.992597061224490762e-01 9.990243816326531689e-01
7.500000000000000000e+02 9.989590551020409714e-01 1.001604002040816344e+00
7.550000000000000000e+02 1.000546808163265355e+00 1.000639426530612441e+00
7.600000000000000000e+02 9.991255795918367877e-01 9.998546346938775864e-01
7.650000000000000000e+02 1.001278655102040727e+00 9.995026020408165346e-01
7.700000000000000000e+02 9.992074571428573027e-01 9.993755551020407912e-01
7.750000000000000000e+02 1.000407587755101968e+00 9.997684959183674724e-01
7.800000000000000000e+02 9.996761836734695539e-01 9.986486408163266493e-01
7.850000000000000000e+02 9.976662530612244728e-01 1.001829971428571442e+00
7.900000000000000000e+02 1.001686214285714360e+00 9.999864857142855001e-01
7.950000000000000000e+02 9.999452346938774161e-01 1.001335816326530681e+00
8.000000000000000000e+02 9.988330102040816616e-01 1.000644369387755139e+00
8.050000000000000000e+02 9.992696836734694665e-01 1.000521197959183706e+00
8.100000000000000000e+02 1.000113281632653006e+00 9.987722408163266508e-01
8.150000000000000000e+02 9.983284979591837693e-01 1.000127665306122404e+00
8.200000000000000000e+02 1.000976051020408431e+00 1.001664842857142856e+00
8.250000000000000000e+02 1.000880789795918435e+00 1.000576548979591918e+00
8.300000000000000000e+02 1.000266257142857107e+00 9.980760367346939166e-01
8.350000000000000000e+02 1.000174308163265247e+00 1.000234553061224663e+00
8.400000000000000000e+02 9.994088428571430427e-01 1.000216859183673535e+00
8.450000000000000000e+02 9.999887734693878594e-01 1.000967491836734835e+00
8.500000000000000000e+02 9.989582714285715204e-01 1.000039893877551211e+00
8.550000000000000000e+02 9.999550204081633087e-01 1.000404163265306234e+00
8.600000000000000000e+02 1.000249261224489761e+00 9.995666918367348552e-01
8.650000000000000000e+02 9.995800306122448742e-01 9.995251530612245805e-01
8.700000000000000000e+02 1.001014289795918444e+00 9.994360673469389056e-01
8.750000000000000000e+02 1.000535155102040719e+00 1.000617251020408105e+00
8.800000000000000000e+02 9.994073653061222862e-01 1.000504095918367309e+00
8.850000000000000000e+02 9.986116591836735612e-01 9.993949224489796501e-01
8.900000000000000000e+02 9.999913693877550136e-01 1.002514632653061399e+00
8.950000000000000000e+02 1.000442130612245073e+00 9.985507040816326008e-01
9.000000000000000000e+02 9.983503204081631832e-01 1.000167804081632639e+00
9.050000000000000000e+02 1.000581287755102133e+00 9.992042857142857670e-01
9.100000000000000000e+02 9.982170408163266728e-01 1.000016108163265471e+00
9.150000000000000000e+02 9.994539693877552144e-01 1.000108879591836919e+00
9.200000000000000000e+02 1.000522010204081713e+00 1.000138291836734528e+00
9.250000000000000000e+02 9.992080408163266370e-01 1.000841061224489792e+00
9.300000000000000000e+02 9.996986693877552010e-01 1.000749848979591849e+00
9.350000000000000000e+02 1.001878875510204159e+00 1.000714595918367422e+00
9.400000000000000000e+02 1.000004881632652998e+00 1.000478824489795970e+00
9.450000000000000000e+02 1.001503340816326526e+00 9.997719714285715487e-01
9.500000000000000000e+02 1.001234038775510315e+00 1.001782161224489931e+00
9.550000000000000000e+02 1.000723946938775644e+00 9.992878510204082909e-01
9.600000000000000000e+02 9.996153102040816751e-01 1.000437104081632667e+00
9.650000000000000000e+02 1.000692424489795895e+00 1.000945197959183686e+00
9.700000000000000000e+02 1.000151253061224654e+00 1.000307955102040847e+00
9.750000000000000000e+02 9.987232653061223209e-01 9.999134489795917791e-01
9.800000000000000000e+02 9.994423224489796809e-01 1.001382830612244978e+00
9.850000000000000000e+02 9.999766326530614702e-01 9.997063979591838123e-01
9.900000000000000000e+02 1.000646273469387726e+00 1.000311565306122308e+00
9.950000000000000000e+02 1.001507465306122224e+00 9.993671571428570655e-01
