0.000000000000000000e+00 3.642857142857142821e-02 3.642857142857142821e-02
5.000000000000000000e+00 9.810092081632653116e-01 9.874231530612245233e-01
1.000000000000000000e+01 9.841053306122449218e-01 9.894589244897959990e-01
1.500000000000000000e+01 9.852622387755103350e-01 9.897131653061224110e-01
2.000000000000000000e+01 9.875420122448981264e-01 9.894960000000001532e-01
2.500000000000000000e+01 9.876596653061223696e-01 9.912917408163265387e-01
3.000000000000000000e+01 9.887201244897958485e-01 9.919419755102041325e-01
3.500000000000000000e+01 9.896809469387755076e-01 9.922818061224489838e-01
4.000000000000000000e+01 9.888560448979590856e-01 9.943767571428571150e-01
4.500000000000000000e+01 9.897072244897959781e-01 9.940736265306121533e-01
5.000000000000000000e+01 9.901127387755103149e-01 9.943089673469387435e-01
5.500000000000000000e+01 9.907969918367347528e-01 9.916277551020409309e-01
6.000000000000000000e+01 9.905870816326531880e-01 9.932279244897959103e-01
6.500000000000000000e+01 9.900752142857142113e-01 9.942387979591836844e-01
7.000000000000000000e+01 9.899704204081632986e-01 9.942465122448981285e-01
7.500000000000000000e+01 9.923838061224490303e-01 9.928778408163265734e-01
8.000000000000000000e+01 9.916649469387757154e-01 9.929400142857144340e-01
8.500000000000000000e+01 9.905314306122449119e-01 9.945387877551020717e-01
9.000000000000000000e+01 9.913884489795918853e-01 9.948350755102041143e-01
9.500000000000000000e+01 9.906890714285715438e-01 9.934721857142857493e-01
1.000000000000000000e+02 9.942275816326532345e-01 9.944093326530613064e-01
1.050000000000000000e+02 9.926524265306122530e-01 9.938578959183672623e-01
1.100000000000000000e+02 9.934921673469390146e-01 9.957610387755103654e-01
1.150000000000000000e+02 9.908333816326531096e-01 9.940601755102042025e-01
1.200000000000000000e+02 9.918814448979592635e-01 9.956976571428570733e-01
1.250000000000000000e+02 9.924414551020408481e-01 9.944697142857142902e-01
1.300000000000000000e+02 9.921379755102041065e-01 9.944765877551020594e-01
1.350000000000000000e+02 9.918525224489795900e-01 9.953820714285713800e-01
1.400000000000000000e+02 9.928260959183672352e-01 9.954655326530611470e-01
1.450000000000000000e+02 9.934972918367346306e-01 9.965042489795917779e-01
1.500000000000000000e+02 9.933203000000000449e-01 9.949799816326529989e-01
1.550000000000000000e+02 9.932641020408163879e-01 9.960966408163267616e-01
1.600000000000000000e+02 9.927218612244897988e-01 9.953716612244898343e-01
1.650000000000000000e+02 9.931549040816328722e-01 9.962258632653062662e-01
1.700000000000000000e+02 9.949236530612246554e-01 9.953554122448979857e-01
1.750000000000000000e+02 9.942746979591838841e-01 9.949402244897959102e-01
1.800000000000000000e+02 9.938115306122448089e-01 9.948488448979592169e-01
1.850000000000000000e+02 9.938546244897960014e-01 9.947561081632653179e-01
1.900000000000000000e+02 9.949908673469385345e-01 9.935605081632654656e-01
1.950000000000000000e+02 9.940998551020407970e-01 9.955581367346939548e-01
2.000000000000000000e+02 9.943107000000001028e-01 9.957240204081632129e-01
2.050000000000000000e+02 9.946381734693879872e-01 9.964315163265305975e-01
2.100000000000000000e+02 9.947307612244898900e-01 9.949813979591837221e-01
2.150000000000000000e+02 9.959228285714283313e-01 9.962935714285716671e-01
2.200000000000000000e+02 9.962890897959184588e-01 9.960169999999999302e-01
2.250000000000000000e+02 9.951328918367348120e-01 9.968865938775509639e-01
2.300000000000000000e+02 9.961784632653060134e-01 9.952668224489796822e-01
2.350000000000000000e+02 9.945168632653059726e-01 9.961255387755102442e-01
2.400000000000000000e+02 9.947059448979592711e-01 9.968208673469387548e-01
2.450000000000000000e+02 9.964787510204085041e-01 9.972971061224489286e-01
2.500000000000000000e+02 9.952908510204083736e-01 9.957303306122451403e-01
2.550000000000000000e+02 9.942628938775511793e-01 9.969363510204081180e-01
2.600000000000000000e+02 9.957058877551020482e-01 9.988551571428571085e-01
2.650000000000000000e+02 9.946935163265306912e-01 9.966046489795920005e-01
2.700000000000000000e+02 9.962223204081632755e-01 9.954730653061224510e-01
2.750000000000000000e+02 9.963187428571428361e-01 9.965875204081633409e-01
2.800000000000000000e+02 9.966765346938775139e-01 9.968519387755101491e-01
2.850000000000000000e+02 9.972195816326532292e-01 9.972964673469389973e-01
2.900000000000000000e+02 9.987049163265305785e-01 9.964530224489797083e-01
2.950000000000000000e+02 9.951925081632653214e-01 9.956993020408164696e-01
3.000000000000000000e+02 9.967529775510206580e-01 9.955046387755102089e-01
3.050000000000000000e+02 9.970653428571429888e-01 9.980999510204083824e-01
3.100000000000000000e+02 9.956178000000001083e-01 9.963554326530614791e-01
3.150000000000000000e+02 9.976959816326530506e-01 9.979133979591837678e-01
3.200000000000000000e+02 9.972630061224491138e-01 9.971822326530611624e-01
3.250000000000000000e+02 9.969544836734695048e-01 9.975640591836734128e-01
3.300000000000000000e+02 9.979436020408163355e-01 9.990640612244897634e-01
3.350000000000000000e+02 9.965853959183673672e-01 9.971614428571428101e-01
3.400000000000000000e+02 9.970790938775511147e-01 9.975712632653059853e-01
3.450000000000000000e+02 9.979252897959183244e-01 9.968821510204082248e-01
3.500000000000000000e+02 9.971150387755102207e-01 9.985566102040817071e-01
3.550000000000000000e+02 9.985946775510203821e-01 9.962471632653061571e-01
3.600000000000000000e+02 9.984115632653061123e-01 9.979511469387754019e-01
3.650000000000000000e+02 9.972698122448981906e-01 9.971828204081631952e-01
3.700000000000000000e+02 9.974927836734692743e-01 9.981387918367348178e-01
3.750000000000000000e+02 9.980648244897958321e-01 9.986709408163265689e-01
3.800000000000000000e+02 9.971661938775511214e-01 1.000102375510204089e+00
3.850000000000000000e+02 9.957422959183673816e-01 9.983427530612244416e-01
3.900000000000000000e+02 9.982004673469389022e-01 9.995374183673468860e-01
3.950000000000000000e+02 9.970875959183673753e-01 9.964483979591838292e-01
4.000000000000000000e+02 9.976968693877552585e-01 9.984848571428571740e-01
4.050000000000000000e+02 9.986808061224490274e-01 9.990436775510204148e-01
4.100000000000000000e+02 9.971067857142857926e-01 9.988205000000001110e-01
4.150000000000000000e+02 9.987230346938774650e-01 9.983831836734694543e-01
4.200000000000000000e+02 9.978634285714285124e-01 9.968538265306122748e-01
4.250000000000000000e+02 9.973984632653060123e-01 9.981350959183673544e-01
4.300000000000000000e+02 9.984281346938775892e-01 9.976286346938776362e-01
4.350000000000000000e+02 9.976992836734692727e-01 9.994832000000000161e-01
4.400000000000000000e+02 9.979879938775508830e-01 9.977187163265306413e-01
4.450000000000000000e+02 9.984876979591836843e-01 9.988905285714284599e-01
4.500000000000000000e+02 9.980076326530612496e-01 9.982027877551018502e-01
4.550000000000000000e+02 9.979336306122450484e-01 1.000093524489795938e+00
4.600000000000000000e+02 9.970353897959183254e-01 1.000134459183673385e+00
4.650000000000000000e+02 9.999747571428571069e-01 9.988255734693878285e-01
4.700000000000000000e+02 9.992140571428572704e-01 9.987053244897960980e-01
4.750000000000000000e+02 9.984687959183673467e-01 9.999910265306122259e-01
4.800000000000000000e+02 9.989522571428570696e-01 1.000648993877551129e+00
4.850000000000000000e+02 9.983411408163267442e-01 9.978693061224490624e-01
4.900000000000000000e+02 9.993325632653060620e-01 9.983396122448979781e-01
4.950000000000000000e+02 9.981238163265304664e-01 9.980109959183673940e-01
5.000000000000000000e+02 9.987385571428573083e-01 9.998375632653061507e-01
5.050000000000000000e+02 9.995899061224490234e-01 9.991530857142857380e-01
5.100000000000000000e+02 9.986808061224490274e-01 9.980235469387757075e-01
5.150000000000000000e+02 1.000514324489796048e+00 9.990579591836734608e-01
5.200000000000000000e+02 9.994949653061222516e-01 9.979209163265305715e-01
5.250000000000000000e+02 9.996401632653061364e-01 1.000096608163265177e+00
5.300000000000000000e+02 1.000418430612244780e+00 9.990589000000001940e-01
5.350000000000000000e+02 1.000723944897959461e+00 9.990610693877552961e-01
5.400000000000000000e+02 9.995450387755102639e-01 1.000530726530612036e+00
5.450000000000000000e+02 9.983792938775511994e-01 9.991964244897959535e-01
5.500000000000000000e+02 9.993121897959185151e-01 1.000239636734693960e+00
5.550000000000000000e+02 9.993071061224488849e-01 9.976199244897960838e-01
5.600000000000000000e+02 1.000745575510204155e+00 9.996214755102039717e-01
5.650000000000000000e+02 9.999889367346940228e-01 1.000570346938775668e+00
5.700000000000000000e+02 9.998374673469386797e-01 9.980906938775511161e-01
5.750000000000000000e+02 9.999499346938774957e-01 1.000085342857143011e+00
5.800000000000000000e+02 1.000213314285714361e+00 9.998118632653060223e-01
5.850000000000000000e+02 9.997368367346940454e-01 9.986935102040817025e-01
5.900000000000000000e+02 1.000910744897959281e+00 9.985709938775511052e-01
5.950000000000000000e+02 9.979494469387754085e-01 9.996334244897958632e-01
6.000000000000000000e+02 9.993120367346939315e-01 1.000417920408163130e+00
6.050000000000000000e+02 9.985107857142857535e-01 9.996716612244898048e-01
6.100000000000000000e+02 1.000366432653061244e+00 1.000660275510204089e+00
6.150000000000000000e+02 9.988094040816328789e-01 9.996040306122446761e-01
6.200000000000000000e+02 9.990594775510203140e-01 9.996708857142856397e-01
6.250000000000000000e+02 9.991223897959186084e-01 9.990960428571428187e-01
6.300000000000000000e+02 9.990780836734695081e-01 9.993504897959184508e-01
6.350000000000000000e+02 1.000326091836734488e+00 9.995217775510203406e-01
6.400000000000000000e+02 9.981734122448979729e-01 1.001577691836734729e+00
6.450000000000000000e+02 9.998529775510203166e-01 1.000179163265306093e+00
6.500000000000000000e+02 9.997949163265305028e-01 9.984747469387755814e-01
6.550000000000000000e+02 9.979915081632653173e-01 1.000753271428571400e+00
6.600000000000000000e+02 9.982219489795918221e-01 9.993107428571429418e-01
6.650000000000000000e+02 1.000350971428571212e+00 1.000987140816326448e+00
6.700000000000000000e+02 9.989973020408164928e-01 9.995672306122449502e-01
6.750000000000000000e+02 1.000509365306122556e+00 9.988837408163264708e-01
6.800000000000000000e+02 9.981569306122448637e-01 9.995053877551022259e-01
6.850000000000000000e+02 9.979440612244898645e-01 9.976743653061225237e-01
6.900000000000000000e+02 1.000380440816326377e+00 1.000111414285714373e+00
6.950000000000000000e+02 9.993916938775511127e-01 9.989322408163264777e-01
7.000000000000000000e+02 9.980892775510203929e-01 1.000084006122448965e+00
7.050000000000000000e+02 1.000206295918367072e+00 1.000259673469387822e+00
7.100000000000000000e+02 1.001274583673469554e+00 1.001198940816326433e+00
7.150000000000000000e+02 9.999595122448979856e-01 1.000898585714285804e+00
7.200000000000000000e+02 1.000478379591836831e+00 9.997556448979592059e-01
7.250000000000000000e+02 9.977765653061224649e-01 1.000395755102041040e+00
7.300000000000000000e+02 9.987090979591837225e-01 1.000033687755102374e+00
7.350000000000000000e+02 9.991633020408163812e-01 9.998958306122448514e-01
7.400000000000000000e+02 9.998976938775511192e-01 9.993609285714286639e-01
7.450000000000000000e+02 9.985052306122448318e-01 9.990243816326531689e-01
7.500000000000000000e+02 9.998676020408163723e-01 1.001604002040816344e+00
7.550000000000000000e+02 1.001467728571428628e+00 1.000639426530612441e+00
7.600000000000000000e+02 9.992835877551021762e-01 9.998546346938775864e-01
7.650000000000000000e+02 9.991265183673470052e-01 9.995026020408165346e-01
7.700000000000000000e+02 9.994187367346938355e-01 9.993755551020407912e-01
7.750000000000000000e+02 9.986720877551018560e-01 9.997684959183674724e-01
7.800000000000000000e+02 9.984913714285715836e-01 9.986486408163266493e-01
7.850000000000000000e+02 9.990570877551020468e-01 1.001829971428571442e+00
7.900000000000000000e+02 9.992663571428570535e-01 9.999864857142855001e-01
7.950000000000000000e+02 9.991510571428573462e-01 1.001335816326530681e+00
8.000000000000000000e+02 9.980929061224490528e-01 1.000644369387755139e+00
8.050000000000000000e+02 9.991881326530611673e-01 1.000521197959183706e+00
8.100000000000000000e+02 1.001343085714285985e+00 9.987722408163266508e-01
8.150000000000000000e+02 9.992634326530611677e-01 1.000127665306122404e+00
8.200000000000000000e+02 9.992041428571429851e-01 1.001664842857142856e+00
8.250000000000000000e+02 1.000426824489796029e+00 1.000576548979591918e+00
8.300000000000000000e+02 9.986376040816326016e-01 9.980760367346939166e-01
8.350000000000000000e+02 1.000120024489795867e+00 1.000234553061224663e+00
8.400000000000000000e+02 9.989682000000001949e-01 1.000216859183673535e+00
8.450000000000000000e+02 9.999454102040818970e-01 1.000967491836734835e+00
8.500000000000000000e+02 9.997281000000001194e-01 1.000039893877551211e+00
8.550000000000000000e+02 9.992516163265307005e-01 1.000404163265306234e+00
8.600000000000000000e+02 9.996340122448981180e-01 9.995666918367348552e-01
8.650000000000000000e+02 9.991906448979589461e-01 9.995251530612245805e-01
8.700000000000000000e+02 1.000477412244898057e+00 9.994360673469389056e-01
8.750000000000000000e+02 9.996318265306122219e-01 1.000617251020408105e+00
8.800000000000000000e+02 1.000075448979591775e+00 1.000504095918367309e+00
8.850000000000000000e+02 9.997406795918365452e-01 9.993949224489796501e-01
8.900000000000000000e+02 1.000212555102040657e+00 1.002514632653061399e+00
8.950000000000000000e+02 9.983272387755102173e-01 9.985507040816326008e-01
9.000000000000000000e+02 1.000522259183673324e+00 1.000167804081632639e+00
9.050000000000000000e+02 9.995857163265305934e-01 9.992042857142857670e-01
9.100000000000000000e+02 1.000608610204081872e+00 1.000016108163265471e+00
9.150000000000000000e+02 1.000547685714285873e+00 1.000108879591836919e+00
9.200000000000000000e+02 9.979546734693878207e-01 1.000138291836734528e+00
9.250000000000000000e+02 1.000370071428571483e+00 1.000841061224489792e+00
9.300000000000000000e+02 9.991824612244899484e-01 1.000749848979591849e+00
9.350000000000000000e+02 1.001457202040816563e+00 1.000714595918367422e+00
9.400000000000000000e+02 1.000628416326530656e+00 1.000478824489795970e+00
9.450000000000000000e+02 9.995831306122449078e-01 9.997719714285715487e-01
9.500000000000000000e+02 1.000103187755102097e+00 1.001782161224489931e+00
9.550000000000000000e+02 1.000206812244897936e+00 9.992878510204082909e-01
9.600000000000000000e+02 1.002171838775510304e+00 1.000437104081632667e+00
9.650000000000000000e+02 1.001238136734693862e+00 1.000945197959183686e+00
9.700000000000000000e+02 9.987860836734693271e-01 1.000307955102040847e+00
9.750000000000000000e+02 9.991713673469387880e-01 9.999134489795917791e-01
9.800000000000000000e+02 1.001871820408163360e+00 1.001382830612244978e+00
9.850000000000000000e+02 1.001063846938775370e+00 9.997063979591838123e-01
9.900000000000000000e+02 9.999325897959183695e-01 1.000311565306122308e+00
9.950000000000000000e+02 9.992455061224490009e-01 9.993671571428570655e-01
