0.000000000000000000e+00 3.642857142857142821e-02 3.642857142857142821e-02
5.000000000000000000e+00 9.683291836734693181e-01 9.874231530612245233e-01
1.000000000000000000e+01 9.774581306122449575e-01 9.894589244897959990e-01
1.500000000000000000e+01 9.766360571428570614e-01 9.897131653061224110e-01
2.000000000000000000e+01 9.779981795918366583e-01 9.894960000000001532e-01
2.500000000000000000e+01 9.812849224489795796e-01 9.912917408163265387e-01
3.000000000000000000e+01 9.838491714285714229e-01 9.919419755102041325e-01
3.500000000000000000e+01 9.835029102040815374e-01 9.922818061224489838e-01
4.000000000000000000e+01 9.846225632653060611e-01 9.943767571428571150e-01
4.500000000000000000e+01 9.846627591836734084e-01 9.940736265306121533e-01
5.000000000000000000e+01 9.891563612244900217e-01 9.943089673469387435e-01
5.500000000000000000e+01 9.873392877551019353e-01 9.916277551020409309e-01
6.000000000000000000e+01 9.879177959183674806e-01 9.932279244897959103e-01
6.500000000000000000e+01 9.889880714285712582e-01 9.942387979591836844e-01
7.000000000000000000e+01 9.908908836734694470e-01 9.942465122448981285e-01
7.500000000000000000e+01 9.907331408163265740e-01 9.928778408163265734e-01
8.000000000000000000e+01 9.895136020408165090e-01 9.929400142857144340e-01
8.500000000000000000e+01 9.908823571428572174e-01 9.945387877551020717e-01
9.000000000000000000e+01 9.922672673469389304e-01 9.948350755102041143e-01
9.500000000000000000e+01 9.922513551020408773e-01 9.934721857142857493e-01
1.000000000000000000e+02 9.915496326530611748e-01 9.944093326530613064e-01
1.050000000000000000e+02 9.921560061224491411e-01 9.938578959183672623e-01
1.100000000000000000e+02 9.930044163265305812e-01 9.957610387755103654e-01
1.150000000000000000e+02 9.942646265306123166e-01 9.940601755102042025e-01
1.200000000000000000e+02 9.921604959183673023e-01 9.956976571428570733e-01
1.250000000000000000e+02 9.930128632653062448e-01 9.944697142857142902e-01
1.300000000000000000e+02 9.946536714285715286e-01 9.944765877551020594e-01
1.350000000000000000e+02 9.939517918367346550e-01 9.953820714285713800e-01
1.400000000000000000e+02 9.944552142857144839e-01 9.954655326530611470e-01
1.450000000000000000e+02 9.928826020408163533e-01 9.965042489795917779e-01
1.500000000000000000e+02 9.946739795918366767e-01 9.949799816326529989e-01
1.550000000000000000e+02 9.943622142857144741e-01 9.960966408163267616e-01
1.600000000000000000e+02 9.942070653061223506e-01 9.953716612244898343e-01
1.650000000000000000e+02 9.948895469387755153e-01 9.962258632653062662e-01
1.700000000000000000e+02 9.961560653061225512e-01 9.953554122448979857e-01
1.750000000000000000e+02 9.950131142857145949e-01 9.949402244897959102e-01
1.800000000000000000e+02 9.941265857142858042e-01 9.948488448979592169e-01
1.850000000000000000e+02 9.954723938775511538e-01 9.947561081632653179e-01
1.900000000000000000e+02 9.969289918367346681e-01 9.935605081632654656e-01
1.950000000000000000e+02 9.960359244897960540e-01 9.955581367346939548e-01
2.000000000000000000e+02 9.960402551020409723e-01 9.957240204081632129e-01
2.050000000000000000e+02 9.952449999999999353e-01 9.964315163265305975e-01
2.100000000000000000e+02 9.960003612244896498e-01 9.949813979591837221e-01
2.150000000000000000e+02 9.959721918367346882e-01 9.962935714285716671e-01
2.200000000000000000e+02 9.957545428571428214e-01 9.960169999999999302e-01
2.250000000000000000e+02 9.959194591836736388e-01 9.968865938775509639e-01
2.300000000000000000e+02 9.965961877551020587e-01 9.952668224489796822e-01
2.350000000000000000e+02 9.963601877551020447e-01 9.961255387755102442e-01
2.400000000000000000e+02 9.950407469387754222e-01 9.968208673469387548e-01
2.450000000000000000e+02 9.964650734693879519e-01 9.972971061224489286e-01
2.500000000000000000e+02 9.983781632653062621e-01 9.957303306122451403e-01
2.550000000000000000e+02 9.976357551020408332e-01 9.969363510204081180e-01
2.600000000000000000e+02 9.963870346938776823e-01 9.988551571428571085e-01
2.650000000000000000e+02 9.971120755102040878e-01 9.966046489795920005e-01
2.700000000000000000e+02 9.962773693877551295e-01 9.954730653061224510e-01
2.750000000000000000e+02 9.964275714285715235e-01 9.965875204081633409e-01
2.800000000000000000e+02 9.964041224489796900e-01 9.968519387755101491e-01
2.850000000000000000e+02 9.974135938775511301e-01 9.972964673469389973e-01
2.900000000000000000e+02 9.982712959183676071e-01 9.964530224489797083e-01
2.950000000000000000e+02 9.956050897959183299e-01 9.956993020408164696e-01
3.000000000000000000e+02 9.968789918367348957e-01 9.955046387755102089e-01
3.050000000000000000e+02 9.978056734693879770e-01 9.980999510204083824e-01
3.100000000000000000e+02 9.974403408163265983e-01 9.963554326530614791e-01
3.150000000000000000e+02 9.981936775510206195e-01 9.979133979591837678e-01
3.200000000000000000e+02 9.964066326530611750e-01 9.971822326530611624e-01
3.250000000000000000e+02 9.976450510204081246e-01 9.975640591836734128e-01
3.300000000000000000e+02 9.982449836734694770e-01 9.990640612244897634e-01
3.350000000000000000e+02 9.963847102040815917e-01 9.971614428571428101e-01
3.400000000000000000e+02 9.969489489795918535e-01 9.975712632653059853e-01
3.450000000000000000e+02 9.975265163265305546e-01 9.968821510204082248e-01
3.500000000000000000e+02 9.984399959183674067e-01 9.985566102040817071e-01
3.550000000000000000e+02 9.977073571428572984e-01 9.962471632653061571e-01
3.600000000000000000e+02 9.974688183673467989e-01 9.979511469387754019e-01
3.650000000000000000e+02 9.964204408163265247e-01 9.971828204081631952e-01
3.700000000000000000e+02 9.963835122448980730e-01 9.981387918367348178e-01
3.750000000000000000e+02 9.980686857142856416e-01 9.986709408163265689e-01
3.800000000000000000e+02 9.970415591836735425e-01 1.000102375510204089e+00
3.850000000000000000e+02 9.966543734693876777e-01 9.983427530612244416e-01
3.900000000000000000e+02 9.987233714285717046e-01 9.995374183673468860e-01
3.950000000000000000e+02 9.993542448979593207e-01 9.964483979591838292e-01
4.000000000000000000e+02 9.990517244897960669e-01 9.984848571428571740e-01
4.050000000000000000e+02 9.956846469387755638e-01 9.990436775510204148e-01
4.100000000000000000e+02 9.983066673469387364e-01 9.988205000000001110e-01
4.150000000000000000e+02 9.971843142857143016e-01 9.983831836734694543e-01
4.200000000000000000e+02 9.977158510204082731e-01 9.968538265306122748e-01
4.250000000000000000e+02 9.965888020408163461e-01 9.981350959183673544e-01
4.300000000000000000e+02 9.970863632653059749e-01 9.976286346938776362e-01
4.350000000000000000e+02 9.974973551020408502e-01 9.994832000000000161e-01
4.400000000000000000e+02 9.987703142857142780e-01 9.977187163265306413e-01
4.450000000000000000e+02 9.999560367346939094e-01 9.988905285714284599e-01
4.500000000000000000e+02 9.980325163265307831e-01 9.982027877551018502e-01
4.550000000000000000e+02 9.980357510204080906e-01 1.000093524489795938e+00
4.600000000000000000e+02 9.984621775510204023e-01 1.000134459183673385e+00
4.650000000000000000e+02 9.986643632653061653e-01 9.988255734693878285e-01
4.700000000000000000e+02 9.989254265306122260e-01 9.987053244897960980e-01
4.750000000000000000e+02 9.985832979591837688e-01 9.999910265306122259e-01
4.800000000000000000e+02 9.982361571428572944e-01 1.000648993877551129e+00
4.850000000000000000e+02 9.993054489795918371e-01 9.978693061224490624e-01
4.900000000000000000e+02 9.973830775510205138e-01 9.983396122448979781e-01
4.950000000000000000e+02 9.985225428571429251e-01 9.980109959183673940e-01
5.000000000000000000e+02 9.982446959183673973e-01 9.998375632653061507e-01
5.050000000000000000e+02 9.988117571428573038e-01 9.991530857142857380e-01
5.100000000000000000e+02 9.987323979591836709e-01 9.980235469387757075e-01
5.150000000000000000e+02 9.988263897959186455e-01 9.990579591836734608e-01
5.200000000000000000e+02 9.994443530612244775e-01 9.979209163265305715e-01
5.250000000000000000e+02 9.973041857142858069e-01 1.000096608163265177e+00
5.300000000000000000e+02 1.000321406122449241e+00 9.990589000000001940e-01
5.350000000000000000e+02 1.000179140816326528e+00 9.990610693877552961e-01
5.400000000000000000e+02 9.992756693877551388e-01 1.000530726530612036e+00
5.450000000000000000e+02 9.989098816326530406e-01 9.991964244897959535e-01
5.500000000000000000e+02 9.993118857142857525e-01 1.000239636734693960e+00
5.550000000000000000e+02 9.989307204081633307e-01 9.976199244897960838e-01
5.600000000000000000e+02 1.000554848979592126e+00 9.996214755102039717e-01
5.650000000000000000e+02 9.984808938775510123e-01 1.000570346938775668e+00
5.700000000000000000e+02 9.976978714285715810e-01 9.980906938775511161e-01
5.750000000000000000e+02 9.987152285714285815e-01 1.000085342857143011e+00
5.800000000000000000e+02 9.979667959183673442e-01 9.998118632653060223e-01
5.850000000000000000e+02 9.989478142857143306e-01 9.986935102040817025e-01
5.900000000000000000e+02 9.989847530612244730e-01 9.985709938775511052e-01
5.950000000000000000e+02 9.986229102040814487e-01 9.996334244897958632e-01
6.000000000000000000e+02 1.000589253061224593e+00 1.000417920408163130e+00
6.050000000000000000e+02 9.985422265306121981e-01 9.996716612244898048e-01
6.100000000000000000e+02 9.991077326530612979e-01 1.000660275510204089e+00
6.150000000000000000e+02 9.993137571428573063e-01 9.996040306122446761e-01
6.200000000000000000e+02 9.994087224489796029e-01 9.996708857142856397e-01
6.250000000000000000e+02 9.990668897959184003e-01 9.990960428571428187e-01
6.300000000000000000e+02 9.998607918367348191e-01 9.993504897959184508e-01
6.350000000000000000e+02 9.982372346938775953e-01 9.995217775510203406e-01
6.400000000000000000e+02 9.994440224489796742e-01 1.001577691836734729e+00
6.450000000000000000e+02 9.992625959183675244e-01 1.000179163265306093e+00
6.500000000000000000e+02 9.985185285714287540e-01 9.984747469387755814e-01
6.550000000000000000e+02 1.000369544897959262e+00 1.000753271428571400e+00
6.600000000000000000e+02 1.000036087755101999e+00 9.993107428571429418e-01
6.650000000000000000e+02 1.000610785714285855e+00 1.000987140816326448e+00
6.700000000000000000e+02 1.001146748979591994e+00 9.995672306122449502e-01
6.750000000000000000e+02 1.000274189795918423e+00 9.988837408163264708e-01
6.800000000000000000e+02 9.991586387755102550e-01 9.995053877551022259e-01
6.850000000000000000e+02 9.993122877551019467e-01 9.976743653061225237e-01
6.900000000000000000e+02 1.000320826530612051e+00 1.000111414285714373e+00
6.950000000000000000e+02 9.987046448979590707e-01 9.989322408163264777e-01
7.000000000000000000e+02 1.000235769387755269e+00 1.000084006122448965e+00
7.050000000000000000e+02 9.988056938775512483e-01 1.000259673469387822e+00
7.100000000000000000e+02 9.995091285714285956e-01 1.001198940816326433e+00
7.150000000000000000e+02 9.992905367346939238e-01 1.000898585714285804e+00
7.200000000000000000e+02 1.000105171428571582e+00 9.997556448979592059e-01
7.250000000000000000e+02 1.000251179591836515e+00 1.000395755102041040e+00
7.300000000000000000e+02 1.000363300000000066e+00 1.000033687755102374e+00
7.350000000000000000e+02 1.000386148979591994e+00 9.998958306122448514e-01
7.400000000000000000e+02 1.000300855102040698e+00 9.993609285714286639e-01
7.450000000000000000e+02 9.989720040816326696e-01 9.990243816326531689e-01
7.500000000000000000e+02 9.982145408163265454e-01 1.001604002040816344e+00
7.550000000000000000e+02 1.001787512244898037e+00 1.000639426530612441e+00
7.600000000000000000e+02 9.985319877551022127e-01 9.998546346938775864e-01
7.650000000000000000e+02 9.989123877551021602e-01 9.995026020408165346e-01
7.700000000000000000e+02 9.993215306122449348e-01 9.993755551020407912e-01
7.750000000000000000e+02 1.000135916326530872e+00 9.997684959183674724e-01
7.800000000000000000e+02 9.993489408163265253e-01 9.986486408163266493e-01
7.850000000000000000e+02 1.000974620408163096e+00 1.001829971428571442e+00
7.900000000000000000e+02 1.000448795918367439e+00 9.999864857142855001e-01
7.950000000000000000e+02 1.000444959183673710e+00 1.001335816326530681e+00
8.000000000000000000e+02 9.985180469387755497e-01 1.000644369387755139e+00
8.050000000000000000e+02 9.987792530612246145e-01 1.000521197959183706e+00
8.100000000000000000e+02 1.000066281632653098e+00 9.987722408163266508e-01
8.150000000000000000e+02 9.998340673469385820e-01 1.000127665306122404e+00
8.200000000000000000e+02 1.000847185714285770e+00 1.001664842857142856e+00
8.250000000000000000e+02 1.000510004081632598e+00 1.000576548979591918e+00
8.300000000000000000e+02 9.995369714285713414e-01 9.980760367346939166e-01
8.350000000000000000e+02 1.000404689795918456e+00 1.000234553061224663e+00
8.400000000000000000e+02 9.986425367346939419e-01 1.000216859183673535e+00
8.450000000000000000e+02 1.000722100000000170e+00 1.000967491836734835e+00
8.500000000000000000e+02 1.000874344897959123e+00 1.000039893877551211e+00
8.550000000000000000e+02 1.000707222448979916e+00 1.000404163265306234e+00
8.600000000000000000e+02 1.000639632653061550e+00 9.995666918367348552e-01
8.650000000000000000e+02 1.000699726530612121e+00 9.995251530612245805e-01
8.700000000000000000e+02 9.993714612244899431e-01 9.994360673469389056e-01
8.750000000000000000e+02 1.000706955102040885e+00 1.000617251020408105e+00
8.800000000000000000e+02 1.001386408163265296e+00 1.000504095918367309e+00
8.850000000000000000e+02 9.993175857142858609e-01 9.993949224489796501e-01
8.900000000000000000e+02 1.000451038775510337e+00 1.002514632653061399e+00
8.950000000000000000e+02 9.993542367346938127e-01 9.985507040816326008e-01
9.000000000000000000e+02 1.000220651020408358e+00 1.000167804081632639e+00
9.050000000000000000e+02 1.000158414285714059e+00 9.992042857142857670e-01
9.100000000000000000e+02 1.001085651020408029e+00 1.000016108163265471e+00
9.150000000000000000e+02 9.985942530612247348e-01 1.000108879591836919e+00
9.200000000000000000e+02 1.001091546938775556e+00 1.000138291836734528e+00
9.250000000000000000e+02 9.993123673469387347e-01 1.000841061224489792e+00
9.300000000000000000e+02 9.996681734693877441e-01 1.000749848979591849e+00
9.350000000000000000e+02 9.993235591836736598e-01 1.000714595918367422e+00
9.400000000000000000e+02 9.996019653061226640e-01 1.000478824489795970e+00
9.450000000000000000e+02 1.001715883673469643e+00 9.997719714285715487e-01
9.500000000000000000e+02 1.000888085714285669e+00 1.001782161224489931e+00
9.550000000000000000e+02 9.990768591836733936e-01 9.992878510204082909e-01
9.600000000000000000e+02 1.000610181632653140e+00 1.000437104081632667e+00
9.650000000000000000e+02 1.001358708163265332e+00 1.000945197959183686e+00
9.700000000000000000e+02 1.001641936734693816e+00 1.000307955102040847e+00
9.750000000000000000e+02 9.999570204081633662e-01 9.999134489795917791e-01
9.800000000000000000e+02 9.982513632653059465e-01 1.001382830612244978e+00
9.850000000000000000e+02 1.001313753061224610e+00 9.997063979591838123e-01
9.900000000000000000e+02 9.997513816326530911e-01 1.000311565306122308e+00
9.950000000000000000e+02 1.000288512244898120e+00 9.993671571428570655e-01
