0.000000000000000000e+00 3.642857142857142821e-02 3.642857142857142821e-02
5.000000000000000000e+00 9.802841387755101277e-01 9.874231530612245233e-01
1.000000000000000000e+01 9.856164530612245844e-01 9.894589244897959990e-01
1.500000000000000000e+01 9.825164918367347289e-01 9.897131653061224110e-01
2.000000000000000000e+01 9.865434122448981658e-01 9.894960000000001532e-01
2.500000000000000000e+01 9.867304040816327060e-01 9.912917408163265387e-01
3.000000000000000000e+01 9.866924734693878207e-01 9.919419755102041325e-01
3.500000000000000000e+01 9.858409999999999673e-01 9.922818061224489838e-01
4.000000000000000000e+01 9.879418367346939345e-01 9.943767571428571150e-01
4.500000000000000000e+01 9.903801081632653824e-01 9.940736265306121533e-01
5.000000000000000000e+01 9.896590632653061714e-01 9.943089673469387435e-01
5.500000000000000000e+01 9.903688102040817398e-01 9.916277551020409309e-01
6.000000000000000000e+01 9.917920857142858981e-01 9.932279244897959103e-01
6.500000000000000000e+01 9.922395306122450132e-01 9.942387979591836844e-01
7.000000000000000000e+01 9.916907591836734426e-01 9.942465122448981285e-01
7.500000000000000000e+01 9.930561102040817989e-01 9.928778408163265734e-01
8.000000000000000000e+01 9.925151591836733900e-01 9.929400142857144340e-01
8.500000000000000000e+01 9.938566244897959479e-01 9.945387877551020717e-01
9.000000000000000000e+01 9.933026061224490277e-01 9.948350755102041143e-01
9.500000000000000000e+01 9.927139918367349214e-01 9.934721857142857493e-01
1.000000000000000000e+02 9.950730571428572091e-01 9.944093326530613064e-01
1.050000000000000000e+02 9.942745224489796252e-01 9.938578959183672623e-01
1.100000000000000000e+02 9.948212795918365270e-01 9.957610387755103654e-01
1.150000000000000000e+02 9.949594938775510045e-01 9.940601755102042025e-01
1.200000000000000000e+02 9.946016142857144748e-01 9.956976571428570733e-01
1.250000000000000000e+02 9.939237857142856347e-01 9.944697142857142902e-01
1.300000000000000000e+02 9.952526734693879495e-01 9.944765877551020594e-01
1.350000000000000000e+02 9.948874510204082089e-01 9.953820714285713800e-01
1.400000000000000000e+02 9.953847795918366881e-01 9.954655326530611470e-01
1.450000000000000000e+02 9.943510142857142631e-01 9.965042489795917779e-01
1.500000000000000000e+02 9.952927448979593805e-01 9.949799816326529989e-01
1.550000000000000000e+02 9.947535693877551655e-01 9.960966408163267616e-01
1.600000000000000000e+02 9.959857755102042853e-01 9.953716612244898343e-01
1.650000000000000000e+02 9.965818653061224719e-01 9.962258632653062662e-01
1.700000000000000000e+02 9.968471775510204802e-01 9.953554122448979857e-01
1.750000000000000000e+02 9.949745551020410250e-01 9.949402244897959102e-01
1.800000000000000000e+02 9.942349489795919704e-01 9.948488448979592169e-01
1.850000000000000000e+02 9.952970428571429329e-01 9.947561081632653179e-01
1.900000000000000000e+02 9.970704040816326108e-01 9.935605081632654656e-01
1.950000000000000000e+02 9.964780530612247222e-01 9.955581367346939548e-01
2.000000000000000000e+02 9.944170489795917112e-01 9.957240204081632129e-01
2.050000000000000000e+02 9.971907122448980809e-01 9.964315163265305975e-01
2.100000000000000000e+02 9.977197367346939405e-01 9.949813979591837221e-01
2.150000000000000000e+02 9.964458020408164529e-01 9.962935714285716671e-01
2.200000000000000000e+02 9.956473163265308068e-01 9.960169999999999302e-01
2.250000000000000000e+02 9.965402591836735047e-01 9.968865938775509639e-01
2.300000000000000000e+02 9.960219673469387081e-01 9.952668224489796822e-01
2.350000000000000000e+02 9.956556020408161567e-01 9.961255387755102442e-01
2.400000000000000000e+02 9.966716591836733974e-01 9.968208673469387548e-01
2.450000000000000000e+02 9.972486040816326280e-01 9.972971061224489286e-01
2.500000000000000000e+02 9.961278959183672566e-01 9.957303306122451403e-01
2.550000000000000000e+02 9.982287265306124535e-01 9.969363510204081180e-01
2.600000000000000000e+02 9.984326204081634959e-01 9.988551571428571085e-01
2.650000000000000000e+02 9.970304510204082149e-01 9.966046489795920005e-01
2.700000000000000000e+02 9.984089857142859348e-01 9.954730653061224510e-01
2.750000000000000000e+02 9.972137734693878874e-01 9.965875204081633409e-01
2.800000000000000000e+02 9.963323551020406565e-01 9.968519387755101491e-01
2.850000000000000000e+02 9.961086591836734172e-01 9.972964673469389973e-01
2.900000000000000000e+02 9.980043387755103135e-01 9.964530224489797083e-01
2.950000000000000000e+02 9.986367653061225536e-01 9.956993020408164696e-01
3.000000000000000000e+02 9.966341979591837319e-01 9.955046387755102089e-01
3.050000000000000000e+02 9.991893755102042585e-01 9.980999510204083824e-01
3.100000000000000000e+02 9.961846938775511529e-01 9.963554326530614791e-01
3.150000000000000000e+02 9.968716653061224786e-01 9.979133979591837678e-01
3.200000000000000000e+02 9.969335102040817187e-01 9.971822326530611624e-01
3.250000000000000000e+02 9.962435448979591879e-01 9.975640591836734128e-01
3.300000000000000000e+02 9.971368959183675162e-01 9.990640612244897634e-01
3.350000000000000000e+02 9.983399408163267097e-01 9.971614428571428101e-01
3.400000000000000000e+02 9.978822489795919903e-01 9.975712632653059853e-01
3.450000000000000000e+02 9.981121244897959155e-01 9.968821510204082248e-01
3.500000000000000000e+02 9.990563244897959772e-01 9.985566102040817071e-01
3.550000000000000000e+02 9.971794163265306210e-01 9.962471632653061571e-01
3.600000000000000000e+02 9.977024387755102364e-01 9.979511469387754019e-01
3.650000000000000000e+02 9.981785142857141357e-01 9.971828204081631952e-01
3.700000000000000000e+02 9.970203795918365364e-01 9.981387918367348178e-01
3.750000000000000000e+02 9.991423857142857079e-01 9.986709408163265689e-01
3.800000000000000000e+02 9.975548979591837284e-01 1.000102375510204089e+00
3.850000000000000000e+02 9.989406061224489486e-01 9.983427530612244416e-01
3.900000000000000000e+02 9.983453877551019540e-01 9.995374183673468860e-01
3.950000000000000000e+02 9.985260244897959936e-01 9.964483979591838292e-01
4.000000000000000000e+02 9.981779285714287298e-01 9.984848571428571740e-01
4.050000000000000000e+02 9.994568816326531158e-01 9.990436775510204148e-01
4.100000000000000000e+02 9.979531571428571501e-01 9.988205000000001110e-01
4.150000000000000000e+02 9.965905102040816255e-01 9.983831836734694543e-01
4.200000000000000000e+02 9.986247673469389463e-01 9.968538265306122748e-01
4.250000000000000000e+02 9.978048734693876209e-01 9.981350959183673544e-01
4.300000000000000000e+02 9.993758877551019992e-01 9.976286346938776362e-01
4.350000000000000000e+02 9.982545387755102917e-01 9.994832000000000161e-01
4.400000000000000000e+02 9.980239367346939172e-01 9.977187163265306413e-01
4.450000000000000000e+02 9.979528877551020472e-01 9.988905285714284599e-01
4.500000000000000000e+02 9.987862081632652433e-01 9.982027877551018502e-01
4.550000000000000000e+02 9.983763551020409244e-01 1.000093524489795938e+00
4.600000000000000000e+02 9.989500959183674755e-01 1.000134459183673385e+00
4.650000000000000000e+02 9.998358979591837059e-01 9.988255734693878285e-01
4.700000000000000000e+02 9.995122204081632322e-01 9.987053244897960980e-01
4.750000000000000000e+02 9.994893938775509801e-01 9.999910265306122259e-01
4.800000000000000000e+02 9.990693408163267009e-01 1.000648993877551129e+00
4.850000000000000000e+02 9.980491346938775710e-01 9.978693061224490624e-01
4.900000000000000000e+02 9.985448795918369091e-01 9.983396122448979781e-01
4.950000000000000000e+02 9.999626387755101709e-01 9.980109959183673940e-01
5.000000000000000000e+02 9.979957183673470178e-01 9.998375632653061507e-01
5.050000000000000000e+02 9.992159285714287131e-01 9.991530857142857380e-01
5.100000000000000000e+02 9.993171224489797444e-01 9.980235469387757075e-01
5.150000000000000000e+02 9.999559061224490009e-01 9.990579591836734608e-01
5.200000000000000000e+02 9.997544897959184107e-01 9.979209163265305715e-01
5.250000000000000000e+02 9.997637102040816126e-01 1.000096608163265177e+00
5.300000000000000000e+02 9.991166734693879281e-01 9.990589000000001940e-01
5.350000000000000000e+02 9.993611632653063293e-01 9.990610693877552961e-01
5.400000000000000000e+02 9.976600714285712712e-01 1.000530726530612036e+00
5.450000000000000000e+02 9.985264836734693006e-01 9.991964244897959535e-01
5.500000000000000000e+02 9.984004714285713566e-01 1.000239636734693960e+00
5.550000000000000000e+02 9.980499224489796095e-01 9.976199244897960838e-01
5.600000000000000000e+02 9.991547204081632216e-01 9.996214755102039717e-01
5.650000000000000000e+02 1.000005053061224336e+00 1.000570346938775668e+00
5.700000000000000000e+02 9.996857530612246467e-01 9.980906938775511161e-01
5.750000000000000000e+02 9.974148918367348182e-01 1.000085342857143011e+00
5.800000000000000000e+02 1.000145932653061287e+00 9.998118632653060223e-01
5.850000000000000000e+02 9.982584693877551985e-01 9.986935102040817025e-01
5.900000000000000000e+02 9.989753959183673704e-01 9.985709938775511052e-01
5.950000000000000000e+02 1.001679881632653091e+00 9.996334244897958632e-01
6.000000000000000000e+02 1.000663079591836757e+00 1.000417920408163130e+00
6.050000000000000000e+02 9.997879571428571754e-01 9.996716612244898048e-01
6.100000000000000000e+02 1.000681491836734605e+00 1.000660275510204089e+00
6.150000000000000000e+02 9.993479367346939091e-01 9.996040306122446761e-01
6.200000000000000000e+02 9.983702979591839721e-01 9.996708857142856397e-01
6.250000000000000000e+02 9.988977734693877952e-01 9.990960428571428187e-01
6.300000000000000000e+02 1.000025153061224525e+00 9.993504897959184508e-01
6.350000000000000000e+02 1.000122397959183562e+00 9.995217775510203406e-01
6.400000000000000000e+02 9.988093510204082426e-01 1.001577691836734729e+00
6.450000000000000000e+02 9.999242877551018926e-01 1.000179163265306093e+00
6.500000000000000000e+02 1.001609116326530602e+00 9.984747469387755814e-01
6.550000000000000000e+02 1.000494936734693807e+00 1.000753271428571400e+00
6.600000000000000000e+02 9.989223530612244550e-01 9.993107428571429418e-01
6.650000000000000000e+02 1.000348979591836773e+00 1.000987140816326448e+00
6.700000000000000000e+02 1.000718573469387751e+00 9.995672306122449502e-01
6.750000000000000000e+02 1.001150173469387727e+00 9.988837408163264708e-01
6.800000000000000000e+02 9.971902918367347990e-01 9.995053877551022259e-01
6.850000000000000000e+02 1.000645638775510271e+00 9.976743653061225237e-01
6.900000000000000000e+02 9.993673285714287369e-01 1.000111414285714373e+00
6.950000000000000000e+02 9.998137204081632978e-01 9.989322408163264777e-01
7.000000000000000000e+02 9.987847775510205750e-01 1.000084006122448965e+00
7.050000000000000000e+02 1.000026718367346801e+00 1.000259673469387822e+00
7.100000000000000000e+02 1.000140228571428702e+00 1.001198940816326433e+00
7.150000000000000000e+02 1.000350530612245104e+00 1.000898585714285804e+00
7.200000000000000000e+02 9.994105918367347519e-01 9.997556448979592059e-01
7.250000000000000000e+02 9.991412571428572864e-01 1.000395755102041040e+00
7.300000000000000000e+02 1.000707187755101923e+00 1.000033687755102374e+00
7.350000000000000000e+02 9.998349408163267338e-01 9.998958306122448514e-01
7.400000000000000000e+02 9.996856163265308570e-01 9.993609285714286639e-01
7.450000000000000000e+02 1.001456477551020630e+00 9.990243816326531689e-01
7.500000000000000000e+02 9.993301306122448491e-01 1.001604002040816344e+00
7.550000000000000000e+02 9.998673102040817051e-01 1.000639426530612441e+00
7.600000000000000000e+02 9.989133959183673639e-01 9.998546346938775864e-01
7.650000000000000000e+02 1.000111965306122341e+00 9.995026020408165346e-01
7.700000000000000000e+02 1.001306622448979500e+00 9.993755551020407912e-01
7.750000000000000000e+02 1.000734304081632775e+00 9.997684959183674724e-01
7.800000000000000000e+02 1.000473083673469432e+00 9.986486408163266493e-01
7.850000000000000000e+02 9.980938306122449921e-01 1.001829971428571442e+00
7.900000000000000000e+02 1.000587387755101698e+00 9.999864857142855001e-01
7.950000000000000000e+02 1.000157828571428542e+00 1.001335816326530681e+00
8.000000000000000000e+02 9.998410183673469565e-01 1.000644369387755139e+00
8.050000000000000000e+02 9.999339408163265830e-01 1.000521197959183706e+00
8.100000000000000000e+02 1.000860624489795958e+00 9.987722408163266508e-01
8.150000000000000000e+02 1.000363871428571416e+00 1.000127665306122404e+00
8.200000000000000000e+02 1.001116104081632541e+00 1.001664842857142856e+00
8.250000000000000000e+02 1.000043593877551151e+00 1.000576548979591918e+00
8.300000000000000000e+02 9.996381918367347463e-01 9.980760367346939166e-01
8.350000000000000000e+02 9.978998510204082351e-01 1.000234553061224663e+00
8.400000000000000000e+02 9.999680530612243823e-01 1.000216859183673535e+00
8.450000000000000000e+02 9.993735632653063528e-01 1.000967491836734835e+00
8.500000000000000000e+02 1.000256983673469380e+00 1.000039893877551211e+00
8.550000000000000000e+02 9.991859897959184389e-01 1.000404163265306234e+00
8.600000000000000000e+02 9.980718938775510196e-01 9.995666918367348552e-01
8.650000000000000000e+02 1.000154528571428614e+00 9.995251530612245805e-01
8.700000000000000000e+02 9.997990265306121449e-01 9.994360673469389056e-01
8.750000000000000000e+02 1.000201816326530491e+00 1.000617251020408105e+00
8.800000000000000000e+02 1.000215393877551096e+00 1.000504095918367309e+00
8.850000000000000000e+02 9.990590469387754524e-01 9.993949224489796501e-01
8.900000000000000000e+02 9.987283428571428479e-01 1.002514632653061399e+00
8.950000000000000000e+02 1.000333763265306208e+00 9.985507040816326008e-01
9.000000000000000000e+02 1.000040706122448997e+00 1.000167804081632639e+00
9.050000000000000000e+02 9.994770734693876335e-01 9.992042857142857670e-01
9.100000000000000000e+02 9.971224469387754974e-01 1.000016108163265471e+00
9.150000000000000000e+02 9.982865530612246019e-01 1.000108879591836919e+00
9.200000000000000000e+02 1.000210259183673456e+00 1.000138291836734528e+00
9.250000000000000000e+02 1.000371118367346934e+00 1.000841061224489792e+00
9.300000000000000000e+02 9.984770755102040374e-01 1.000749848979591849e+00
9.350000000000000000e+02 9.997213530612245602e-01 1.000714595918367422e+00
9.400000000000000000e+02 9.990705265306120131e-01 1.000478824489795970e+00
9.450000000000000000e+02 1.001696957142857114e+00 9.997719714285715487e-01
9.500000000000000000e+02 9.995895551020408387e-01 1.001782161224489931e+00
9.550000000000000000e+02 9.990225836734694109e-01 9.992878510204082909e-01
9.600000000000000000e+02 9.991641142857142777e-01 1.000437104081632667e+00
9.650000000000000000e+02 1.000227977551020553e+00 1.000945197959183686e+00
9.700000000000000000e+02 9.982172224489795909e-01 1.000307955102040847e+00
9.750000000000000000e+02 9.992004081632653856e-01 9.999134489795917791e-01
9.800000000000000000e+02 9.999767183673468063e-01 1.001382830612244978e+00
9.850000000000000000e+02 9.997008755102040345e-01 9.997063979591838123e-01
9.900000000000000000e+02 9.986963816326530630e-01 1.000311565306122308e+00
9.950000000000000000e+02 1.001184685714285649e+00 9.993671571428570655e-01
