0.000000000000000000e+00 3.642857142857142821e-02 3.642857142857142821e-02
5.000000000000000000e+00 9.927329040816328387e-01 9.874231530612245233e-01
1.000000000000000000e+01 9.946672448979594350e-01 9.894589244897959990e-01
1.500000000000000000e+01 9.931629591836734772e-01 9.897131653061224110e-01
2.000000000000000000e+01 9.950682489795920072e-01 9.894960000000001532e-01
2.500000000000000000e+01 9.959141591836733198e-01 9.912917408163265387e-01
3.000000000000000000e+01 9.951818632653062213e-01 9.919419755102041325e-01
3.500000000000000000e+01 9.953589836734695329e-01 9.922818061224489838e-01
4.000000000000000000e+01 9.970474183673470048e-01 9.943767571428571150e-01
4.500000000000000000e+01 9.965672775510204806e-01 9.940736265306121533e-01
5.000000000000000000e+01 9.970280122448980098e-01 9.943089673469387435e-01
5.500000000000000000e+01 9.961325142857143655e-01 9.916277551020409309e-01
6.000000000000000000e+01 9.982599551020407969e-01 9.932279244897959103e-01
6.500000000000000000e+01 9.957232122448982370e-01 9.942387979591836844e-01
7.000000000000000000e+01 9.961850040816326857e-01 9.942465122448981285e-01
7.500000000000000000e+01 9.965305653061224955e-01 9.928778408163265734e-01
8.000000000000000000e+01 9.967212857142857541e-01 9.929400142857144340e-01
8.500000000000000000e+01 9.965404326530613588e-01 9.945387877551020717e-01
9.000000000000000000e+01 9.973449265306122413e-01 9.948350755102041143e-01
9.500000000000000000e+01 9.954396020408162737e-01 9.934721857142857493e-01
1.000000000000000000e+02 9.957811591836733811e-01 9.944093326530613064e-01
1.050000000000000000e+02 9.970045428571431279e-01 9.938578959183672623e-01
1.100000000000000000e+02 9.976437469387755552e-01 9.957610387755103654e-01
1.150000000000000000e+02 9.970141938775510804e-01 9.940601755102042025e-01
1.200000000000000000e+02 9.964793510204081883e-01 9.956976571428570733e-01
1.250000000000000000e+02 9.971530775510204503e-01 9.944697142857142902e-01
1.300000000000000000e+02 9.968617142857144620e-01 9.944765877551020594e-01
1.350000000000000000e+02 9.965298734693878169e-01 9.953820714285713800e-01
1.400000000000000000e+02 9.975895326530611618e-01 9.954655326530611470e-01
1.450000000000000000e+02 9.968282632653060471e-01 9.965042489795917779e-01
1.500000000000000000e+02 9.971367653061224967e-01 9.949799816326529989e-01
1.550000000000000000e+02 9.971407836734693664e-01 9.960966408163267616e-01
1.600000000000000000e+02 9.955849591836735124e-01 9.953716612244898343e-01
1.650000000000000000e+02 9.972243163265306354e-01 9.962258632653062662e-01
1.700000000000000000e+02 9.966701306122448534e-01 9.953554122448979857e-01
1.750000000000000000e+02 9.954186142857143205e-01 9.949402244897959102e-01
1.800000000000000000e+02 9.973720795918366022e-01 9.948488448979592169e-01
1.850000000000000000e+02 9.991463734693877274e-01 9.947561081632653179e-01
1.900000000000000000e+02 9.977590918367349460e-01 9.935605081632654656e-01
1.950000000000000000e+02 9.970515673469387830e-01 9.955581367346939548e-01
2.000000000000000000e+02 9.989502448979591387e-01 9.957240204081632129e-01
2.050000000000000000e+02 9.976972428571428964e-01 9.964315163265305975e-01
2.100000000000000000e+02 9.989982244897959163e-01 9.949813979591837221e-01
2.150000000000000000e+02 9.970897122448979522e-01 9.962935714285716671e-01
2.200000000000000000e+02 9.984446653061226362e-01 9.960169999999999302e-01
2.250000000000000000e+02 9.981174632653061485e-01 9.968865938775509639e-01
2.300000000000000000e+02 9.981860326530613836e-01 9.952668224489796822e-01
2.350000000000000000e+02 9.977318244897960264e-01 9.961255387755102442e-01
2.400000000000000000e+02 9.974187918367347638e-01 9.968208673469387548e-01
2.450000000000000000e+02 9.980398408163265733e-01 9.972971061224489286e-01
2.500000000000000000e+02 9.985832265306123778e-01 9.957303306122451403e-01
2.550000000000000000e+02 9.980722918367348484e-01 9.969363510204081180e-01
2.600000000000000000e+02 9.984973673469388356e-01 9.988551571428571085e-01
2.650000000000000000e+02 9.967996877551019708e-01 9.966046489795920005e-01
2.700000000000000000e+02 9.981545000000000556e-01 9.954730653061224510e-01
2.750000000000000000e+02 9.973981204081633356e-01 9.965875204081633409e-01
2.800000000000000000e+02 9.980128938775509884e-01 9.968519387755101491e-01
2.850000000000000000e+02 9.986347816326530680e-01 9.972964673469389973e-01
2.900000000000000000e+02 9.970658183673469788e-01 9.964530224489797083e-01
2.950000000000000000e+02 9.988174081632653634e-01 9.956993020408164696e-01
3.000000000000000000e+02 9.993778020408162766e-01 9.955046387755102089e-01
3.050000000000000000e+02 9.970301142857144194e-01 9.980999510204083824e-01
3.100000000000000000e+02 9.984041387755102637e-01 9.963554326530614791e-01
3.150000000000000000e+02 9.991498489795919147e-01 9.979133979591837678e-01
3.200000000000000000e+02 9.965343857142858752e-01 9.971822326530611624e-01
3.250000000000000000e+02 9.980487346938774484e-01 9.975640591836734128e-01
3.300000000000000000e+02 9.976962306122448831e-01 9.990640612244897634e-01
3.350000000000000000e+02 9.990985122448980960e-01 9.971614428571428101e-01
3.400000000000000000e+02 9.965983959183672969e-01 9.975712632653059853e-01
3.450000000000000000e+02 9.989659326530613281e-01 9.968821510204082248e-01
3.500000000000000000e+02 1.000285087755102165e+00 9.985566102040817071e-01
3.550000000000000000e+02 9.969685510204081558e-01 9.962471632653061571e-01
3.600000000000000000e+02 1.000040571428571390e+00 9.979511469387754019e-01
3.650000000000000000e+02 9.970061612244899285e-01 9.971828204081631952e-01
3.700000000000000000e+02 9.990365673469387975e-01 9.981387918367348178e-01
3.750000000000000000e+02 9.973434530612245164e-01 9.986709408163265689e-01
3.800000000000000000e+02 9.989832632653061761e-01 1.000102375510204089e+00
3.850000000000000000e+02 9.990706571428573657e-01 9.983427530612244416e-01
3.900000000000000000e+02 9.989422163265306853e-01 9.995374183673468860e-01
3.950000000000000000e+02 9.986219061224490545e-01 9.964483979591838292e-01
4.000000000000000000e+02 9.988394122448980283e-01 9.984848571428571740e-01
4.050000000000000000e+02 9.992516061224488988e-01 9.990436775510204148e-01
4.100000000000000000e+02 9.980596040816326342e-01 9.988205000000001110e-01
4.150000000000000000e+02 9.971399877551020419e-01 9.983831836734694543e-01
4.200000000000000000e+02 1.000423132653061264e+00 9.968538265306122748e-01
4.250000000000000000e+02 9.992673428571429151e-01 9.981350959183673544e-01
4.300000000000000000e+02 9.993829346938774005e-01 9.976286346938776362e-01
4.350000000000000000e+02 9.977029734693878549e-01 9.994832000000000161e-01
4.400000000000000000e+02 9.993313591836734400e-01 9.977187163265306413e-01
4.450000000000000000e+02 9.992467816326531249e-01 9.988905285714284599e-01
4.500000000000000000e+02 9.989842775510204831e-01 9.982027877551018502e-01
4.550000000000000000e+02 9.994709020408164557e-01 1.000093524489795938e+00
4.600000000000000000e+02 9.998061224489795951e-01 1.000134459183673385e+00
4.650000000000000000e+02 9.986813795918368930e-01 9.988255734693878285e-01
4.700000000000000000e+02 9.980410204081632264e-01 9.987053244897960980e-01
4.750000000000000000e+02 1.001062375510204161e+00 9.999910265306122259e-01
4.800000000000000000e+02 9.997437489795917287e-01 1.000648993877551129e+00
4.850000000000000000e+02 9.975438020408164963e-01 9.978693061224490624e-01
4.900000000000000000e+02 1.000347020408163257e+00 9.983396122448979781e-01
4.950000000000000000e+02 9.999826673469387472e-01 9.980109959183673940e-01
5.000000000000000000e+02 9.992025122448978669e-01 9.998375632653061507e-01
5.050000000000000000e+02 9.999150367346938406e-01 9.991530857142857380e-01
5.100000000000000000e+02 9.994921387755102415e-01 9.980235469387757075e-01
5.150000000000000000e+02 9.987597408163265689e-01 9.990579591836734608e-01
5.200000000000000000e+02 9.992469469387754710e-01 9.979209163265305715e-01
5.250000000000000000e+02 9.986892102040816344e-01 1.000096608163265177e+00
5.300000000000000000e+02 9.986671857142856989e-01 9.990589000000001940e-01
5.350000000000000000e+02 9.991618938775509440e-01 9.990610693877552961e-01
5.400000000000000000e+02 9.992451938775511744e-01 1.000530726530612036e+00
5.450000000000000000e+02 9.985706959183673348e-01 9.991964244897959535e-01
5.500000000000000000e+02 1.000200310204081733e+00 1.000239636734693960e+00
5.550000000000000000e+02 1.001342955102040744e+00 9.976199244897960838e-01
5.600000000000000000e+02 9.998843959183674190e-01 9.996214755102039717e-01
5.650000000000000000e+02 9.993677551020407890e-01 1.000570346938775668e+00
5.700000000000000000e+02 9.997722897959183674e-01 9.980906938775511161e-01
5.750000000000000000e+02 9.991906224489796040e-01 1.000085342857143011e+00
5.800000000000000000e+02 9.979229857142858373e-01 9.998118632653060223e-01
5.850000000000000000e+02 9.992105979591837661e-01 9.986935102040817025e-01
5.900000000000000000e+02 9.981122510204082365e-01 9.985709938775511052e-01
5.950000000000000000e+02 9.988156265306121773e-01 9.996334244897958632e-01
6.000000000000000000e+02 9.989398755102042449e-01 1.000417920408163130e+00
6.050000000000000000e+02 9.981945408163264144e-01 9.996716612244898048e-01
6.100000000000000000e+02 1.000180379591836921e+00 1.000660275510204089e+00
6.150000000000000000e+02 9.996548448979594159e-01 9.996040306122446761e-01
6.200000000000000000e+02 9.991528571428570649e-01 9.996708857142856397e-01
6.250000000000000000e+02 9.990660714285717336e-01 9.990960428571428187e-01
6.300000000000000000e+02 9.999012000000000455e-01 9.993504897959184508e-01
6.350000000000000000e+02 9.995394571428570796e-01 9.995217775510203406e-01
6.400000000000000000e+02 9.999489918367346908e-01 1.001577691836734729e+00
6.450000000000000000e+02 9.991500653061224924e-01 1.000179163265306093e+00
6.500000000000000000e+02 9.979859102040817831e-01 9.984747469387755814e-01
6.550000000000000000e+02 9.999739653061225919e-01 1.000753271428571400e+00
6.600000000000000000e+02 1.001239834693877562e+00 9.993107428571429418e-01
6.650000000000000000e+02 9.988120122448981286e-01 1.000987140816326448e+00
6.700000000000000000e+02 1.000022993877550892e+00 9.995672306122449502e-01
6.750000000000000000e+02 9.995627204081631856e-01 9.988837408163264708e-01
6.800000000000000000e+02 9.974639306122448090e-01 9.995053877551022259e-01
6.850000000000000000e+02 9.999899102040817889e-01 9.976743653061225237e-01
6.900000000000000000e+02 1.000534997959183547e+00 1.000111414285714373e+00
6.950000000000000000e+02 9.982268040816327792e-01 9.989322408163264777e-01
7.000000000000000000e+02 9.999626632653061398e-01 1.000084006122448965e+00
7.050000000000000000e+02 1.001088942857142783e+00 1.000259673469387822e+00
7.100000000000000000e+02 9.983558734693878112e-01 1.001198940816326433e+00
7.150000000000000000e+02 9.990725142857144192e-01 1.000898585714285804e+00
7.200000000000000000e+02 9.989668102040816233e-01 9.997556448979592059e-01
7.250000000000000000e+02 9.983429448979592724e-01 1.000395755102041040e+00
7.300000000000000000e+02 9.996032734693878208e-01 1.000033687755102374e+00
7.350000000000000000e+02 9.983604122448980212e-01 9.998958306122448514e-01
7.400000000000000000e+02 9.988198551020408544e-01 9.993609285714286639e-01
7.450000000000000000e+02 9.998841836734694288e-01 9.990243816326531689e-01
7.500000000000000000e+02 9.990032061224491944e-01 1.001604002040816344e+00
7.550000000000000000e+02 9.989454591836735009e-01 1.000639426530612441e+00
7.600000000000000000e+02 9.992553204081632279e-01 9.998546346938775864e-01
7.650000000000000000e+02 9.995362000000002078e-01 9.995026020408165346e-01
7.700000000000000000e+02 1.000502444897959142e+00 9.993755551020407912e-01
7.750000000000000000e+02 9.971511000000001790e-01 9.997684959183674724e-01
7.800000000000000000e+02 1.000718861224489720e+00 9.986486408163266493e-01
7.850000000000000000e+02 9.996226551020408468e-01 1.001829971428571442e+00
7.900000000000000000e+02 1.000384108163265395e+00 9.999864857142855001e-01
7.950000000000000000e+02 9.986975040816326032e-01 1.001335816326530681e+00
8.000000000000000000e+02 9.993284040816325930e-01 1.000644369387755139e+00
8.050000000000000000e+02 9.988715795918367002e-01 1.000521197959183706e+00
8.100000000000000000e+02 1.000245402040816467e+00 9.987722408163266508e-01
8.150000000000000000e+02 1.000315657142857084e+00 1.000127665306122404e+00
8.200000000000000000e+02 1.000150202040816172e+00 1.001664842857142856e+00
8.250000000000000000e+02 1.001392191836734558e+00 1.000576548979591918e+00
8.300000000000000000e+02 1.000824530612244745e+00 9.980760367346939166e-01
8.350000000000000000e+02 9.982044265306122544e-01 1.000234553061224663e+00
8.400000000000000000e+02 1.000929391836734794e+00 1.000216859183673535e+00
8.450000000000000000e+02 9.993141000000000940e-01 1.000967491836734835e+00
8.500000000000000000e+02 1.001205679591836706e+00 1.000039893877551211e+00
8.550000000000000000e+02 9.992468102040816813e-01 1.000404163265306234e+00
8.600000000000000000e+02 9.999944877551018019e-01 9.995666918367348552e-01
8.650000000000000000e+02 1.000423504081632720e+00 9.995251530612245805e-01
8.700000000000000000e+02 9.991501897959185197e-01 9.994360673469389056e-01
8.750000000000000000e+02 9.990501367346940054e-01 1.000617251020408105e+00
8.800000000000000000e+02 9.975578816326530207e-01 1.000504095918367309e+00
8.850000000000000000e+02 9.989493530612245653e-01 9.993949224489796501e-01
8.900000000000000000e+02 9.982796999999997700e-01 1.002514632653061399e+00
8.950000000000000000e+02 9.999411632653061321e-01 9.985507040816326008e-01
9.000000000000000000e+02 9.997895551020409277e-01 1.000167804081632639e+00
9.050000000000000000e+02 1.000049242857142806e+00 9.992042857142857670e-01
9.100000000000000000e+02 9.987168489795917870e-01 1.000016108163265471e+00
9.150000000000000000e+02 9.983581897959183937e-01 1.000108879591836919e+00
9.200000000000000000e+02 9.992167836734694442e-01 1.000138291836734528e+00
9.250000000000000000e+02 9.995801612244898937e-01 1.000841061224489792e+00
9.300000000000000000e+02 1.001379263265306019e+00 1.000749848979591849e+00
9.350000000000000000e+02 1.000421991836734747e+00 1.000714595918367422e+00
9.400000000000000000e+02 9.994551163265306126e-01 1.000478824489795970e+00
9.450000000000000000e+02 9.994287816326531404e-01 9.997719714285715487e-01
9.500000000000000000e+02 1.000409175510204252e+00 1.001782161224489931e+00
9.550000000000000000e+02 9.987556857142856348e-01 9.992878510204082909e-01
9.600000000000000000e+02 9.989178040816326654e-01 1.000437104081632667e+00
9.650000000000000000e+02 9.994818000000001978e-01 1.000945197959183686e+00
9.700000000000000000e+02 1.000629748979591893e+00 1.000307955102040847e+00
9.750000000000000000e+02 9.992389142857142081e-01 9.999134489795917791e-01
9.800000000000000000e+02 1.000883283673469570e+00 1.001382830612244978e+00
9.850000000000000000e+02 1.000112528571428738e+00 9.997063979591838123e-01
9.900000000000000000e+02 9.995435918367346906e-01 1.000311565306122308e+00
9.950000000000000000e+02 9.987743795918367917e-01 9.993671571428570655e-01
