0.000000000000000000e+00 3.642857142857142821e-02 3.642857142857142821e-02
5.000000000000000000e+00 9.825211428571428707e-01 9.874231530612245233e-01
1.000000000000000000e+01 9.866858122448979307e-01 9.894589244897959990e-01
1.500000000000000000e+01 9.872031428571428346e-01 9.897131653061224110e-01
2.000000000000000000e+01 9.882295489795918098e-01 9.894960000000001532e-01
2.500000000000000000e+01 9.906768714285714150e-01 9.912917408163265387e-01
3.000000000000000000e+01 9.888755591836735359e-01 9.919419755102041325e-01
3.500000000000000000e+01 9.900601510204081190e-01 9.922818061224489838e-01
4.000000000000000000e+01 9.911224612244897703e-01 9.943767571428571150e-01
4.500000000000000000e+01 9.908918897959185790e-01 9.940736265306121533e-01
5.000000000000000000e+01 9.918366387755102043e-01 9.943089673469387435e-01
5.500000000000000000e+01 9.918172387755103125e-01 9.916277551020409309e-01
6.000000000000000000e+01 9.932243551020409900e-01 9.932279244897959103e-01
6.500000000000000000e+01 9.929572999999999317e-01 9.942387979591836844e-01
7.000000000000000000e+01 9.921162285714284490e-01 9.942465122448981285e-01
7.500000000000000000e+01 9.944865755102041405e-01 9.928778408163265734e-01
8.000000000000000000e+01 9.924407979591837181e-01 9.929400142857144340e-01
8.500000000000000000e+01 9.944300510204080457e-01 9.945387877551020717e-01
9.000000000000000000e+01 9.940249816326529597e-01 9.948350755102041143e-01
9.500000000000000000e+01 9.949452224489796492e-01 9.934721857142857493e-01
1.000000000000000000e+02 9.946464204081634231e-01 9.944093326530613064e-01
1.050000000000000000e+02 9.945203244897961037e-01 9.938578959183672623e-01
1.100000000000000000e+02 9.946543428571429368e-01 9.957610387755103654e-01
1.150000000000000000e+02 9.951589040816328779e-01 9.940601755102042025e-01
1.200000000000000000e+02 9.938597244897959815e-01 9.956976571428570733e-01
1.250000000000000000e+02 9.950025612244900453e-01 9.944697142857142902e-01
1.300000000000000000e+02 9.955260346938775706e-01 9.944765877551020594e-01
1.350000000000000000e+02 9.953590959183673537e-01 9.953820714285713800e-01
1.400000000000000000e+02 9.938135204081632867e-01 9.954655326530611470e-01
1.450000000000000000e+02 9.943994142857144336e-01 9.965042489795917779e-01
1.500000000000000000e+02 9.965867367346940009e-01 9.949799816326529989e-01
1.550000000000000000e+02 9.963645244897959552e-01 9.960966408163267616e-01
1.600000000000000000e+02 9.961380020408163727e-01 9.953716612244898343e-01
1.650000000000000000e+02 9.979121734693876533e-01 9.962258632653062662e-01
1.700000000000000000e+02 9.972558857142856947e-01 9.953554122448979857e-01
1.750000000000000000e+02 9.964995244897958404e-01 9.949402244897959102e-01
1.800000000000000000e+02 9.966096428571427079e-01 9.948488448979592169e-01
1.850000000000000000e+02 9.980655061224490421e-01 9.947561081632653179e-01
1.900000000000000000e+02 9.969487367346939743e-01 9.935605081632654656e-01
1.950000000000000000e+02 9.961962857142857564e-01 9.955581367346939548e-01
2.000000000000000000e+02 9.964790469387756477e-01 9.957240204081632129e-01
2.050000000000000000e+02 9.985778571428571837e-01 9.964315163265305975e-01
2.100000000000000000e+02 9.959437673469387908e-01 9.949813979591837221e-01
2.150000000000000000e+02 9.969057244897958636e-01 9.962935714285716671e-01
2.200000000000000000e+02 9.983448448979592715e-01 9.960169999999999302e-01
2.250000000000000000e+02 9.970353000000000687e-01 9.968865938775509639e-01
2.300000000000000000e+02 9.967236979591836965e-01 9.952668224489796822e-01
2.350000000000000000e+02 9.967900591836734714e-01 9.961255387755102442e-01
2.400000000000000000e+02 9.961652448979594343e-01 9.968208673469387548e-01
2.450000000000000000e+02 9.961822183673468833e-01 9.972971061224489286e-01
2.500000000000000000e+02 9.969404204081634413e-01 9.957303306122451403e-01
2.550000000000000000e+02 9.966123448979592458e-01 9.969363510204081180e-01
2.600000000000000000e+02 9.959820306122448841e-01 9.988551571428571085e-01
2.650000000000000000e+02 9.964454857142858168e-01 9.966046489795920005e-01
2.700000000000000000e+02 9.961031000000002411e-01 9.954730653061224510e-01
2.750000000000000000e+02 9.961859551020406656e-01 9.965875204081633409e-01
2.800000000000000000e+02 9.960554020408164400e-01 9.968519387755101491e-01
2.850000000000000000e+02 9.966641285714284981e-01 9.972964673469389973e-01
2.900000000000000000e+02 9.961290653061224409e-01 9.964530224489797083e-01
2.950000000000000000e+02 9.962592163265305834e-01 9.956993020408164696e-01
3.000000000000000000e+02 9.978559877551023138e-01 9.955046387755102089e-01
3.050000000000000000e+02 9.963814346938775213e-01 9.980999510204083824e-01
3.100000000000000000e+02 9.979774897959183821e-01 9.963554326530614791e-01
3.150000000000000000e+02 9.963053469387755934e-01 9.979133979591837678e-01
3.200000000000000000e+02 9.991823530612243820e-01 9.971822326530611624e-01
3.250000000000000000e+02 9.974129816326531284e-01 9.975640591836734128e-01
3.300000000000000000e+02 9.989770551020409339e-01 9.990640612244897634e-01
3.350000000000000000e+02 9.983920020408163509e-01 9.971614428571428101e-01
3.400000000000000000e+02 9.994188000000001626e-01 9.975712632653059853e-01
3.450000000000000000e+02 9.980255306122449710e-01 9.968821510204082248e-01
3.500000000000000000e+02 9.975134163265305665e-01 9.985566102040817071e-01
3.550000000000000000e+02 9.985029142857143603e-01 9.962471632653061571e-01
3.600000000000000000e+02 9.987631224489795789e-01 9.979511469387754019e-01
3.650000000000000000e+02 9.979773918367348395e-01 9.971828204081631952e-01
3.700000000000000000e+02 9.988134775510202346e-01 9.981387918367348178e-01
3.750000000000000000e+02 9.980933061224488423e-01 9.986709408163265689e-01
3.800000000000000000e+02 9.992941816326531557e-01 1.000102375510204089e+00
3.850000000000000000e+02 9.984285387755104102e-01 9.983427530612244416e-01
3.900000000000000000e+02 9.992972938775510627e-01 9.995374183673468860e-01
3.950000000000000000e+02 9.982629142857142313e-01 9.964483979591838292e-01
4.000000000000000000e+02 9.985042510204081845e-01 9.984848571428571740e-01
4.050000000000000000e+02 9.984489571428571963e-01 9.990436775510204148e-01
4.100000000000000000e+02 9.998022163265304352e-01 9.988205000000001110e-01
4.150000000000000000e+02 9.970473244897959386e-01 9.983831836734694543e-01
4.200000000000000000e+02 9.979203612244897936e-01 9.968538265306122748e-01
4.250000000000000000e+02 9.983332510204080412e-01 9.981350959183673544e-01
4.300000000000000000e+02 9.993812836734694560e-01 9.976286346938776362e-01
4.350000000000000000e+02 9.969030918367346450e-01 9.994832000000000161e-01
4.400000000000000000e+02 9.997329510204083780e-01 9.977187163265306413e-01
4.450000000000000000e+02 9.982201551020409847e-01 9.988905285714284599e-01
4.500000000000000000e+02 9.990839938775512019e-01 9.982027877551018502e-01
4.550000000000000000e+02 9.983600938775512024e-01 1.000093524489795938e+00
4.600000000000000000e+02 9.965248857142858796e-01 1.000134459183673385e+00
4.650000000000000000e+02 9.985389102040815867e-01 9.988255734693878285e-01
4.700000000000000000e+02 9.987831734693874974e-01 9.987053244897960980e-01
4.750000000000000000e+02 9.981382755102041759e-01 9.999910265306122259e-01
4.800000000000000000e+02 9.989655755102043733e-01 1.000648993877551129e+00
4.850000000000000000e+02 9.999724387755103416e-01 9.978693061224490624e-01
4.900000000000000000e+02 9.997259877551021301e-01 9.983396122448979781e-01
4.950000000000000000e+02 9.998808959183674849e-01 9.980109959183673940e-01
5.000000000000000000e+02 9.983025673469387851e-01 9.998375632653061507e-01
5.050000000000000000e+02 9.984633428571427771e-01 9.991530857142857380e-01
5.100000000000000000e+02 9.985135408163265947e-01 9.980235469387757075e-01
5.150000000000000000e+02 9.998803612244898664e-01 9.990579591836734608e-01
5.200000000000000000e+02 9.992816979591838678e-01 9.979209163265305715e-01
5.250000000000000000e+02 9.992233877551021104e-01 1.000096608163265177e+00
5.300000000000000000e+02 1.000169940816326486e+00 9.990589000000001940e-01
5.350000000000000000e+02 9.985815999999999582e-01 9.990610693877552961e-01
5.400000000000000000e+02 9.994193530612245358e-01 1.000530726530612036e+00
5.450000000000000000e+02 9.991099326530614722e-01 9.991964244897959535e-01
5.500000000000000000e+02 9.996878346938775639e-01 1.000239636734693960e+00
5.550000000000000000e+02 9.997553346938776730e-01 9.976199244897960838e-01
5.600000000000000000e+02 1.000575369387755043e+00 9.996214755102039717e-01
5.650000000000000000e+02 9.983820918367346531e-01 1.000570346938775668e+00
5.700000000000000000e+02 1.000055148979591912e+00 9.980906938775511161e-01
5.750000000000000000e+02 9.989738265306122855e-01 1.000085342857143011e+00
5.800000000000000000e+02 1.000445565306122386e+00 9.998118632653060223e-01
5.850000000000000000e+02 9.993921530612244197e-01 9.986935102040817025e-01
5.900000000000000000e+02 1.000186099999999856e+00 9.985709938775511052e-01
5.950000000000000000e+02 9.998898244897960197e-01 9.996334244897958632e-01
6.000000000000000000e+02 9.997078673469388388e-01 1.000417920408163130e+00
6.050000000000000000e+02 1.000126610204081556e+00 9.996716612244898048e-01
6.100000000000000000e+02 1.000226034693877608e+00 1.000660275510204089e+00
6.150000000000000000e+02 1.000908797959183749e+00 9.996040306122446761e-01
6.200000000000000000e+02 9.990084387755102657e-01 9.996708857142856397e-01
6.250000000000000000e+02 9.995451163265306471e-01 9.990960428571428187e-01
6.300000000000000000e+02 9.997514061224490600e-01 9.993504897959184508e-01
6.350000000000000000e+02 1.000107683673469250e+00 9.995217775510203406e-01
6.400000000000000000e+02 9.999204836734693069e-01 1.001577691836734729e+00
6.450000000000000000e+02 1.000149132653061157e+00 1.000179163265306093e+00
6.500000000000000000e+02 1.000069936734693687e+00 9.984747469387755814e-01
6.550000000000000000e+02 9.991496510204083137e-01 1.000753271428571400e+00
6.600000000000000000e+02 9.972332979591836954e-01 9.993107428571429418e-01
6.650000000000000000e+02 1.000725551020408499e+00 1.000987140816326448e+00
6.700000000000000000e+02 1.000373032653061101e+00 9.995672306122449502e-01
6.750000000000000000e+02 1.000668324489795813e+00 9.988837408163264708e-01
6.800000000000000000e+02 9.992946142857143110e-01 9.995053877551022259e-01
6.850000000000000000e+02 9.993623755102041262e-01 9.976743653061225237e-01
6.900000000000000000e+02 9.994123653061224299e-01 1.000111414285714373e+00
6.950000000000000000e+02 9.990260551020408997e-01 9.989322408163264777e-01
7.000000000000000000e+02 1.000066922448979545e+00 1.000084006122448965e+00
7.050000000000000000e+02 9.990700428571429592e-01 1.000259673469387822e+00
7.100000000000000000e+02 1.000752177551020417e+00 1.001198940816326433e+00
7.150000000000000000e+02 9.998154081632654178e-01 1.000898585714285804e+00
7.200000000000000000e+02 1.000404761224489736e+00 9.997556448979592059e-01
7.250000000000000000e+02 9.973162183673469627e-01 1.000395755102041040e+00
7.300000000000000000e+02 9.993144326530611909e-01 1.000033687755102374e+00
7.350000000000000000e+02 9.994366387755100334e-01 9.998958306122448514e-01
7.400000000000000000e+02 9.994322571428572166e-01 9.993609285714286639e-01
7.450000000000000000e+02 1.000670034693877275e+00 9.990243816326531689e-01
7.500000000000000000e+02 1.000355214285714167e+00 1.001604002040816344e+00
7.550000000000000000e+02 9.992791632653060807e-01 1.000639426530612441e+00
7.600000000000000000e+02 1.000000126530612210e+00 9.998546346938775864e-01
7.650000000000000000e+02 9.989620591836734231e-01 9.995026020408165346e-01
7.700000000000000000e+02 1.000849559183673687e+00 9.993755551020407912e-01
7.750000000000000000e+02 1.000221381632653284e+00 9.997684959183674724e-01
7.800000000000000000e+02 9.991395306122449194e-01 9.986486408163266493e-01
7.850000000000000000e+02 9.997375836734694321e-01 1.001829971428571442e+00
7.900000000000000000e+02 9.994473551020407465e-01 9.999864857142855001e-01
7.950000000000000000e+02 9.991734163265306723e-01 1.001335816326530681e+00
8.000000000000000000e+02 9.981432734693876929e-01 1.000644369387755139e+00
8.050000000000000000e+02 9.981405204081632565e-01 1.000521197959183706e+00
8.100000000000000000e+02 9.998264999999999514e-01 9.987722408163266508e-01
8.150000000000000000e+02 9.996100551020410396e-01 1.000127665306122404e+00
8.200000000000000000e+02 9.991834571428570566e-01 1.001664842857142856e+00
8.250000000000000000e+02 9.998782469387755834e-01 1.000576548979591918e+00
8.300000000000000000e+02 1.000314610204081633e+00 9.980760367346939166e-01
8.350000000000000000e+02 9.998637918367346833e-01 1.000234553061224663e+00
8.400000000000000000e+02 9.992203918367348336e-01 1.000216859183673535e+00
8.450000000000000000e+02 1.000724051020408290e+00 1.000967491836734835e+00
8.500000000000000000e+02 9.986084653061226835e-01 1.000039893877551211e+00
8.550000000000000000e+02 1.001411206122449160e+00 1.000404163265306234e+00
8.600000000000000000e+02 1.000161975510204027e+00 9.995666918367348552e-01
8.650000000000000000e+02 1.001332602040816422e+00 9.995251530612245805e-01
8.700000000000000000e+02 9.998741632653060929e-01 9.994360673469389056e-01
8.750000000000000000e+02 9.994535918367347671e-01 1.000617251020408105e+00
8.800000000000000000e+02 9.990880857142856453e-01 1.000504095918367309e+00
8.850000000000000000e+02 9.974178489795919589e-01 9.993949224489796501e-01
8.900000000000000000e+02 9.995533408163266298e-01 1.002514632653061399e+00
8.950000000000000000e+02 9.984054857142858896e-01 9.985507040816326008e-01
9.000000000000000000e+02 9.996593020408163222e-01 1.000167804081632639e+00
9.050000000000000000e+02 9.979744408163264691e-01 9.992042857142857670e-01
9.100000000000000000e+02 9.982740795918367827e-01 1.000016108163265471e+00
9.150000000000000000e+02 9.987058469387756210e-01 1.000108879591836919e+00
9.200000000000000000e+02 9.993128775510203843e-01 1.000138291836734528e+00
9.250000000000000000e+02 9.989535551020407578e-01 1.000841061224489792e+00
9.300000000000000000e+02 1.001481359183673536e+00 1.000749848979591849e+00
9.350000000000000000e+02 9.990912102040816478e-01 1.000714595918367422e+00
9.400000000000000000e+02 1.000526385714285649e+00 1.000478824489795970e+00
9.450000000000000000e+02 1.000326779591836912e+00 9.997719714285715487e-01
9.500000000000000000e+02 9.984031183673469645e-01 1.001782161224489931e+00
9.550000000000000000e+02 9.990641816326532032e-01 9.992878510204082909e-01
9.600000000000000000e+02 1.001016514285714143e+00 1.000437104081632667e+00
9.650000000000000000e+02 9.999719877551020986e-01 1.000945197959183686e+00
9.700000000000000000e+02 9.992565918367347644e-01 1.000307955102040847e+00
9.750000000000000000e+02 9.995188387755102877e-01 9.999134489795917791e-01
9.800000000000000000e+02 9.994605489795919118e-01 1.001382830612244978e+00
9.850000000000000000e+02 9.998904326530613229e-01 9.997063979591838123e-01
9.900000000000000000e+02 9.998665489795917072e-01 1.000311565306122308e+00
9.950000000000000000e+02 9.993735714285716387e-01 9.993671571428570655e-01
