0.000000000000000000e+00 3.642857142857142821e-02 3.642857142857142821e-02
5.000000000000000000e+00 9.905730999999999842e-01 9.874231530612245233e-01
1.000000000000000000e+01 9.935377959183673280e-01 9.894589244897959990e-01
1.500000000000000000e+01 9.929659469387756010e-01 9.897131653061224110e-01
2.000000000000000000e+01 9.954881734693877826e-01 9.894960000000001532e-01
2.500000000000000000e+01 9.945755020408162395e-01 9.912917408163265387e-01
3.000000000000000000e+01 9.951145734693879197e-01 9.919419755102041325e-01
3.500000000000000000e+01 9.955503081632652851e-01 9.922818061224489838e-01
4.000000000000000000e+01 9.958254081632654797e-01 9.943767571428571150e-01
4.500000000000000000e+01 9.965617061224488760e-01 9.940736265306121533e-01
5.000000000000000000e+01 9.968241959183675727e-01 9.943089673469387435e-01
5.500000000000000000e+01 9.968482102040816528e-01 9.916277551020409309e-01
6.000000000000000000e+01 9.983203326530614152e-01 9.932279244897959103e-01
6.500000000000000000e+01 9.979190326530613664e-01 9.942387979591836844e-01
7.000000000000000000e+01 9.968812489795917386e-01 9.942465122448981285e-01
7.500000000000000000e+01 9.979205265306122508e-01 9.928778408163265734e-01
8.000000000000000000e+01 9.972808795918368663e-01 9.929400142857144340e-01
8.500000000000000000e+01 9.966445979591836979e-01 9.945387877551020717e-01
9.000000000000000000e+01 9.961876755102043735e-01 9.948350755102041143e-01
9.500000000000000000e+01 9.980377448979593780e-01 9.934721857142857493e-01
1.000000000000000000e+02 9.996346734693879466e-01 9.944093326530613064e-01
1.050000000000000000e+02 9.975427061224489966e-01 9.938578959183672623e-01
1.100000000000000000e+02 9.981866979591836886e-01 9.957610387755103654e-01
1.150000000000000000e+02 9.976726224489796957e-01 9.940601755102042025e-01
1.200000000000000000e+02 9.970556979591836955e-01 9.956976571428570733e-01
1.250000000000000000e+02 9.973547163265304993e-01 9.944697142857142902e-01
1.300000000000000000e+02 9.959079102040815368e-01 9.944765877551020594e-01
1.350000000000000000e+02 9.975492530612244391e-01 9.953820714285713800e-01
1.400000000000000000e+02 9.984274306122449261e-01 9.954655326530611470e-01
1.450000000000000000e+02 9.982495326530610447e-01 9.965042489795917779e-01
1.500000000000000000e+02 9.973777428571430903e-01 9.949799816326529989e-01
1.550000000000000000e+02 9.986571306122449254e-01 9.960966408163267616e-01
1.600000000000000000e+02 9.989456673469389036e-01 9.953716612244898343e-01
1.650000000000000000e+02 9.988618163265308159e-01 9.962258632653062662e-01
1.700000000000000000e+02 9.973035693877552177e-01 9.953554122448979857e-01
1.750000000000000000e+02 9.974267653061223982e-01 9.949402244897959102e-01
1.800000000000000000e+02 9.986697102040817953e-01 9.948488448979592169e-01
1.850000000000000000e+02 9.971834938775512303e-01 9.947561081632653179e-01
1.900000000000000000e+02 9.988814428571428650e-01 9.935605081632654656e-01
1.950000000000000000e+02 9.978451142857143186e-01 9.955581367346939548e-01
2.000000000000000000e+02 9.991834510204082864e-01 9.957240204081632129e-01
2.050000000000000000e+02 9.972735265306121866e-01 9.964315163265305975e-01
2.100000000000000000e+02 9.980849653061225624e-01 9.949813979591837221e-01
2.150000000000000000e+02 9.989324571428573885e-01 9.962935714285716671e-01
2.200000000000000000e+02 9.991652836734692400e-01 9.960169999999999302e-01
2.250000000000000000e+02 9.992579428571428668e-01 9.968865938775509639e-01
2.300000000000000000e+02 9.993909122448979554e-01 9.952668224489796822e-01
2.350000000000000000e+02 9.986908653061223884e-01 9.961255387755102442e-01
2.400000000000000000e+02 9.980416918367346346e-01 9.968208673469387548e-01
2.450000000000000000e+02 9.975802591836735456e-01 9.972971061224489286e-01
2.500000000000000000e+02 9.992271244897960036e-01 9.957303306122451403e-01
2.550000000000000000e+02 9.995434244897959397e-01 9.969363510204081180e-01
2.600000000000000000e+02 9.979766816326529622e-01 9.988551571428571085e-01
2.650000000000000000e+02 9.997363551020408412e-01 9.966046489795920005e-01
2.700000000000000000e+02 9.995463693877552069e-01 9.954730653061224510e-01
2.750000000000000000e+02 9.990886408163264232e-01 9.965875204081633409e-01
2.800000000000000000e+02 9.983411346938776409e-01 9.968519387755101491e-01
2.850000000000000000e+02 9.986372734693877984e-01 9.972964673469389973e-01
2.900000000000000000e+02 9.976727530612243822e-01 9.964530224489797083e-01
2.950000000000000000e+02 9.993152408163264999e-01 9.956993020408164696e-01
3.000000000000000000e+02 9.984294897959185011e-01 9.955046387755102089e-01
3.050000000000000000e+02 9.982254551020407485e-01 9.980999510204083824e-01
3.100000000000000000e+02 1.000693124489795860e+00 9.963554326530614791e-01
3.150000000000000000e+02 9.987570387755102530e-01 9.979133979591837678e-01
3.200000000000000000e+02 9.986400632653061882e-01 9.971822326530611624e-01
3.250000000000000000e+02 1.000076389795918397e+00 9.975640591836734128e-01
3.300000000000000000e+02 9.997364775510206858e-01 9.990640612244897634e-01
3.350000000000000000e+02 9.975399061224490271e-01 9.971614428571428101e-01
3.400000000000000000e+02 9.987657551020407976e-01 9.975712632653059853e-01
3.450000000000000000e+02 9.988073755102039319e-01 9.968821510204082248e-01
3.500000000000000000e+02 9.995871000000000617e-01 9.985566102040817071e-01
3.550000000000000000e+02 9.994439999999998880e-01 9.962471632653061571e-01
3.600000000000000000e+02 9.996497571428571982e-01 9.979511469387754019e-01
3.650000000000000000e+02 9.997556979591836201e-01 9.971828204081631952e-01
3.700000000000000000e+02 1.000130385714285586e+00 9.981387918367348178e-01
3.750000000000000000e+02 9.988777265306122422e-01 9.986709408163265689e-01
3.800000000000000000e+02 9.995604448979593659e-01 1.000102375510204089e+00
3.850000000000000000e+02 9.988112367346939635e-01 9.983427530612244416e-01
3.900000000000000000e+02 1.000997181632653277e+00 9.995374183673468860e-01
3.950000000000000000e+02 9.978101306122451053e-01 9.964483979591838292e-01
4.000000000000000000e+02 1.000242610204081561e+00 9.984848571428571740e-01
4.050000000000000000e+02 9.982207367346939142e-01 9.990436775510204148e-01
4.100000000000000000e+02 1.000524659183673393e+00 9.988205000000001110e-01
4.150000000000000000e+02 9.993674061224492311e-01 9.983831836734694543e-01
4.200000000000000000e+02 1.001137844897959317e+00 9.968538265306122748e-01
4.250000000000000000e+02 9.990258102040817656e-01 9.981350959183673544e-01
4.300000000000000000e+02 9.999649224489797206e-01 9.976286346938776362e-01
4.350000000000000000e+02 9.987315673469387978e-01 9.994832000000000161e-01
4.400000000000000000e+02 9.995840734693878238e-01 9.977187163265306413e-01
4.450000000000000000e+02 9.997949510204081625e-01 9.988905285714284599e-01
4.500000000000000000e+02 1.000606104081632530e+00 9.982027877551018502e-01
4.550000000000000000e+02 9.993934673469387908e-01 1.000093524489795938e+00
4.600000000000000000e+02 1.000024220408163078e+00 1.000134459183673385e+00
4.650000000000000000e+02 9.982760000000000522e-01 9.988255734693878285e-01
4.700000000000000000e+02 1.000229338775510346e+00 9.987053244897960980e-01
4.750000000000000000e+02 9.995605469387754960e-01 9.999910265306122259e-01
4.800000000000000000e+02 9.985390122448979389e-01 1.000648993877551129e+00
4.850000000000000000e+02 9.981761897959182672e-01 9.978693061224490624e-01
4.900000000000000000e+02 1.000426079591836714e+00 9.983396122448979781e-01
4.950000000000000000e+02 9.978317142857143773e-01 9.980109959183673940e-01
5.000000000000000000e+02 9.993219795918367732e-01 9.998375632653061507e-01
5.050000000000000000e+02 9.987670632653061764e-01 9.991530857142857380e-01
5.100000000000000000e+02 1.000037822448979652e+00 9.980235469387757075e-01
5.150000000000000000e+02 9.993371836734693536e-01 9.990579591836734608e-01
5.200000000000000000e+02 9.998503734693876543e-01 9.979209163265305715e-01
5.250000000000000000e+02 9.987601591836734460e-01 1.000096608163265177e+00
5.300000000000000000e+02 9.990016142857143233e-01 9.990589000000001940e-01
5.350000000000000000e+02 9.964519367346940104e-01 9.990610693877552961e-01
5.400000000000000000e+02 1.000687693877551077e+00 1.000530726530612036e+00
5.450000000000000000e+02 9.982934857142857776e-01 9.991964244897959535e-01
5.500000000000000000e+02 1.000032144897959219e+00 1.000239636734693960e+00
5.550000000000000000e+02 9.986143632653062818e-01 9.976199244897960838e-01
5.600000000000000000e+02 1.000317238775510154e+00 9.996214755102039717e-01
5.650000000000000000e+02 9.990863183673468484e-01 1.000570346938775668e+00
5.700000000000000000e+02 1.000565706122449106e+00 9.980906938775511161e-01
5.750000000000000000e+02 9.984814653061226952e-01 1.000085342857143011e+00
5.800000000000000000e+02 1.001142228571428650e+00 9.998118632653060223e-01
5.850000000000000000e+02 1.001161491836734641e+00 9.986935102040817025e-01
5.900000000000000000e+02 9.993380551020409897e-01 9.985709938775511052e-01
5.950000000000000000e+02 9.981183367346939672e-01 9.996334244897958632e-01
6.000000000000000000e+02 9.995925734693879017e-01 1.000417920408163130e+00
6.050000000000000000e+02 9.988124285714284900e-01 9.996716612244898048e-01
6.100000000000000000e+02 1.000271651020408159e+00 1.000660275510204089e+00
6.150000000000000000e+02 9.985146755102041194e-01 9.996040306122446761e-01
6.200000000000000000e+02 9.997905000000001374e-01 9.996708857142856397e-01
6.250000000000000000e+02 1.000063483673469422e+00 9.990960428571428187e-01
6.300000000000000000e+02 9.996326469387755154e-01 9.993504897959184508e-01
6.350000000000000000e+02 9.996557285714284813e-01 9.995217775510203406e-01
6.400000000000000000e+02 9.987271040816325662e-01 1.001577691836734729e+00
6.450000000000000000e+02 9.996842367346939762e-01 1.000179163265306093e+00
6.500000000000000000e+02 9.994976285714287645e-01 9.984747469387755814e-01
6.550000000000000000e+02 1.000165422448979546e+00 1.000753271428571400e+00
6.600000000000000000e+02 9.992159285714287131e-01 9.993107428571429418e-01
6.650000000000000000e+02 9.998306163265306967e-01 1.000987140816326448e+00
6.700000000000000000e+02 9.979991673469388314e-01 9.995672306122449502e-01
6.750000000000000000e+02 1.000393657142857107e+00 9.988837408163264708e-01
6.800000000000000000e+02 1.000054063265306326e+00 9.995053877551022259e-01
6.850000000000000000e+02 9.998715346938776838e-01 9.976743653061225237e-01
6.900000000000000000e+02 1.000719487755102000e+00 1.000111414285714373e+00
6.950000000000000000e+02 1.000123991836734616e+00 9.989322408163264777e-01
7.000000000000000000e+02 9.987949857142858212e-01 1.000084006122448965e+00
7.050000000000000000e+02 9.989440244897960230e-01 1.000259673469387822e+00
7.100000000000000000e+02 9.996392999999998974e-01 1.001198940816326433e+00
7.150000000000000000e+02 9.997525489795918707e-01 1.000898585714285804e+00
7.200000000000000000e+02 1.000272620408163338e+00 9.997556448979592059e-01
7.250000000000000000e+02 1.000332585714285738e+00 1.000395755102041040e+00
7.300000000000000000e+02 9.991994979591837245e-01 1.000033687755102374e+00
7.350000000000000000e+02 1.000073526530612211e+00 9.998958306122448514e-01
7.400000000000000000e+02 9.996855489795919425e-01 9.993609285714286639e-01
7.450000000000000000e+02 1.000482022448979658e+00 9.990243816326531689e-01
7.500000000000000000e+02 9.991766408163267332e-01 1.001604002040816344e+00
7.550000000000000000e+02 1.000545418367347228e+00 1.000639426530612441e+00
7.600000000000000000e+02 9.996362551020409049e-01 9.998546346938775864e-01
7.650000000000000000e+02 9.995619734693880210e-01 9.995026020408165346e-01
7.700000000000000000e+02 9.978647938775511150e-01 9.993755551020407912e-01
7.750000000000000000e+02 9.998175877551018775e-01 9.997684959183674724e-01
7.800000000000000000e+02 9.980616836734693686e-01 9.986486408163266493e-01
7.850000000000000000e+02 9.983999836734692712e-01 1.001829971428571442e+00
7.900000000000000000e+02 9.999969040816326649e-01 9.999864857142855001e-01
7.950000000000000000e+02 9.996319510204081382e-01 1.001335816326530681e+00
8.000000000000000000e+02 9.999494346938775369e-01 1.000644369387755139e+00
8.050000000000000000e+02 9.993694551020408934e-01 1.000521197959183706e+00
8.100000000000000000e+02 1.000469148979592049e+00 9.987722408163266508e-01
8.150000000000000000e+02 9.985778551020407789e-01 1.000127665306122404e+00
8.200000000000000000e+02 9.986925775510204772e-01 1.001664842857142856e+00
8.250000000000000000e+02 9.987846755102042229e-01 1.000576548979591918e+00
8.300000000000000000e+02 9.997383367346938110e-01 9.980760367346939166e-01
8.350000000000000000e+02 9.987882244897960948e-01 1.000234553061224663e+00
8.400000000000000000e+02 9.986542938775511136e-01 1.000216859183673535e+00
8.450000000000000000e+02 9.993959755102042042e-01 1.000967491836734835e+00
8.500000000000000000e+02 9.993176897959183957e-01 1.000039893877551211e+00
8.550000000000000000e+02 9.996921387755103305e-01 1.000404163265306234e+00
8.600000000000000000e+02 9.998674346938776214e-01 9.995666918367348552e-01
8.650000000000000000e+02 9.999821183673468505e-01 9.995251530612245805e-01
8.700000000000000000e+02 1.000010508163265310e+00 9.994360673469389056e-01
8.750000000000000000e+02 1.001483440816326675e+00 1.000617251020408105e+00
8.800000000000000000e+02 9.995460632653061506e-01 1.000504095918367309e+00
8.850000000000000000e+02 9.996740836734694380e-01 9.993949224489796501e-01
8.900000000000000000e+02 9.996429163265305728e-01 1.002514632653061399e+00
8.950000000000000000e+02 9.995015836734696402e-01 9.985507040816326008e-01
9.000000000000000000e+02 9.987125999999999504e-01 1.000167804081632639e+00
9.050000000000000000e+02 1.000336277551020503e+00 9.992042857142857670e-01
9.100000000000000000e+02 9.991792959183675160e-01 1.000016108163265471e+00
9.150000000000000000e+02 1.000255363265306174e+00 1.000108879591836919e+00
9.200000000000000000e+02 1.000696638775510294e+00 1.000138291836734528e+00
9.250000000000000000e+02 9.993993938775510566e-01 1.000841061224489792e+00
9.300000000000000000e+02 9.997307020408163769e-01 1.000749848979591849e+00
9.350000000000000000e+02 9.994933530612245542e-01 1.000714595918367422e+00
9.400000000000000000e+02 9.982263448979594722e-01 1.000478824489795970e+00
9.450000000000000000e+02 1.001117112244898077e+00 9.997719714285715487e-01
9.500000000000000000e+02 1.000328844897959257e+00 1.001782161224489931e+00
9.550000000000000000e+02 9.984465918367346760e-01 9.992878510204082909e-01
9.600000000000000000e+02 1.001201600000000136e+00 1.000437104081632667e+00
9.650000000000000000e+02 1.001746228571428698e+00 1.000945197959183686e+00
9.700000000000000000e+02 1.000564663265306020e+00 1.000307955102040847e+00
9.750000000000000000e+02 1.000149220408163453e+00 9.999134489795917791e-01
9.800000000000000000e+02 1.000056063265306161e+00 1.001382830612244978e+00
9.850000000000000000e+02 9.989067857142857054e-01 9.997063979591838123e-01
9.900000000000000000e+02 9.979975673469387853e-01 1.000311565306122308e+00
9.950000000000000000e+02 1.001338024489796030e+00 9.993671571428570655e-01
