0.000000000000000000e+00 3.642857142857142821e-02 3.642857142857142821e-02
5.000000000000000000e+00 9.856379448979593061e-01 9.874231530612245233e-01
1.000000000000000000e+01 9.888766448979593449e-01 9.894589244897959990e-01
1.500000000000000000e+01 9.887438897959184292e-01 9.897131653061224110e-01
2.000000000000000000e+01 9.895348163265307306e-01 9.894960000000001532e-01
2.500000000000000000e+01 9.905634204081632532e-01 9.912917408163265387e-01
3.000000000000000000e+01 9.922868653061225341e-01 9.919419755102041325e-01
3.500000000000000000e+01 9.893122795918367629e-01 9.922818061224489838e-01
4.000000000000000000e+01 9.931377306122449733e-01 9.943767571428571150e-01
4.500000000000000000e+01 9.913805102040816886e-01 9.940736265306121533e-01
5.000000000000000000e+01 9.929555285714286583e-01 9.943089673469387435e-01
5.500000000000000000e+01 9.929874387755102116e-01 9.916277551020409309e-01
6.000000000000000000e+01 9.940235183673470365e-01 9.932279244897959103e-01
6.500000000000000000e+01 9.918162000000000367e-01 9.942387979591836844e-01
7.000000000000000000e+01 9.940207979591836329e-01 9.942465122448981285e-01
7.500000000000000000e+01 9.920343673469387280e-01 9.928778408163265734e-01
8.000000000000000000e+01 9.936097183673469058e-01 9.929400142857144340e-01
8.500000000000000000e+01 9.956119857142857743e-01 9.945387877551020717e-01
9.000000000000000000e+01 9.951578571428572051e-01 9.948350755102041143e-01
9.500000000000000000e+01 9.950474653061226471e-01 9.934721857142857493e-01
1.000000000000000000e+02 9.940190020408163907e-01 9.944093326530613064e-01
1.050000000000000000e+02 9.933212836734695017e-01 9.938578959183672623e-01
1.100000000000000000e+02 9.943473816326531267e-01 9.957610387755103654e-01
1.150000000000000000e+02 9.947270326530613938e-01 9.940601755102042025e-01
1.200000000000000000e+02 9.961094979591837983e-01 9.956976571428570733e-01
1.250000000000000000e+02 9.955980632653063100e-01 9.944697142857142902e-01
1.300000000000000000e+02 9.950257551020410540e-01 9.944765877551020594e-01
1.350000000000000000e+02 9.944754387755102565e-01 9.953820714285713800e-01
1.400000000000000000e+02 9.952674632653060183e-01 9.954655326530611470e-01
1.450000000000000000e+02 9.959526204081633471e-01 9.965042489795917779e-01
1.500000000000000000e+02 9.961359244897959320e-01 9.949799816326529989e-01
1.550000000000000000e+02 9.963076224489796351e-01 9.960966408163267616e-01
1.600000000000000000e+02 9.975649224489796518e-01 9.953716612244898343e-01
1.650000000000000000e+02 9.967348489795917477e-01 9.962258632653062662e-01
1.700000000000000000e+02 9.966931387755103566e-01 9.953554122448979857e-01
1.750000000000000000e+02 9.945325612244898528e-01 9.949402244897959102e-01
1.800000000000000000e+02 9.963460897959185436e-01 9.948488448979592169e-01
1.850000000000000000e+02 9.977168918367347317e-01 9.947561081632653179e-01
1.900000000000000000e+02 9.976763673469388749e-01 9.935605081632654656e-01
1.950000000000000000e+02 9.949836346938777387e-01 9.955581367346939548e-01
2.000000000000000000e+02 9.965022000000001157e-01 9.957240204081632129e-01
2.050000000000000000e+02 9.971016897959185110e-01 9.964315163265305975e-01
2.100000000000000000e+02 9.966362204081633536e-01 9.949813979591837221e-01
2.150000000000000000e+02 9.961659510204082801e-01 9.962935714285716671e-01
2.200000000000000000e+02 9.967542918367348070e-01 9.960169999999999302e-01
2.250000000000000000e+02 9.963974387755101247e-01 9.968865938775509639e-01
2.300000000000000000e+02 9.982006142857144937e-01 9.952668224489796822e-01
2.350000000000000000e+02 9.972307428571429710e-01 9.961255387755102442e-01
2.400000000000000000e+02 9.975953448979592020e-01 9.968208673469387548e-01
2.450000000000000000e+02 9.975528367346939707e-01 9.972971061224489286e-01
2.500000000000000000e+02 9.971444632653062579e-01 9.957303306122451403e-01
2.550000000000000000e+02 9.970138938775509052e-01 9.969363510204081180e-01
2.600000000000000000e+02 9.984013918367349305e-01 9.988551571428571085e-01
2.650000000000000000e+02 9.981179163265305743e-01 9.966046489795920005e-01
2.700000000000000000e+02 9.975309040816325856e-01 9.954730653061224510e-01
2.750000000000000000e+02 9.983095061224490641e-01 9.965875204081633409e-01
2.800000000000000000e+02 9.983664653061223859e-01 9.968519387755101491e-01
2.850000000000000000e+02 9.968869530612245455e-01 9.972964673469389973e-01
2.900000000000000000e+02 9.974470489795919104e-01 9.964530224489797083e-01
2.950000000000000000e+02 9.968427408163265113e-01 9.956993020408164696e-01
3.000000000000000000e+02 9.974258408163265699e-01 9.955046387755102089e-01
3.050000000000000000e+02 9.992051612244896575e-01 9.980999510204083824e-01
3.100000000000000000e+02 9.983360959183673611e-01 9.963554326530614791e-01
3.150000000000000000e+02 9.977703428571429445e-01 9.979133979591837678e-01
3.200000000000000000e+02 9.974889714285716247e-01 9.971822326530611624e-01
3.250000000000000000e+02 9.984071632653062078e-01 9.975640591836734128e-01
3.300000000000000000e+02 9.975902367346940469e-01 9.990640612244897634e-01
3.350000000000000000e+02 9.966285265306122909e-01 9.971614428571428101e-01
3.400000000000000000e+02 9.968320306122449015e-01 9.975712632653059853e-01
3.450000000000000000e+02 9.976535530612243852e-01 9.968821510204082248e-01
3.500000000000000000e+02 9.982119979591835834e-01 9.985566102040817071e-01
3.550000000000000000e+02 9.976308040816327383e-01 9.962471632653061571e-01
3.600000000000000000e+02 9.980464081632651752e-01 9.979511469387754019e-01
3.650000000000000000e+02 9.996518469387755124e-01 9.971828204081631952e-01
3.700000000000000000e+02 9.972479999999999123e-01 9.981387918367348178e-01
3.750000000000000000e+02 9.981854530612246368e-01 9.986709408163265689e-01
3.800000000000000000e+02 9.995204653061225963e-01 1.000102375510204089e+00
3.850000000000000000e+02 9.983031122448979833e-01 9.983427530612244416e-01
3.900000000000000000e+02 9.972513959183674226e-01 9.995374183673468860e-01
3.950000000000000000e+02 9.983213551020406751e-01 9.964483979591838292e-01
4.000000000000000000e+02 9.983540489795919015e-01 9.984848571428571740e-01
4.050000000000000000e+02 9.985184367346938705e-01 9.990436775510204148e-01
4.100000000000000000e+02 9.973149530612245295e-01 9.988205000000001110e-01
4.150000000000000000e+02 9.976151632653061929e-01 9.983831836734694543e-01
4.200000000000000000e+02 9.980656775510204914e-01 9.968538265306122748e-01
4.250000000000000000e+02 9.984815714285716348e-01 9.981350959183673544e-01
4.300000000000000000e+02 9.999442448979591891e-01 9.976286346938776362e-01
4.350000000000000000e+02 9.978401693877551049e-01 9.994832000000000161e-01
4.400000000000000000e+02 9.982657653061226544e-01 9.977187163265306413e-01
4.450000000000000000e+02 9.992641387755103466e-01 9.988905285714284599e-01
4.500000000000000000e+02 9.999433224489797656e-01 9.982027877551018502e-01
4.550000000000000000e+02 9.997048326530613149e-01 1.000093524489795938e+00
4.600000000000000000e+02 9.990032571428573149e-01 1.000134459183673385e+00
4.650000000000000000e+02 9.985243122448981268e-01 9.988255734693878285e-01
4.700000000000000000e+02 9.989005244897960489e-01 9.987053244897960980e-01
4.750000000000000000e+02 9.977262326530613734e-01 9.999910265306122259e-01
4.800000000000000000e+02 9.999260979591838572e-01 1.000648993877551129e+00
4.850000000000000000e+02 9.994058061224491141e-01 9.978693061224490624e-01
4.900000000000000000e+02 9.983668285714287771e-01 9.983396122448979781e-01
4.950000000000000000e+02 9.977755244897960063e-01 9.980109959183673940e-01
5.000000000000000000e+02 9.980029897959183938e-01 9.998375632653061507e-01
5.050000000000000000e+02 9.991065510204080180e-01 9.991530857142857380e-01
5.100000000000000000e+02 9.984890469387754930e-01 9.980235469387757075e-01
5.150000000000000000e+02 9.985003857142856765e-01 9.990579591836734608e-01
5.200000000000000000e+02 1.000599587755102160e+00 9.979209163265305715e-01
5.250000000000000000e+02 9.995877489795917947e-01 1.000096608163265177e+00
5.300000000000000000e+02 9.995860244897960545e-01 9.990589000000001940e-01
5.350000000000000000e+02 9.991948632653062656e-01 9.990610693877552961e-01
5.400000000000000000e+02 9.986921510204082031e-01 1.000530726530612036e+00
5.450000000000000000e+02 9.991741836734695514e-01 9.991964244897959535e-01
5.500000000000000000e+02 1.000226769387755121e+00 1.000239636734693960e+00
5.550000000000000000e+02 1.000799026530612368e+00 9.976199244897960838e-01
5.600000000000000000e+02 9.991668061224491248e-01 9.996214755102039717e-01
5.650000000000000000e+02 9.985529102040817673e-01 1.000570346938775668e+00
5.700000000000000000e+02 9.994541653061224107e-01 9.980906938775511161e-01
5.750000000000000000e+02 1.000202638775510078e+00 1.000085342857143011e+00
5.800000000000000000e+02 9.987294897959182460e-01 9.998118632653060223e-01
5.850000000000000000e+02 1.000591385714285630e+00 9.986935102040817025e-01
5.900000000000000000e+02 1.000642610204081517e+00 9.985709938775511052e-01
5.950000000000000000e+02 9.989236755102041121e-01 9.996334244897958632e-01
6.000000000000000000e+02 1.001477700000000137e+00 1.000417920408163130e+00
6.050000000000000000e+02 1.000012963265306087e+00 9.996716612244898048e-01
6.100000000000000000e+02 9.989258142857144751e-01 1.000660275510204089e+00
6.150000000000000000e+02 9.985142857142857986e-01 9.996040306122446761e-01
6.200000000000000000e+02 9.990863306122449439e-01 9.996708857142856397e-01
6.250000000000000000e+02 1.000482389795918303e+00 9.990960428571428187e-01
6.300000000000000000e+02 9.996710999999999236e-01 9.993504897959184508e-01
6.350000000000000000e+02 9.985724428571428612e-01 9.995217775510203406e-01
6.400000000000000000e+02 9.992540959183673355e-01 1.001577691836734729e+00
6.450000000000000000e+02 1.000061193877551213e+00 1.000179163265306093e+00
6.500000000000000000e+02 9.976851183673469681e-01 9.984747469387755814e-01
6.550000000000000000e+02 9.997102081632653903e-01 1.000753271428571400e+00
6.600000000000000000e+02 1.000114393877550967e+00 9.993107428571429418e-01
6.650000000000000000e+02 9.998868489795919023e-01 1.000987140816326448e+00
6.700000000000000000e+02 9.992975244897959186e-01 9.995672306122449502e-01
6.750000000000000000e+02 1.000144953061224529e+00 9.988837408163264708e-01
6.800000000000000000e+02 9.995829918367347133e-01 9.995053877551022259e-01
6.850000000000000000e+02 9.987727163265308628e-01 9.976743653061225237e-01
6.900000000000000000e+02 1.001024930612244956e+00 1.000111414285714373e+00
6.950000000000000000e+02 9.994956877551020025e-01 9.989322408163264777e-01
7.000000000000000000e+02 9.980561897959182582e-01 1.000084006122448965e+00
7.050000000000000000e+02 9.983343632653060018e-01 1.000259673469387822e+00
7.100000000000000000e+02 9.994204142857142648e-01 1.001198940816326433e+00
7.150000000000000000e+02 9.991084265306124923e-01 1.000898585714285804e+00
7.200000000000000000e+02 9.995480020408165078e-01 9.997556448979592059e-01
7.250000000000000000e+02 9.994840918367348115e-01 1.000395755102041040e+00
7.300000000000000000e+02 1.001345840816326493e+00 1.000033687755102374e+00
7.350000000000000000e+02 1.001013151020408332e+00 9.998958306122448514e-01
7.400000000000000000e+02 1.000790144897959255e+00 9.993609285714286639e-01
7.450000000000000000e+02 9.996774897959184170e-01 9.990243816326531689e-01
7.500000000000000000e+02 9.988839469387753578e-01 1.001604002040816344e+00
7.550000000000000000e+02 9.996227979591838508e-01 1.000639426530612441e+00
7.600000000000000000e+02 9.996684367346938549e-01 9.998546346938775864e-01
7.650000000000000000e+02 9.992452836734694310e-01 9.995026020408165346e-01
7.700000000000000000e+02 9.995306224489798330e-01 9.993755551020407912e-01
7.750000000000000000e+02 9.998012020408163503e-01 9.997684959183674724e-01
7.800000000000000000e+02 1.000295820408163339e+00 9.986486408163266493e-01
7.850000000000000000e+02 9.994357591836733334e-01 1.001829971428571442e+00
7.900000000000000000e+02 9.991602591836736824e-01 9.999864857142855001e-01
7.950000000000000000e+02 9.992838265306124290e-01 1.001335816326530681e+00
8.000000000000000000e+02 9.994923224489795643e-01 1.000644369387755139e+00
8.050000000000000000e+02 1.000365975510204120e+00 1.000521197959183706e+00
8.100000000000000000e+02 1.000938895918367377e+00 9.987722408163266508e-01
8.150000000000000000e+02 1.000242391836734690e+00 1.000127665306122404e+00
8.200000000000000000e+02 9.994257244897960524e-01 1.001664842857142856e+00
8.250000000000000000e+02 1.000202773469387907e+00 1.000576548979591918e+00
8.300000000000000000e+02 9.978307673469387629e-01 9.980760367346939166e-01
8.350000000000000000e+02 9.989395224489795444e-01 1.000234553061224663e+00
8.400000000000000000e+02 9.996882367346939802e-01 1.000216859183673535e+00
8.450000000000000000e+02 9.992107306122448573e-01 1.000967491836734835e+00
8.500000000000000000e+02 9.996770489795918646e-01 1.000039893877551211e+00
8.550000000000000000e+02 1.001261900000000038e+00 1.000404163265306234e+00
8.600000000000000000e+02 1.000120340816326614e+00 9.995666918367348552e-01
8.650000000000000000e+02 1.000284093877551017e+00 9.995251530612245805e-01
8.700000000000000000e+02 9.987581285714286494e-01 9.994360673469389056e-01
8.750000000000000000e+02 9.993333020408163847e-01 1.000617251020408105e+00
8.800000000000000000e+02 9.990003551020409933e-01 1.000504095918367309e+00
8.850000000000000000e+02 9.998458224489796820e-01 9.993949224489796501e-01
8.900000000000000000e+02 1.001033044897959190e+00 1.002514632653061399e+00
8.950000000000000000e+02 1.000178981632653175e+00 9.985507040816326008e-01
9.000000000000000000e+02 1.000525042857142832e+00 1.000167804081632639e+00
9.050000000000000000e+02 1.000779993877551011e+00 9.992042857142857670e-01
9.100000000000000000e+02 9.996584612244898693e-01 1.000016108163265471e+00
9.150000000000000000e+02 9.989450265306121235e-01 1.000108879591836919e+00
9.200000000000000000e+02 1.001063359183673507e+00 1.000138291836734528e+00
9.250000000000000000e+02 1.001208087755101950e+00 1.000841061224489792e+00
9.300000000000000000e+02 9.991822938775509755e-01 1.000749848979591849e+00
9.350000000000000000e+02 1.001787100000000041e+00 1.000714595918367422e+00
9.400000000000000000e+02 9.998425326530613333e-01 1.000478824489795970e+00
9.450000000000000000e+02 1.000695173469387855e+00 9.997719714285715487e-01
9.500000000000000000e+02 1.001168365306122521e+00 1.001782161224489931e+00
9.550000000000000000e+02 9.997511224489796788e-01 9.992878510204082909e-01
9.600000000000000000e+02 9.995361489795918652e-01 1.000437104081632667e+00
9.650000000000000000e+02 1.000782597959183784e+00 1.000945197959183686e+00
9.700000000000000000e+02 9.999204163265306144e-01 1.000307955102040847e+00
9.750000000000000000e+02 9.992073142857144097e-01 9.999134489795917791e-01
9.800000000000000000e+02 9.983937448979590679e-01 1.001382830612244978e+00
9.850000000000000000e+02 9.989221612244900683e-01 9.997063979591838123e-01
9.900000000000000000e+02 1.000809514285714297e+00 1.000311565306122308e+00
9.950000000000000000e+02 1.000662181632653080e+00 9.993671571428570655e-01
