0.000000000000000000e+00 3.642857142857142821e-02 3.642857142857142821e-02
5.000000000000000000e+00 9.891932632653060997e-01 9.874231530612245233e-01
1.000000000000000000e+01 9.906407448979592800e-01 9.894589244897959990e-01
1.500000000000000000e+01 9.914484714285715095e-01 9.897131653061224110e-01
2.000000000000000000e+01 9.925311612244896997e-01 9.894960000000001532e-01
2.500000000000000000e+01 9.914727897959185743e-01 9.912917408163265387e-01
3.000000000000000000e+01 9.924650857142855997e-01 9.919419755102041325e-01
3.500000000000000000e+01 9.932195244897961128e-01 9.922818061224489838e-01
4.000000000000000000e+01 9.926727795918368624e-01 9.943767571428571150e-01
4.500000000000000000e+01 9.918644938775511566e-01 9.940736265306121533e-01
5.000000000000000000e+01 9.924073102040814609e-01 9.943089673469387435e-01
5.500000000000000000e+01 9.928089857142857744e-01 9.916277551020409309e-01
6.000000000000000000e+01 9.916452755102040939e-01 9.932279244897959103e-01
6.500000000000000000e+01 9.925681367346937956e-01 9.942387979591836844e-01
7.000000000000000000e+01 9.919147857142858182e-01 9.942465122448981285e-01
7.500000000000000000e+01 9.937475918367347782e-01 9.928778408163265734e-01
8.000000000000000000e+01 9.925837816326531504e-01 9.929400142857144340e-01
8.500000000000000000e+01 9.944416122448981321e-01 9.945387877551020717e-01
9.000000000000000000e+01 9.945451061224490630e-01 9.948350755102041143e-01
9.500000000000000000e+01 9.959946632653060572e-01 9.934721857142857493e-01
1.000000000000000000e+02 9.949968122448981100e-01 9.944093326530613064e-01
1.050000000000000000e+02 9.943805693877552088e-01 9.938578959183672623e-01
1.100000000000000000e+02 9.948480061224490578e-01 9.957610387755103654e-01
1.150000000000000000e+02 9.955111183673469588e-01 9.940601755102042025e-01
1.200000000000000000e+02 9.937883183673470455e-01 9.956976571428570733e-01
1.250000000000000000e+02 9.936159755102039748e-01 9.944697142857142902e-01
1.300000000000000000e+02 9.946782673469387603e-01 9.944765877551020594e-01
1.350000000000000000e+02 9.967620183673467915e-01 9.953820714285713800e-01
1.400000000000000000e+02 9.944568040816326171e-01 9.954655326530611470e-01
1.450000000000000000e+02 9.938950612244898952e-01 9.965042489795917779e-01
1.500000000000000000e+02 9.940456755102040631e-01 9.949799816326529989e-01
1.550000000000000000e+02 9.962152285714287459e-01 9.960966408163267616e-01
1.600000000000000000e+02 9.962290000000001422e-01 9.953716612244898343e-01
1.650000000000000000e+02 9.947739326530612436e-01 9.962258632653062662e-01
1.700000000000000000e+02 9.953244591836734045e-01 9.953554122448979857e-01
1.750000000000000000e+02 9.947182061224489891e-01 9.949402244897959102e-01
1.800000000000000000e+02 9.964944163265305743e-01 9.948488448979592169e-01
1.850000000000000000e+02 9.968592183673470331e-01 9.947561081632653179e-01
1.900000000000000000e+02 9.958477163265305743e-01 9.935605081632654656e-01
1.950000000000000000e+02 9.961390244897960766e-01 9.955581367346939548e-01
2.000000000000000000e+02 9.962941489795920091e-01 9.957240204081632129e-01
2.050000000000000000e+02 9.958508000000000360e-01 9.964315163265305975e-01
2.100000000000000000e+02 9.954586959183673311e-01 9.949813979591837221e-01
2.150000000000000000e+02 9.964120816326531571e-01 9.962935714285716671e-01
2.200000000000000000e+02 9.948781877551020614e-01 9.960169999999999302e-01
2.250000000000000000e+02 9.950187673469388372e-01 9.968865938775509639e-01
2.300000000000000000e+02 9.979351673469387674e-01 9.952668224489796822e-01
2.350000000000000000e+02 9.956948979591835336e-01 9.961255387755102442e-01
2.400000000000000000e+02 9.965690142857143163e-01 9.968208673469387548e-01
2.450000000000000000e+02 9.960901510204083209e-01 9.972971061224489286e-01
2.500000000000000000e+02 9.966456408163265612e-01 9.957303306122451403e-01
2.550000000000000000e+02 9.962292448979590542e-01 9.969363510204081180e-01
2.600000000000000000e+02 9.963275591836737721e-01 9.988551571428571085e-01
2.650000000000000000e+02 9.968704551020408644e-01 9.966046489795920005e-01
2.700000000000000000e+02 9.974206081632652765e-01 9.954730653061224510e-01
2.750000000000000000e+02 9.964467326530612734e-01 9.965875204081633409e-01
2.800000000000000000e+02 9.964703040816328405e-01 9.968519387755101491e-01
2.850000000000000000e+02 9.978766897959184812e-01 9.972964673469389973e-01
2.900000000000000000e+02 9.964137183673470455e-01 9.964530224489797083e-01
2.950000000000000000e+02 9.980498510204082185e-01 9.956993020408164696e-01
3.000000000000000000e+02 9.966704877551020303e-01 9.955046387755102089e-01
3.050000000000000000e+02 9.963463999999999654e-01 9.980999510204083824e-01
3.100000000000000000e+02 9.993017979591838351e-01 9.963554326530614791e-01
3.150000000000000000e+02 9.974661020408163159e-01 9.979133979591837678e-01
3.200000000000000000e+02 9.969138285714285175e-01 9.971822326530611624e-01
3.250000000000000000e+02 9.976989673469388586e-01 9.975640591836734128e-01
3.300000000000000000e+02 9.971198734693876853e-01 9.990640612244897634e-01
3.350000000000000000e+02 9.972330693877549113e-01 9.971614428571428101e-01
3.400000000000000000e+02 9.985339244897959432e-01 9.975712632653059853e-01
3.450000000000000000e+02 9.972493224489795693e-01 9.968821510204082248e-01
3.500000000000000000e+02 9.985493306122448232e-01 9.985566102040817071e-01
3.550000000000000000e+02 9.978423591836733664e-01 9.962471632653061571e-01
3.600000000000000000e+02 9.987146081632654049e-01 9.979511469387754019e-01
3.650000000000000000e+02 9.976523816326532401e-01 9.971828204081631952e-01
3.700000000000000000e+02 9.984630244897958473e-01 9.981387918367348178e-01
3.750000000000000000e+02 9.960321816326531685e-01 9.986709408163265689e-01
3.800000000000000000e+02 9.965804204081631923e-01 1.000102375510204089e+00
3.850000000000000000e+02 9.964651897959184712e-01 9.983427530612244416e-01
3.900000000000000000e+02 9.987521877551021054e-01 9.995374183673468860e-01
3.950000000000000000e+02 9.982258081632652269e-01 9.964483979591838292e-01
4.000000000000000000e+02 9.974296938775510935e-01 9.984848571428571740e-01
4.050000000000000000e+02 9.982472367346941766e-01 9.990436775510204148e-01
4.100000000000000000e+02 9.981392326530611481e-01 9.988205000000001110e-01
4.150000000000000000e+02 9.985892612244897659e-01 9.983831836734694543e-01
4.200000000000000000e+02 9.977921061224490629e-01 9.968538265306122748e-01
4.250000000000000000e+02 9.975817632653061207e-01 9.981350959183673544e-01
4.300000000000000000e+02 9.975686714285716405e-01 9.976286346938776362e-01
4.350000000000000000e+02 9.983871653061223705e-01 9.994832000000000161e-01
4.400000000000000000e+02 9.985078428571430020e-01 9.977187163265306413e-01
4.450000000000000000e+02 9.985303551020410229e-01 9.988905285714284599e-01
4.500000000000000000e+02 9.983431571428571516e-01 9.982027877551018502e-01
4.550000000000000000e+02 9.981581612244898594e-01 1.000093524489795938e+00
4.600000000000000000e+02 9.982785632653061736e-01 1.000134459183673385e+00
4.650000000000000000e+02 9.980503408163267087e-01 9.988255734693878285e-01
4.700000000000000000e+02 9.984213795918368550e-01 9.987053244897960980e-01
4.750000000000000000e+02 9.997029224489797361e-01 9.999910265306122259e-01
4.800000000000000000e+02 9.974581918367346756e-01 1.000648993877551129e+00
4.850000000000000000e+02 9.980460551020409188e-01 9.978693061224490624e-01
4.900000000000000000e+02 9.984229040816327005e-01 9.983396122448979781e-01
4.950000000000000000e+02 9.983743591836734543e-01 9.980109959183673940e-01
5.000000000000000000e+02 9.981350918367348779e-01 9.998375632653061507e-01
5.050000000000000000e+02 9.980335387755104870e-01 9.991530857142857380e-01
5.100000000000000000e+02 9.976237183673470899e-01 9.980235469387757075e-01
5.150000000000000000e+02 9.980914857142858532e-01 9.990579591836734608e-01
5.200000000000000000e+02 9.976816530612246936e-01 9.979209163265305715e-01
5.250000000000000000e+02 9.984217959183674385e-01 1.000096608163265177e+00
5.300000000000000000e+02 9.986754734693880087e-01 9.990589000000001940e-01
5.350000000000000000e+02 9.995696591836734646e-01 9.990610693877552961e-01
5.400000000000000000e+02 9.978033530612245849e-01 1.000530726530612036e+00
5.450000000000000000e+02 9.991722102040816456e-01 9.991964244897959535e-01
5.500000000000000000e+02 9.997392612244897503e-01 1.000239636734693960e+00
5.550000000000000000e+02 9.985003857142858985e-01 9.976199244897960838e-01
5.600000000000000000e+02 9.979829183673469828e-01 9.996214755102039717e-01
5.650000000000000000e+02 9.984551918367348122e-01 1.000570346938775668e+00
5.700000000000000000e+02 9.979264428571428258e-01 9.980906938775511161e-01
5.750000000000000000e+02 9.995420102040816213e-01 1.000085342857143011e+00
5.800000000000000000e+02 1.001164828571428522e+00 9.998118632653060223e-01
5.850000000000000000e+02 9.985176612244899275e-01 9.986935102040817025e-01
5.900000000000000000e+02 9.983883836734694928e-01 9.985709938775511052e-01
5.950000000000000000e+02 9.988915448979593936e-01 9.996334244897958632e-01
6.000000000000000000e+02 1.000516928571428377e+00 1.000417920408163130e+00
6.050000000000000000e+02 9.984575979591836514e-01 9.996716612244898048e-01
6.100000000000000000e+02 9.991222183673468260e-01 1.000660275510204089e+00
6.150000000000000000e+02 9.986615265306122424e-01 9.996040306122446761e-01
6.200000000000000000e+02 1.000814277551020481e+00 9.996708857142856397e-01
6.250000000000000000e+02 9.988483224489795864e-01 9.990960428571428187e-01
6.300000000000000000e+02 9.991375530612247591e-01 9.993504897959184508e-01
6.350000000000000000e+02 9.990050857142855900e-01 9.995217775510203406e-01
6.400000000000000000e+02 1.000259161224489990e+00 1.001577691836734729e+00
6.450000000000000000e+02 9.984804938775511118e-01 1.000179163265306093e+00
6.500000000000000000e+02 1.000003567346938960e+00 9.984747469387755814e-01
6.550000000000000000e+02 1.000126436734694035e+00 1.000753271428571400e+00
6.600000000000000000e+02 9.990537408163264743e-01 9.993107428571429418e-01
6.650000000000000000e+02 9.989021469387756591e-01 1.000987140816326448e+00
6.700000000000000000e+02 9.992945632653060795e-01 9.995672306122449502e-01
6.750000000000000000e+02 9.987595693877551195e-01 9.988837408163264708e-01
6.800000000000000000e+02 1.000238673469387773e+00 9.995053877551022259e-01
6.850000000000000000e+02 9.997140224489797777e-01 9.976743653061225237e-01
6.900000000000000000e+02 9.987024571428573250e-01 1.000111414285714373e+00
6.950000000000000000e+02 9.994847020408164084e-01 9.989322408163264777e-01
7.000000000000000000e+02 9.992111469387754408e-01 1.000084006122448965e+00
7.050000000000000000e+02 9.988495918367347182e-01 1.000259673469387822e+00
7.100000000000000000e+02 9.982764224489797389e-01 1.001198940816326433e+00
7.150000000000000000e+02 9.995712510204081136e-01 1.000898585714285804e+00
7.200000000000000000e+02 9.993705306122449006e-01 9.997556448979592059e-01
7.250000000000000000e+02 9.981677061224489833e-01 1.000395755102041040e+00
7.300000000000000000e+02 9.985858938775511451e-01 1.000033687755102374e+00
7.350000000000000000e+02 1.000446253061224589e+00 9.998958306122448514e-01
7.400000000000000000e+02 9.998103918367347021e-01 9.993609285714286639e-01
7.450000000000000000e+02 9.994680224489794762e-01 9.990243816326531689e-01
7.500000000000000000e+02 1.000457377551020155e+00 1.001604002040816344e+00
7.550000000000000000e+02 1.001195946938775894e+00 1.000639426530612441e+00
7.600000000000000000e+02 9.996138408163265376e-01 9.998546346938775864e-01
7.650000000000000000e+02 9.980809816326530193e-01 9.995026020408165346e-01
7.700000000000000000e+02 9.994229755102042034e-01 9.993755551020407912e-01
7.750000000000000000e+02 9.998795632653063592e-01 9.997684959183674724e-01
7.800000000000000000e+02 9.990126959183674993e-01 9.986486408163266493e-01
7.850000000000000000e+02 9.992456673469387596e-01 1.001829971428571442e+00
7.900000000000000000e+02 1.000317163265306064e+00 9.999864857142855001e-01
7.950000000000000000e+02 9.993507938775512134e-01 1.001335816326530681e+00
8.000000000000000000e+02 9.988981306122448611e-01 1.000644369387755139e+00
8.050000000000000000e+02 9.981093367346938194e-01 1.000521197959183706e+00
8.100000000000000000e+02 1.000314218367346797e+00 9.987722408163266508e-01
8.150000000000000000e+02 9.996585836734693808e-01 1.000127665306122404e+00
8.200000000000000000e+02 9.997716897959183502e-01 1.001664842857142856e+00
8.250000000000000000e+02 9.989364489795919955e-01 1.000576548979591918e+00
8.300000000000000000e+02 9.976676224489795519e-01 9.980760367346939166e-01
8.350000000000000000e+02 1.001096593877551122e+00 1.000234553061224663e+00
8.400000000000000000e+02 9.987145408163264904e-01 1.000216859183673535e+00
8.450000000000000000e+02 9.999689999999998857e-01 1.000967491836734835e+00
8.500000000000000000e+02 9.972341510204081327e-01 1.000039893877551211e+00
8.550000000000000000e+02 1.000256726530612372e+00 1.000404163265306234e+00
8.600000000000000000e+02 9.991392469387756492e-01 9.995666918367348552e-01
8.650000000000000000e+02 9.995320408163266279e-01 9.995251530612245805e-01
8.700000000000000000e+02 1.000903224489795962e+00 9.994360673469389056e-01
8.750000000000000000e+02 9.982460530612244920e-01 1.000617251020408105e+00
8.800000000000000000e+02 1.000563659183673515e+00 1.000504095918367309e+00
8.850000000000000000e+02 9.998296448979593354e-01 9.993949224489796501e-01
8.900000000000000000e+02 9.981280244897959841e-01 1.002514632653061399e+00
8.950000000000000000e+02 1.000071287755102123e+00 9.985507040816326008e-01
9.000000000000000000e+02 9.984123081632654273e-01 1.000167804081632639e+00
9.050000000000000000e+02 1.000252059183673436e+00 9.992042857142857670e-01
9.100000000000000000e+02 9.996423877551020576e-01 1.000016108163265471e+00
9.150000000000000000e+02 1.000566910204081505e+00 1.000108879591836919e+00
9.200000000000000000e+02 9.988439591836734133e-01 1.000138291836734528e+00
9.250000000000000000e+02 9.987672653061222539e-01 1.000841061224489792e+00
9.300000000000000000e+02 9.997606734693877950e-01 1.000749848979591849e+00
9.350000000000000000e+02 9.995820326530612254e-01 1.000714595918367422e+00
9.400000000000000000e+02 9.996494081632654183e-01 1.000478824489795970e+00
9.450000000000000000e+02 9.987881632653060615e-01 9.997719714285715487e-01
9.500000000000000000e+02 1.000137157142857003e+00 1.001782161224489931e+00
9.550000000000000000e+02 9.996511122448978881e-01 9.992878510204082909e-01
9.600000000000000000e+02 9.997664938775511212e-01 1.000437104081632667e+00
9.650000000000000000e+02 9.997496714285715180e-01 1.000945197959183686e+00
9.700000000000000000e+02 9.984485734693876458e-01 1.000307955102040847e+00
9.750000000000000000e+02 9.980509714285714651e-01 9.999134489795917791e-01
9.800000000000000000e+02 9.996758632653062193e-01 1.001382830612244978e+00
9.850000000000000000e+02 9.999116938775511887e-01 9.997063979591838123e-01
9.900000000000000000e+02 9.999100530612243798e-01 1.000311565306122308e+00
9.950000000000000000e+02 9.995141632653060659e-01 9.993671571428570655e-01
