0.000000000000000000e+00 3.642857142857142821e-02 3.642857142857142821e-02
5.000000000000000000e+00 9.869601571428574527e-01 9.874231530612245233e-01
1.000000000000000000e+01 9.879264918367347548e-01 9.894589244897959990e-01
1.500000000000000000e+01 9.879077387755103024e-01 9.897131653061224110e-01
2.000000000000000000e+01 9.907162204081633172e-01 9.894960000000001532e-01
2.500000000000000000e+01 9.902796020408162203e-01 9.912917408163265387e-01
3.000000000000000000e+01 9.897043836734692457e-01 9.919419755102041325e-01
3.500000000000000000e+01 9.913377979591835309e-01 9.922818061224489838e-01
4.000000000000000000e+01 9.921982714285715321e-01 9.943767571428571150e-01
4.500000000000000000e+01 9.923007530612244498e-01 9.940736265306121533e-01
5.000000000000000000e+01 9.937643714285714358e-01 9.943089673469387435e-01
5.500000000000000000e+01 9.927936714285714448e-01 9.916277551020409309e-01
6.000000000000000000e+01 9.942257897959183577e-01 9.932279244897959103e-01
6.500000000000000000e+01 9.920554061224491349e-01 9.942387979591836844e-01
7.000000000000000000e+01 9.930355040816326584e-01 9.942465122448981285e-01
7.500000000000000000e+01 9.932955204081632683e-01 9.928778408163265734e-01
8.000000000000000000e+01 9.936018714285713704e-01 9.929400142857144340e-01
8.500000000000000000e+01 9.922498877551021446e-01 9.945387877551020717e-01
9.000000000000000000e+01 9.924608061224489131e-01 9.948350755102041143e-01
9.500000000000000000e+01 9.927424489795917406e-01 9.934721857142857493e-01
1.000000000000000000e+02 9.940233244897959120e-01 9.944093326530613064e-01
1.050000000000000000e+02 9.923559632653062845e-01 9.938578959183672623e-01
1.100000000000000000e+02 9.939370857142856286e-01 9.957610387755103654e-01
1.150000000000000000e+02 9.929463959183675303e-01 9.940601755102042025e-01
1.200000000000000000e+02 9.944326877551020738e-01 9.956976571428570733e-01
1.250000000000000000e+02 9.936425448979591124e-01 9.944697142857142902e-01
1.300000000000000000e+02 9.935064224489797979e-01 9.944765877551020594e-01
1.350000000000000000e+02 9.920862224489794823e-01 9.953820714285713800e-01
1.400000000000000000e+02 9.938964224489795773e-01 9.954655326530611470e-01
1.450000000000000000e+02 9.934432877551021557e-01 9.965042489795917779e-01
1.500000000000000000e+02 9.945917367346940319e-01 9.949799816326529989e-01
1.550000000000000000e+02 9.952712489795919604e-01 9.960966408163267616e-01
1.600000000000000000e+02 9.959790795918367357e-01 9.953716612244898343e-01
1.650000000000000000e+02 9.950958306122448249e-01 9.962258632653062662e-01
1.700000000000000000e+02 9.948985183673469956e-01 9.953554122448979857e-01
1.750000000000000000e+02 9.949730142857143855e-01 9.949402244897959102e-01
1.800000000000000000e+02 9.974610448979592814e-01 9.948488448979592169e-01
1.850000000000000000e+02 9.937135612244898386e-01 9.947561081632653179e-01
1.900000000000000000e+02 9.957839714285714461e-01 9.935605081632654656e-01
1.950000000000000000e+02 9.960183897959182797e-01 9.955581367346939548e-01
2.000000000000000000e+02 9.969326938775509017e-01 9.957240204081632129e-01
2.050000000000000000e+02 9.969084224489794810e-01 9.964315163265305975e-01
2.100000000000000000e+02 9.975976836734694597e-01 9.949813979591837221e-01
2.150000000000000000e+02 9.962330224489794883e-01 9.962935714285716671e-01
2.200000000000000000e+02 9.978203571428572172e-01 9.960169999999999302e-01
2.250000000000000000e+02 9.955017428571428795e-01 9.968865938775509639e-01
2.300000000000000000e+02 9.970810734693877908e-01 9.952668224489796822e-01
2.350000000000000000e+02 9.968618612244899424e-01 9.961255387755102442e-01
2.400000000000000000e+02 9.968958122448980941e-01 9.968208673469387548e-01
2.450000000000000000e+02 9.969902040816327471e-01 9.972971061224489286e-01
2.500000000000000000e+02 9.963092244897960859e-01 9.957303306122451403e-01
2.550000000000000000e+02 9.958605408163265782e-01 9.969363510204081180e-01
2.600000000000000000e+02 9.983868897959183863e-01 9.988551571428571085e-01
2.650000000000000000e+02 9.960061428571428399e-01 9.966046489795920005e-01
2.700000000000000000e+02 9.978398714285715565e-01 9.954730653061224510e-01
2.750000000000000000e+02 9.966115408163265244e-01 9.965875204081633409e-01
2.800000000000000000e+02 9.975318693877550658e-01 9.968519387755101491e-01
2.850000000000000000e+02 9.962453020408164051e-01 9.972964673469389973e-01
2.900000000000000000e+02 9.989132673469388601e-01 9.964530224489797083e-01
2.950000000000000000e+02 9.979183346938776955e-01 9.956993020408164696e-01
3.000000000000000000e+02 9.965586571428571849e-01 9.955046387755102089e-01
3.050000000000000000e+02 9.983969244897960005e-01 9.980999510204083824e-01
3.100000000000000000e+02 9.982444122448980162e-01 9.963554326530614791e-01
3.150000000000000000e+02 9.991046102040817001e-01 9.979133979591837678e-01
3.200000000000000000e+02 9.966446612244899139e-01 9.971822326530611624e-01
3.250000000000000000e+02 9.974960714285714403e-01 9.975640591836734128e-01
3.300000000000000000e+02 9.970346836734693685e-01 9.990640612244897634e-01
3.350000000000000000e+02 9.979275775510204616e-01 9.971614428571428101e-01
3.400000000000000000e+02 9.989804734693878974e-01 9.975712632653059853e-01
3.450000000000000000e+02 9.993451204081633676e-01 9.968821510204082248e-01
3.500000000000000000e+02 9.986460448979592730e-01 9.985566102040817071e-01
3.550000000000000000e+02 9.982833653061226054e-01 9.962471632653061571e-01
3.600000000000000000e+02 9.979271591836734734e-01 9.979511469387754019e-01
3.650000000000000000e+02 9.989690571428571086e-01 9.971828204081631952e-01
3.700000000000000000e+02 9.987655693877550700e-01 9.981387918367348178e-01
3.750000000000000000e+02 9.982893020408163398e-01 9.986709408163265689e-01
3.800000000000000000e+02 9.987693408163265119e-01 1.000102375510204089e+00
3.850000000000000000e+02 9.997509938775511751e-01 9.983427530612244416e-01
3.900000000000000000e+02 9.988900857142859468e-01 9.995374183673468860e-01
3.950000000000000000e+02 9.992844734693878683e-01 9.964483979591838292e-01
4.000000000000000000e+02 9.988731387755102054e-01 9.984848571428571740e-01
4.050000000000000000e+02 9.969582102040815963e-01 9.990436775510204148e-01
4.100000000000000000e+02 9.984404142857142839e-01 9.988205000000001110e-01
4.150000000000000000e+02 9.969846897959182552e-01 9.983831836734694543e-01
4.200000000000000000e+02 9.973992346938777009e-01 9.968538265306122748e-01
4.250000000000000000e+02 9.992730081632652528e-01 9.981350959183673544e-01
4.300000000000000000e+02 1.001382814285714407e+00 9.976286346938776362e-01
4.350000000000000000e+02 9.995528265306123927e-01 9.994832000000000161e-01
4.400000000000000000e+02 9.975793693877550439e-01 9.977187163265306413e-01
4.450000000000000000e+02 9.986795346938774909e-01 9.988905285714284599e-01
4.500000000000000000e+02 9.974647816326530636e-01 9.982027877551018502e-01
4.550000000000000000e+02 9.970716510204085115e-01 1.000093524489795938e+00
4.600000000000000000e+02 1.000246748979591871e+00 1.000134459183673385e+00
4.650000000000000000e+02 9.980523163265306863e-01 9.988255734693878285e-01
4.700000000000000000e+02 1.000382136734694116e+00 9.987053244897960980e-01
4.750000000000000000e+02 9.988018448979592012e-01 9.999910265306122259e-01
4.800000000000000000e+02 9.993432408163265279e-01 1.000648993877551129e+00
4.850000000000000000e+02 1.000244240816326569e+00 9.978693061224490624e-01
4.900000000000000000e+02 9.972265714285715177e-01 9.983396122448979781e-01
4.950000000000000000e+02 9.972967489795919738e-01 9.980109959183673940e-01
5.000000000000000000e+02 9.984060244897960956e-01 9.998375632653061507e-01
5.050000000000000000e+02 9.987633204081634020e-01 9.991530857142857380e-01
5.100000000000000000e+02 1.000282514285714353e+00 9.980235469387757075e-01
5.150000000000000000e+02 9.981797693877551003e-01 9.990579591836734608e-01
5.200000000000000000e+02 9.995547571428572420e-01 9.979209163265305715e-01
5.250000000000000000e+02 9.990914530612243771e-01 1.000096608163265177e+00
5.300000000000000000e+02 9.990444857142858348e-01 9.990589000000001940e-01
5.350000000000000000e+02 9.995488122448982216e-01 9.990610693877552961e-01
5.400000000000000000e+02 1.001149967346938841e+00 1.000530726530612036e+00
5.450000000000000000e+02 9.997016000000001901e-01 9.991964244897959535e-01
5.500000000000000000e+02 9.999139224489799194e-01 1.000239636734693960e+00
5.550000000000000000e+02 9.995616673469388536e-01 9.976199244897960838e-01
5.600000000000000000e+02 9.984352897959183348e-01 9.996214755102039717e-01
5.650000000000000000e+02 1.000129708163265407e+00 1.000570346938775668e+00
5.700000000000000000e+02 9.994027346938775258e-01 9.980906938775511161e-01
5.750000000000000000e+02 1.000691079591836896e+00 1.000085342857143011e+00
5.800000000000000000e+02 9.985074612244899672e-01 9.998118632653060223e-01
5.850000000000000000e+02 9.985295877551021437e-01 9.986935102040817025e-01
5.900000000000000000e+02 9.980915959183673802e-01 9.985709938775511052e-01
5.950000000000000000e+02 1.000169089795918342e+00 9.996334244897958632e-01
6.000000000000000000e+02 9.981195632653061534e-01 1.000417920408163130e+00
6.050000000000000000e+02 9.989741000000000870e-01 9.996716612244898048e-01
6.100000000000000000e+02 9.986756408163266485e-01 1.000660275510204089e+00
6.150000000000000000e+02 9.997633428571429670e-01 9.996040306122446761e-01
6.200000000000000000e+02 9.994067081632653782e-01 9.996708857142856397e-01
6.250000000000000000e+02 9.997754755102041813e-01 9.990960428571428187e-01
6.300000000000000000e+02 1.000373967346938731e+00 9.993504897959184508e-01
6.350000000000000000e+02 9.980454224489797577e-01 9.995217775510203406e-01
6.400000000000000000e+02 9.996328551020408071e-01 1.001577691836734729e+00
6.450000000000000000e+02 9.986481122448980230e-01 1.000179163265306093e+00
6.500000000000000000e+02 9.992438367346940797e-01 9.984747469387755814e-01
6.550000000000000000e+02 9.995741387755101570e-01 1.000753271428571400e+00
6.600000000000000000e+02 9.990721959183674894e-01 9.993107428571429418e-01
6.650000000000000000e+02 1.000334434693877395e+00 1.000987140816326448e+00
6.700000000000000000e+02 1.000526610204081734e+00 9.995672306122449502e-01
6.750000000000000000e+02 9.975448530612244236e-01 9.988837408163264708e-01
6.800000000000000000e+02 9.994495142857141579e-01 9.995053877551022259e-01
6.850000000000000000e+02 9.992757244897960689e-01 9.976743653061225237e-01
6.900000000000000000e+02 9.987880102040816999e-01 1.000111414285714373e+00
6.950000000000000000e+02 9.996036897959184042e-01 9.989322408163264777e-01
7.000000000000000000e+02 9.993153551020409475e-01 1.000084006122448965e+00
7.050000000000000000e+02 9.999262571428572111e-01 1.000259673469387822e+00
7.100000000000000000e+02 9.998556142857143447e-01 1.001198940816326433e+00
7.150000000000000000e+02 9.986078938775511116e-01 1.000898585714285804e+00
7.200000000000000000e+02 9.994365775510205552e-01 9.997556448979592059e-01
7.250000000000000000e+02 9.993951183673470684e-01 1.000395755102041040e+00
7.300000000000000000e+02 1.000396138775510257e+00 1.000033687755102374e+00
7.350000000000000000e+02 9.983879734693876795e-01 9.998958306122448514e-01
7.400000000000000000e+02 1.000615575510204192e+00 9.993609285714286639e-01
7.450000000000000000e+02 9.974377367346940471e-01 9.990243816326531689e-01
7.500000000000000000e+02 1.000813489795918443e+00 1.001604002040816344e+00
7.550000000000000000e+02 9.997323551020407262e-01 1.000639426530612441e+00
7.600000000000000000e+02 1.000825287755102044e+00 9.998546346938775864e-01
7.650000000000000000e+02 9.993012551020405976e-01 9.995026020408165346e-01
7.700000000000000000e+02 9.989651061224490425e-01 9.993755551020407912e-01
7.750000000000000000e+02 9.986299612244898816e-01 9.997684959183674724e-01
7.800000000000000000e+02 1.000193440816326440e+00 9.986486408163266493e-01
7.850000000000000000e+02 9.999540224489795737e-01 1.001829971428571442e+00
7.900000000000000000e+02 9.986740061224491649e-01 9.999864857142855001e-01
7.950000000000000000e+02 1.001654253061224464e+00 1.001335816326530681e+00
8.000000000000000000e+02 1.000975391836734785e+00 1.000644369387755139e+00
8.050000000000000000e+02 9.989157081632654700e-01 1.000521197959183706e+00
8.100000000000000000e+02 9.985834959183674808e-01 9.987722408163266508e-01
8.150000000000000000e+02 9.977698755102043515e-01 1.000127665306122404e+00
8.200000000000000000e+02 9.992457979591838901e-01 1.001664842857142856e+00
8.250000000000000000e+02 9.987810836734694053e-01 1.000576548979591918e+00
8.300000000000000000e+02 1.000888926530612455e+00 9.980760367346939166e-01
8.350000000000000000e+02 9.992202999999999502e-01 1.000234553061224663e+00
8.400000000000000000e+02 1.000541355102040786e+00 1.000216859183673535e+00
8.450000000000000000e+02 9.999507081632653671e-01 1.000967491836734835e+00
8.500000000000000000e+02 1.000451104081632625e+00 1.000039893877551211e+00
8.550000000000000000e+02 9.984604877551020996e-01 1.000404163265306234e+00
8.600000000000000000e+02 9.992828387755101627e-01 9.995666918367348552e-01
8.650000000000000000e+02 9.979353061224489618e-01 9.995251530612245805e-01
8.700000000000000000e+02 9.998706836734694292e-01 9.994360673469389056e-01
8.750000000000000000e+02 9.999391612244895589e-01 1.000617251020408105e+00
8.800000000000000000e+02 9.994728122448979235e-01 1.000504095918367309e+00
8.850000000000000000e+02 9.995550918367348547e-01 9.993949224489796501e-01
8.900000000000000000e+02 1.000590616326530791e+00 1.002514632653061399e+00
8.950000000000000000e+02 9.998443183673468848e-01 9.985507040816326008e-01
9.000000000000000000e+02 9.992221428571429476e-01 1.000167804081632639e+00
9.050000000000000000e+02 1.000054036734693952e+00 9.992042857142857670e-01
9.100000000000000000e+02 9.988352428571427577e-01 1.000016108163265471e+00
9.150000000000000000e+02 1.000163236734693983e+00 1.000108879591836919e+00
9.200000000000000000e+02 9.991281306122449246e-01 1.000138291836734528e+00
9.250000000000000000e+02 9.992180285714287180e-01 1.000841061224489792e+00
9.300000000000000000e+02 9.993187897959183719e-01 1.000749848979591849e+00
9.350000000000000000e+02 9.995729591836732819e-01 1.000714595918367422e+00
9.400000000000000000e+02 1.000147659183673543e+00 1.000478824489795970e+00
9.450000000000000000e+02 9.999209285714286688e-01 9.997719714285715487e-01
9.500000000000000000e+02 9.994360816326530728e-01 1.001782161224489931e+00
9.550000000000000000e+02 9.994609816326530671e-01 9.992878510204082909e-01
9.600000000000000000e+02 9.995250122448980923e-01 1.000437104081632667e+00
9.650000000000000000e+02 9.995072938775511062e-01 1.000945197959183686e+00
9.700000000000000000e+02 1.000345618367346923e+00 1.000307955102040847e+00
9.750000000000000000e+02 1.000498730612245035e+00 9.999134489795917791e-01
9.800000000000000000e+02 1.001795781632653037e+00 1.001382830612244978e+00
9.850000000000000000e+02 1.000137928571428692e+00 9.997063979591838123e-01
9.900000000000000000e+02 9.992383857142858039e-01 1.000311565306122308e+00
9.950000000000000000e+02 9.994862836734693667e-01 9.993671571428570655e-01
