0.000000000000000000e+00 3.642857142857142821e-02 3.642857142857142821e-02
5.000000000000000000e+00 9.858576510204082322e-01 9.874231530612245233e-01
1.000000000000000000e+01 9.854510612244897771e-01 9.894589244897959990e-01
1.500000000000000000e+01 9.881550999999999529e-01 9.897131653061224110e-01
2.000000000000000000e+01 9.885415469387757170e-01 9.894960000000001532e-01
2.500000000000000000e+01 9.885670734693878803e-01 9.912917408163265387e-01
3.000000000000000000e+01 9.907717244897960018e-01 9.919419755102041325e-01
3.500000000000000000e+01 9.896951734693877345e-01 9.922818061224489838e-01
4.000000000000000000e+01 9.916164265306122161e-01 9.943767571428571150e-01
4.500000000000000000e+01 9.915076897959185231e-01 9.940736265306121533e-01
5.000000000000000000e+01 9.909975979591836293e-01 9.943089673469387435e-01
5.500000000000000000e+01 9.911589816326531466e-01 9.916277551020409309e-01
6.000000000000000000e+01 9.924405469387755918e-01 9.932279244897959103e-01
6.500000000000000000e+01 9.918363755102042045e-01 9.942387979591836844e-01
7.000000000000000000e+01 9.910477122448980714e-01 9.942465122448981285e-01
7.500000000000000000e+01 9.908811285714286266e-01 9.928778408163265734e-01
8.000000000000000000e+01 9.914699367346940795e-01 9.929400142857144340e-01
8.500000000000000000e+01 9.937813816326531713e-01 9.945387877551020717e-01
9.000000000000000000e+01 9.939424265306122663e-01 9.948350755102041143e-01
9.500000000000000000e+01 9.939383142857144415e-01 9.934721857142857493e-01
1.000000000000000000e+02 9.923778530612246129e-01 9.944093326530613064e-01
1.050000000000000000e+02 9.936288755102040682e-01 9.938578959183672623e-01
1.100000000000000000e+02 9.951904673469387230e-01 9.957610387755103654e-01
1.150000000000000000e+02 9.937783489795917191e-01 9.940601755102042025e-01
1.200000000000000000e+02 9.931578775510205848e-01 9.956976571428570733e-01
1.250000000000000000e+02 9.953764367346937814e-01 9.944697142857142902e-01
1.300000000000000000e+02 9.944691306122450669e-01 9.944765877551020594e-01
1.350000000000000000e+02 9.963114122448978316e-01 9.953820714285713800e-01
1.400000000000000000e+02 9.955868551020408130e-01 9.954655326530611470e-01
1.450000000000000000e+02 9.946875224489796219e-01 9.965042489795917779e-01
1.500000000000000000e+02 9.944271836734692727e-01 9.949799816326529989e-01
1.550000000000000000e+02 9.947671530612245405e-01 9.960966408163267616e-01
1.600000000000000000e+02 9.953189938775510726e-01 9.953716612244898343e-01
1.650000000000000000e+02 9.962853061224489215e-01 9.962258632653062662e-01
1.700000000000000000e+02 9.948732612244898244e-01 9.953554122448979857e-01
1.750000000000000000e+02 9.949674346938776059e-01 9.949402244897959102e-01
1.800000000000000000e+02 9.960979693877550778e-01 9.948488448979592169e-01
1.850000000000000000e+02 9.973053897959184289e-01 9.947561081632653179e-01
1.900000000000000000e+02 9.959015142857143843e-01 9.935605081632654656e-01
1.950000000000000000e+02 9.944306755102042539e-01 9.955581367346939548e-01
2.000000000000000000e+02 9.956264897959185012e-01 9.957240204081632129e-01
2.050000000000000000e+02 9.958462612244897150e-01 9.964315163265305975e-01
2.100000000000000000e+02 9.948976877551020115e-01 9.949813979591837221e-01
2.150000000000000000e+02 9.959910367346939131e-01 9.962935714285716671e-01
2.200000000000000000e+02 9.972657428571428673e-01 9.960169999999999302e-01
2.250000000000000000e+02 9.955864918367346439e-01 9.968865938775509639e-01
2.300000000000000000e+02 9.962855224489797212e-01 9.952668224489796822e-01
2.350000000000000000e+02 9.966946836734695836e-01 9.961255387755102442e-01
2.400000000000000000e+02 9.960219367346938579e-01 9.968208673469387548e-01
2.450000000000000000e+02 9.966482346938777548e-01 9.972971061224489286e-01
2.500000000000000000e+02 9.967598122448979581e-01 9.957303306122451403e-01
2.550000000000000000e+02 9.970373102040814839e-01 9.969363510204081180e-01
2.600000000000000000e+02 9.969224489795918132e-01 9.988551571428571085e-01
2.650000000000000000e+02 9.973265632653062207e-01 9.966046489795920005e-01
2.700000000000000000e+02 9.980608020408162639e-01 9.954730653061224510e-01
2.750000000000000000e+02 9.966812387755101810e-01 9.965875204081633409e-01
2.800000000000000000e+02 9.961675632653061996e-01 9.968519387755101491e-01
2.850000000000000000e+02 9.975828081632653888e-01 9.972964673469389973e-01
2.900000000000000000e+02 9.973774959183675515e-01 9.964530224489797083e-01
2.950000000000000000e+02 9.963908122448981164e-01 9.956993020408164696e-01
3.000000000000000000e+02 9.977431510204082254e-01 9.955046387755102089e-01
3.050000000000000000e+02 9.957955367346940090e-01 9.980999510204083824e-01
3.100000000000000000e+02 9.989124938775513218e-01 9.963554326530614791e-01
3.150000000000000000e+02 9.960867816326530733e-01 9.979133979591837678e-01
3.200000000000000000e+02 9.975522163265306830e-01 9.971822326530611624e-01
3.250000000000000000e+02 9.977817469387755267e-01 9.975640591836734128e-01
3.300000000000000000e+02 9.983957857142857772e-01 9.990640612244897634e-01
3.350000000000000000e+02 9.968601632653062428e-01 9.971614428571428101e-01
3.400000000000000000e+02 9.973023979591838506e-01 9.975712632653059853e-01
3.450000000000000000e+02 9.960530244897958241e-01 9.968821510204082248e-01
3.500000000000000000e+02 9.977899244897958653e-01 9.985566102040817071e-01
3.550000000000000000e+02 9.978490489795918128e-01 9.962471632653061571e-01
3.600000000000000000e+02 9.972009163265305176e-01 9.979511469387754019e-01
3.650000000000000000e+02 9.977387673469386709e-01 9.971828204081631952e-01
3.700000000000000000e+02 9.981565897959182587e-01 9.981387918367348178e-01
3.750000000000000000e+02 9.980349530612244724e-01 9.986709408163265689e-01
3.800000000000000000e+02 9.971949959183674661e-01 1.000102375510204089e+00
3.850000000000000000e+02 9.964175938775511332e-01 9.983427530612244416e-01
3.900000000000000000e+02 9.977590285714287299e-01 9.995374183673468860e-01
3.950000000000000000e+02 9.959431122448979545e-01 9.964483979591838292e-01
4.000000000000000000e+02 9.978404265306124454e-01 9.984848571428571740e-01
4.050000000000000000e+02 9.974510163265305485e-01 9.990436775510204148e-01
4.100000000000000000e+02 9.975153346938776533e-01 9.988205000000001110e-01
4.150000000000000000e+02 9.985421836734692524e-01 9.983831836734694543e-01
4.200000000000000000e+02 9.979967857142856280e-01 9.968538265306122748e-01
4.250000000000000000e+02 9.976049000000000166e-01 9.981350959183673544e-01
4.300000000000000000e+02 9.979824693877550335e-01 9.976286346938776362e-01
4.350000000000000000e+02 9.982917306122448542e-01 9.994832000000000161e-01
4.400000000000000000e+02 9.987356142857143348e-01 9.977187163265306413e-01
4.450000000000000000e+02 9.979570693877551912e-01 9.988905285714284599e-01
4.500000000000000000e+02 1.000406453061224443e+00 9.982027877551018502e-01
4.550000000000000000e+02 9.981846102040817792e-01 1.000093524489795938e+00
4.600000000000000000e+02 9.985048367346939235e-01 1.000134459183673385e+00
4.650000000000000000e+02 9.987689591836735881e-01 9.988255734693878285e-01
4.700000000000000000e+02 9.996093163265307169e-01 9.987053244897960980e-01
4.750000000000000000e+02 9.990648897959184538e-01 9.999910265306122259e-01
4.800000000000000000e+02 9.988947612244896135e-01 1.000648993877551129e+00
4.850000000000000000e+02 9.980285285714286525e-01 9.978693061224490624e-01
4.900000000000000000e+02 9.982805979591837797e-01 9.983396122448979781e-01
4.950000000000000000e+02 9.994232551020407751e-01 9.980109959183673940e-01
5.000000000000000000e+02 9.980323367346940477e-01 9.998375632653061507e-01
5.050000000000000000e+02 9.972773510204083758e-01 9.991530857142857380e-01
5.100000000000000000e+02 9.987400795918368601e-01 9.980235469387757075e-01
5.150000000000000000e+02 9.987557979591837887e-01 9.990579591836734608e-01
5.200000000000000000e+02 9.974209000000001657e-01 9.979209163265305715e-01
5.250000000000000000e+02 9.995154346938776024e-01 1.000096608163265177e+00
5.300000000000000000e+02 9.990801204081630749e-01 9.990589000000001940e-01
5.350000000000000000e+02 9.988880551020408172e-01 9.990610693877552961e-01
5.400000000000000000e+02 9.979765714285715461e-01 1.000530726530612036e+00
5.450000000000000000e+02 9.992113020408164292e-01 9.991964244897959535e-01
5.500000000000000000e+02 9.994342673469386318e-01 1.000239636734693960e+00
5.550000000000000000e+02 9.989539183673471490e-01 9.976199244897960838e-01
5.600000000000000000e+02 9.997429102040816806e-01 9.996214755102039717e-01
5.650000000000000000e+02 9.980369918367347770e-01 1.000570346938775668e+00
5.700000000000000000e+02 1.000245720408163397e+00 9.980906938775511161e-01
5.750000000000000000e+02 9.969950755102041651e-01 1.000085342857143011e+00
5.800000000000000000e+02 9.987108204081633911e-01 9.998118632653060223e-01
5.850000000000000000e+02 9.990108408163266285e-01 9.986935102040817025e-01
5.900000000000000000e+02 1.000085512244897945e+00 9.985709938775511052e-01
5.950000000000000000e+02 9.977180816326530755e-01 9.996334244897958632e-01
6.000000000000000000e+02 9.999408755102040525e-01 1.000417920408163130e+00
6.050000000000000000e+02 9.999003714285714661e-01 9.996716612244898048e-01
6.100000000000000000e+02 9.978699918367347488e-01 1.000660275510204089e+00
6.150000000000000000e+02 9.995218204081632862e-01 9.996040306122446761e-01
6.200000000000000000e+02 9.998215877551019926e-01 9.996708857142856397e-01
6.250000000000000000e+02 9.996528489795917238e-01 9.990960428571428187e-01
6.300000000000000000e+02 9.983071979591837675e-01 9.993504897959184508e-01
6.350000000000000000e+02 9.981864408163264590e-01 9.995217775510203406e-01
6.400000000000000000e+02 9.968720489795919182e-01 1.001577691836734729e+00
6.450000000000000000e+02 9.993736448979591014e-01 1.000179163265306093e+00
6.500000000000000000e+02 9.997900040816327660e-01 9.984747469387755814e-01
6.550000000000000000e+02 9.989336081632653741e-01 1.000753271428571400e+00
6.600000000000000000e+02 9.996959857142858619e-01 9.993107428571429418e-01
6.650000000000000000e+02 9.994668816326532923e-01 1.000987140816326448e+00
6.700000000000000000e+02 9.984226122448980334e-01 9.995672306122449502e-01
6.750000000000000000e+02 1.000443855102040924e+00 9.988837408163264708e-01
6.800000000000000000e+02 9.994825367346938938e-01 9.995053877551022259e-01
6.850000000000000000e+02 9.990534897959184590e-01 9.976743653061225237e-01
6.900000000000000000e+02 1.000064071428571566e+00 1.000111414285714373e+00
6.950000000000000000e+02 9.979497387755102977e-01 9.989322408163264777e-01
7.000000000000000000e+02 9.994640857142857993e-01 1.000084006122448965e+00
7.050000000000000000e+02 9.991898428571428514e-01 1.000259673469387822e+00
7.100000000000000000e+02 1.001571683673469382e+00 1.001198940816326433e+00
7.150000000000000000e+02 9.988661469387757341e-01 1.000898585714285804e+00
7.200000000000000000e+02 1.000501485714285765e+00 9.997556448979592059e-01
7.250000000000000000e+02 1.000540614285714280e+00 1.000395755102041040e+00
7.300000000000000000e+02 1.000318244897959286e+00 1.000033687755102374e+00
7.350000000000000000e+02 9.994825040816326389e-01 9.998958306122448514e-01
7.400000000000000000e+02 9.997994367346940692e-01 9.993609285714286639e-01
7.450000000000000000e+02 9.998320183673470307e-01 9.990243816326531689e-01
7.500000000000000000e+02 9.997495122448979421e-01 1.001604002040816344e+00
7.550000000000000000e+02 9.999315857142857533e-01 1.000639426530612441e+00
7.600000000000000000e+02 9.995319816326529994e-01 9.998546346938775864e-01
7.650000000000000000e+02 9.976380959183674957e-01 9.995026020408165346e-01
7.700000000000000000e+02 9.993228163265307495e-01 9.993755551020407912e-01
7.750000000000000000e+02 1.001122363265306126e+00 9.997684959183674724e-01
7.800000000000000000e+02 9.989829530612246433e-01 9.986486408163266493e-01
7.850000000000000000e+02 9.998949081632654279e-01 1.001829971428571442e+00
7.900000000000000000e+02 9.998826693877550520e-01 9.999864857142855001e-01
7.950000000000000000e+02 1.001851432653061424e+00 1.001335816326530681e+00
8.000000000000000000e+02 9.990997897959184026e-01 1.000644369387755139e+00
8.050000000000000000e+02 9.989296857142857533e-01 1.000521197959183706e+00
8.100000000000000000e+02 9.997747040816328257e-01 9.987722408163266508e-01
8.150000000000000000e+02 9.983180469387755718e-01 1.000127665306122404e+00
8.200000000000000000e+02 1.002009440816326702e+00 1.001664842857142856e+00
8.250000000000000000e+02 9.991667183673470509e-01 1.000576548979591918e+00
8.300000000000000000e+02 9.998199530612247310e-01 9.980760367346939166e-01
8.350000000000000000e+02 9.981694938775509396e-01 1.000234553061224663e+00
8.400000000000000000e+02 9.987189693877551733e-01 1.000216859183673535e+00
8.450000000000000000e+02 9.998005000000000919e-01 1.000967491836734835e+00
8.500000000000000000e+02 9.993031102040816904e-01 1.000039893877551211e+00
8.550000000000000000e+02 9.992791816326530574e-01 1.000404163265306234e+00
8.600000000000000000e+02 1.000213287755102209e+00 9.995666918367348552e-01
8.650000000000000000e+02 9.990088653061224289e-01 9.995251530612245805e-01
8.700000000000000000e+02 1.000453175510203963e+00 9.994360673469389056e-01
8.750000000000000000e+02 9.998640408163266269e-01 1.000617251020408105e+00
8.800000000000000000e+02 1.001218981632653326e+00 1.000504095918367309e+00
8.850000000000000000e+02 9.987874163265306748e-01 9.993949224489796501e-01
8.900000000000000000e+02 9.989765775510205392e-01 1.002514632653061399e+00
8.950000000000000000e+02 9.990692489795917064e-01 9.985507040816326008e-01
9.000000000000000000e+02 1.000226789795918503e+00 1.000167804081632639e+00
9.050000000000000000e+02 1.000297514285714451e+00 9.992042857142857670e-01
9.100000000000000000e+02 9.992729224489795836e-01 1.000016108163265471e+00
9.150000000000000000e+02 9.993193428571428560e-01 1.000108879591836919e+00
9.200000000000000000e+02 9.987312408163265820e-01 1.000138291836734528e+00
9.250000000000000000e+02 1.001266414285713946e+00 1.000841061224489792e+00
9.300000000000000000e+02 1.000525812244898116e+00 1.000749848979591849e+00
9.350000000000000000e+02 1.001092202040816392e+00 1.000714595918367422e+00
9.400000000000000000e+02 9.999708122448980330e-01 1.000478824489795970e+00
9.450000000000000000e+02 1.000161310204081611e+00 9.997719714285715487e-01
9.500000000000000000e+02 9.998751081632655247e-01 1.001782161224489931e+00
9.550000000000000000e+02 9.996220326530613765e-01 9.992878510204082909e-01
9.600000000000000000e+02 1.000248453061224563e+00 1.000437104081632667e+00
9.650000000000000000e+02 1.000594873469387913e+00 1.000945197959183686e+00
9.700000000000000000e+02 1.001668171428571785e+00 1.000307955102040847e+00
9.750000000000000000e+02 1.001028142857142811e+00 9.999134489795917791e-01
9.800000000000000000e+02 1.001167995918367470e+00 1.001382830612244978e+00
9.850000000000000000e+02 9.999308775510202807e-01 9.997063979591838123e-01
9.900000000000000000e+02 9.996767326530614506e-01 1.000311565306122308e+00
9.950000000000000000e+02 1.000395826530612542e+00 9.993671571428570655e-01
