0.000000000000000000e+00 3.642857142857142821e-02 3.642857142857142821e-02
5.000000000000000000e+00 9.910460469387756266e-01 9.874231530612245233e-01
1.000000000000000000e+01 9.938123979591837465e-01 9.894589244897959990e-01
1.500000000000000000e+01 9.931605448979592410e-01 9.897131653061224110e-01
2.000000000000000000e+01 9.956620632653061520e-01 9.894960000000001532e-01
2.500000000000000000e+01 9.960209836734692512e-01 9.912917408163265387e-01
3.000000000000000000e+01 9.967099489795918643e-01 9.919419755102041325e-01
3.500000000000000000e+01 9.942294448979591692e-01 9.922818061224489838e-01
4.000000000000000000e+01 9.948920591836734051e-01 9.943767571428571150e-01
4.500000000000000000e+01 9.946067510204082973e-01 9.940736265306121533e-01
5.000000000000000000e+01 9.976896673469388688e-01 9.943089673469387435e-01
5.500000000000000000e+01 9.970737795918367397e-01 9.916277551020409309e-01
6.000000000000000000e+01 9.960904612244899647e-01 9.932279244897959103e-01
6.500000000000000000e+01 9.970678244897959175e-01 9.942387979591836844e-01
7.000000000000000000e+01 9.957041346938776405e-01 9.942465122448981285e-01
7.500000000000000000e+01 9.955049183673470026e-01 9.928778408163265734e-01
8.000000000000000000e+01 9.961260020408163607e-01 9.929400142857144340e-01
8.500000000000000000e+01 9.952962040816327738e-01 9.945387877551020717e-01
9.000000000000000000e+01 9.955847714285714911e-01 9.948350755102041143e-01
9.500000000000000000e+01 9.960666612244898355e-01 9.934721857142857493e-01
1.000000000000000000e+02 9.968675530612246538e-01 9.944093326530613064e-01
1.050000000000000000e+02 9.963615877551020850e-01 9.938578959183672623e-01
1.100000000000000000e+02 9.969448816326531571e-01 9.957610387755103654e-01
1.150000000000000000e+02 9.985301775510203592e-01 9.940601755102042025e-01
1.200000000000000000e+02 9.975987204081633308e-01 9.956976571428570733e-01
1.250000000000000000e+02 9.971351612244898632e-01 9.944697142857142902e-01
1.300000000000000000e+02 9.969295510204080335e-01 9.944765877551020594e-01
1.350000000000000000e+02 9.988604040816329022e-01 9.953820714285713800e-01
1.400000000000000000e+02 9.959573244897960143e-01 9.954655326530611470e-01
1.450000000000000000e+02 9.968066775510203703e-01 9.965042489795917779e-01
1.500000000000000000e+02 9.976500693877550230e-01 9.949799816326529989e-01
1.550000000000000000e+02 9.980947775510203845e-01 9.960966408163267616e-01
1.600000000000000000e+02 9.977954510204083416e-01 9.953716612244898343e-01
1.650000000000000000e+02 9.966876836734694933e-01 9.962258632653062662e-01
1.700000000000000000e+02 9.978276979591838014e-01 9.953554122448979857e-01
1.750000000000000000e+02 9.980064816326532640e-01 9.949402244897959102e-01
1.800000000000000000e+02 9.982232714285712571e-01 9.948488448979592169e-01
1.850000000000000000e+02 9.971853877551021261e-01 9.947561081632653179e-01
1.900000000000000000e+02 9.979670775510205427e-01 9.935605081632654656e-01
1.950000000000000000e+02 9.953837999999999298e-01 9.955581367346939548e-01
2.000000000000000000e+02 9.976893122448979856e-01 9.957240204081632129e-01
2.050000000000000000e+02 9.973589755102041376e-01 9.964315163265305975e-01
2.100000000000000000e+02 9.969333183673469989e-01 9.949813979591837221e-01
2.150000000000000000e+02 9.977029020408162419e-01 9.962935714285716671e-01
2.200000000000000000e+02 9.988757571428571458e-01 9.960169999999999302e-01
2.250000000000000000e+02 9.972229510204082548e-01 9.968865938775509639e-01
2.300000000000000000e+02 9.975008979591837299e-01 9.952668224489796822e-01
2.350000000000000000e+02 9.977421510204083077e-01 9.961255387755102442e-01
2.400000000000000000e+02 9.981906612244898502e-01 9.968208673469387548e-01
2.450000000000000000e+02 9.983243224489795065e-01 9.972971061224489286e-01
2.500000000000000000e+02 9.985594551020409160e-01 9.957303306122451403e-01
2.550000000000000000e+02 9.989040244897960941e-01 9.969363510204081180e-01
2.600000000000000000e+02 9.989655040816327602e-01 9.988551571428571085e-01
2.650000000000000000e+02 9.975776959183674242e-01 9.966046489795920005e-01
2.700000000000000000e+02 9.983765061224489923e-01 9.954730653061224510e-01
2.750000000000000000e+02 9.984835040816326668e-01 9.965875204081633409e-01
2.800000000000000000e+02 9.997554244897960407e-01 9.968519387755101491e-01
2.850000000000000000e+02 9.980241693877550668e-01 9.972964673469389973e-01
2.900000000000000000e+02 9.979530979591837436e-01 9.964530224489797083e-01
2.950000000000000000e+02 9.987691673469386577e-01 9.956993020408164696e-01
3.000000000000000000e+02 9.989724163265305545e-01 9.955046387755102089e-01
3.050000000000000000e+02 9.971487081632653959e-01 9.980999510204083824e-01
3.100000000000000000e+02 9.988744020408164559e-01 9.963554326530614791e-01
3.150000000000000000e+02 9.982711612244898891e-01 9.979133979591837678e-01
3.200000000000000000e+02 9.980265265306123013e-01 9.971822326530611624e-01
3.250000000000000000e+02 9.983360816326530829e-01 9.975640591836734128e-01
3.300000000000000000e+02 9.987441428571429691e-01 9.990640612244897634e-01
3.350000000000000000e+02 9.998933857142858761e-01 9.971614428571428101e-01
3.400000000000000000e+02 9.973575775510206132e-01 9.975712632653059853e-01
3.450000000000000000e+02 9.971352612244898106e-01 9.968821510204082248e-01
3.500000000000000000e+02 9.987544163265305031e-01 9.985566102040817071e-01
3.550000000000000000e+02 1.000167040816326569e+00 9.962471632653061571e-01
3.600000000000000000e+02 9.992646306122449085e-01 9.979511469387754019e-01
3.650000000000000000e+02 9.997315204081633766e-01 9.971828204081631952e-01
3.700000000000000000e+02 9.976397734693879249e-01 9.981387918367348178e-01
3.750000000000000000e+02 9.988644244897958435e-01 9.986709408163265689e-01
3.800000000000000000e+02 9.979729224489796158e-01 1.000102375510204089e+00
3.850000000000000000e+02 9.980028918367347401e-01 9.983427530612244416e-01
3.900000000000000000e+02 9.987727918367348412e-01 9.995374183673468860e-01
3.950000000000000000e+02 9.980875020408163101e-01 9.964483979591838292e-01
4.000000000000000000e+02 9.987789938775512022e-01 9.984848571428571740e-01
4.050000000000000000e+02 9.971765755102041107e-01 9.990436775510204148e-01
4.100000000000000000e+02 9.986297612244898758e-01 9.988205000000001110e-01
4.150000000000000000e+02 9.984424204081634446e-01 9.983831836734694543e-01
4.200000000000000000e+02 9.979526571428571913e-01 9.968538265306122748e-01
4.250000000000000000e+02 9.979442346938774966e-01 9.981350959183673544e-01
4.300000000000000000e+02 9.983043999999999807e-01 9.976286346938776362e-01
4.350000000000000000e+02 9.997599734693878304e-01 9.994832000000000161e-01
4.400000000000000000e+02 9.990901244897960609e-01 9.977187163265306413e-01
4.450000000000000000e+02 9.993744081632651710e-01 9.988905285714284599e-01
4.500000000000000000e+02 9.981736612244895834e-01 9.982027877551018502e-01
4.550000000000000000e+02 9.982259938775509545e-01 1.000093524489795938e+00
4.600000000000000000e+02 9.999888673469389255e-01 1.000134459183673385e+00
4.650000000000000000e+02 9.985517489795918689e-01 9.988255734693878285e-01
4.700000000000000000e+02 9.982078163265306614e-01 9.987053244897960980e-01
4.750000000000000000e+02 9.982970306122448401e-01 9.999910265306122259e-01
4.800000000000000000e+02 9.985897489795917403e-01 1.000648993877551129e+00
4.850000000000000000e+02 9.979420244897958536e-01 9.978693061224490624e-01
4.900000000000000000e+02 9.995665081632655324e-01 9.983396122448979781e-01
4.950000000000000000e+02 1.000271326530612459e+00 9.980109959183673940e-01
5.000000000000000000e+02 9.988263632653060498e-01 9.998375632653061507e-01
5.050000000000000000e+02 9.987275612244899126e-01 9.991530857142857380e-01
5.100000000000000000e+02 9.983390959183674473e-01 9.980235469387757075e-01
5.150000000000000000e+02 9.986323244897958862e-01 9.990579591836734608e-01
5.200000000000000000e+02 1.000610842857142746e+00 9.979209163265305715e-01
5.250000000000000000e+02 9.985098448979592423e-01 1.000096608163265177e+00
5.300000000000000000e+02 1.000334055102040987e+00 9.990589000000001940e-01
5.350000000000000000e+02 9.988457306122450197e-01 9.990610693877552961e-01
5.400000000000000000e+02 9.996164632653062876e-01 1.000530726530612036e+00
5.450000000000000000e+02 1.000031155102040881e+00 9.991964244897959535e-01
5.500000000000000000e+02 9.983117000000001351e-01 1.000239636734693960e+00
5.550000000000000000e+02 9.999503285714286260e-01 9.976199244897960838e-01
5.600000000000000000e+02 1.000723006122449021e+00 9.996214755102039717e-01
5.650000000000000000e+02 9.991752510204081617e-01 1.000570346938775668e+00
5.700000000000000000e+02 9.999419244897961301e-01 9.980906938775511161e-01
5.750000000000000000e+02 9.986136795918367781e-01 1.000085342857143011e+00
5.800000000000000000e+02 9.995449448979589757e-01 9.998118632653060223e-01
5.850000000000000000e+02 9.999641265306122850e-01 9.986935102040817025e-01
5.900000000000000000e+02 9.994524428571429642e-01 9.985709938775511052e-01
5.950000000000000000e+02 9.995280693877551803e-01 9.996334244897958632e-01
6.000000000000000000e+02 9.987604387755103508e-01 1.000417920408163130e+00
6.050000000000000000e+02 1.000220742857143019e+00 9.996716612244898048e-01
6.100000000000000000e+02 9.973829857142858524e-01 1.000660275510204089e+00
6.150000000000000000e+02 9.993335775510203689e-01 9.996040306122446761e-01
6.200000000000000000e+02 1.001680422448979701e+00 9.996708857142856397e-01
6.250000000000000000e+02 9.991091755102040617e-01 9.990960428571428187e-01
6.300000000000000000e+02 9.998462000000000183e-01 9.993504897959184508e-01
6.350000000000000000e+02 1.001701283673469556e+00 9.995217775510203406e-01
6.400000000000000000e+02 9.980843673469388388e-01 1.001577691836734729e+00
6.450000000000000000e+02 9.988162795918368309e-01 1.000179163265306093e+00
6.500000000000000000e+02 9.972283224489796316e-01 9.984747469387755814e-01
6.550000000000000000e+02 1.000069504081632754e+00 1.000753271428571400e+00
6.600000000000000000e+02 9.982390938775509426e-01 9.993107428571429418e-01
6.650000000000000000e+02 9.985353346938774521e-01 1.000987140816326448e+00
6.700000000000000000e+02 9.999076714285713985e-01 9.995672306122449502e-01
6.750000000000000000e+02 9.989756163265306466e-01 9.988837408163264708e-01
6.800000000000000000e+02 9.992429408163265858e-01 9.995053877551022259e-01
6.850000000000000000e+02 9.998030571428572211e-01 9.976743653061225237e-01
6.900000000000000000e+02 9.995095632653061557e-01 1.000111414285714373e+00
6.950000000000000000e+02 9.996028285714286810e-01 9.989322408163264777e-01
7.000000000000000000e+02 1.000889075510204007e+00 1.000084006122448965e+00
7.050000000000000000e+02 1.000370597959183927e+00 1.000259673469387822e+00
7.100000000000000000e+02 9.996052020408164873e-01 1.001198940816326433e+00
7.150000000000000000e+02 9.998505020408163801e-01 1.000898585714285804e+00
7.200000000000000000e+02 1.000067979591836798e+00 9.997556448979592059e-01
7.250000000000000000e+02 9.998935224489796658e-01 1.000395755102041040e+00
7.300000000000000000e+02 9.985044734693879764e-01 1.000033687755102374e+00
7.350000000000000000e+02 1.001128369387755068e+00 9.998958306122448514e-01
7.400000000000000000e+02 1.000084800000000218e+00 9.993609285714286639e-01
7.450000000000000000e+02 9.999913367346939808e-01 9.990243816326531689e-01
7.500000000000000000e+02 9.992089775510205607e-01 1.001604002040816344e+00
7.550000000000000000e+02 1.001023138775510191e+00 1.000639426530612441e+00
7.600000000000000000e+02 9.981096020408163350e-01 9.998546346938775864e-01
7.650000000000000000e+02 9.993308510204080841e-01 9.995026020408165346e-01
7.700000000000000000e+02 1.000145812244898291e+00 9.993755551020407912e-01
7.750000000000000000e+02 1.002071912244898000e+00 9.997684959183674724e-01
7.800000000000000000e+02 1.001073226530612370e+00 9.986486408163266493e-01
7.850000000000000000e+02 1.000644353061224567e+00 1.001829971428571442e+00
7.900000000000000000e+02 9.979331551020408364e-01 9.999864857142855001e-01
7.950000000000000000e+02 9.998954224489795539e-01 1.001335816326530681e+00
8.000000000000000000e+02 9.992936142857142823e-01 1.000644369387755139e+00
8.050000000000000000e+02 9.993347999999999676e-01 1.000521197959183706e+00
8.100000000000000000e+02 9.999706020408163365e-01 9.987722408163266508e-01
8.150000000000000000e+02 9.994018408163265477e-01 1.000127665306122404e+00
8.200000000000000000e+02 1.000878540816326545e+00 1.001664842857142856e+00
8.250000000000000000e+02 9.998743938775511708e-01 1.000576548979591918e+00
8.300000000000000000e+02 1.001278346938775377e+00 9.980760367346939166e-01
8.350000000000000000e+02 1.000115287755102056e+00 1.000234553061224663e+00
8.400000000000000000e+02 9.997199367346938370e-01 1.000216859183673535e+00
8.450000000000000000e+02 9.994466897959183305e-01 1.000967491836734835e+00
8.500000000000000000e+02 9.997236489795918724e-01 1.000039893877551211e+00
8.550000000000000000e+02 1.000004269387755107e+00 1.000404163265306234e+00
8.600000000000000000e+02 1.001081385714285732e+00 9.995666918367348552e-01
8.650000000000000000e+02 1.000239159183673454e+00 9.995251530612245805e-01
8.700000000000000000e+02 1.000038228571428656e+00 9.994360673469389056e-01
8.750000000000000000e+02 9.991017081632653785e-01 1.000617251020408105e+00
8.800000000000000000e+02 9.991952408163266020e-01 1.000504095918367309e+00
8.850000000000000000e+02 1.000272138775510244e+00 9.993949224489796501e-01
8.900000000000000000e+02 1.000078877551020096e+00 1.002514632653061399e+00
8.950000000000000000e+02 9.993791938775512529e-01 9.985507040816326008e-01
9.000000000000000000e+02 9.997890836734694142e-01 1.000167804081632639e+00
9.050000000000000000e+02 1.000242816326530670e+00 9.992042857142857670e-01
9.100000000000000000e+02 1.000501412244898081e+00 1.000016108163265471e+00
9.150000000000000000e+02 1.000385806122449095e+00 1.000108879591836919e+00
9.200000000000000000e+02 9.973299428571429370e-01 1.000138291836734528e+00
9.250000000000000000e+02 9.997962204081632942e-01 1.000841061224489792e+00
9.300000000000000000e+02 1.000405969387755167e+00 1.000749848979591849e+00
9.350000000000000000e+02 9.991401367346938178e-01 1.000714595918367422e+00
9.400000000000000000e+02 9.981887142857143180e-01 1.000478824489795970e+00
9.450000000000000000e+02 1.000710783673469439e+00 9.997719714285715487e-01
9.500000000000000000e+02 1.001279187755101940e+00 1.001782161224489931e+00
9.550000000000000000e+02 9.997199510204080042e-01 9.992878510204082909e-01
9.600000000000000000e+02 1.000275310204081780e+00 1.000437104081632667e+00
9.650000000000000000e+02 9.993566857142857085e-01 1.000945197959183686e+00
9.700000000000000000e+02 1.000551918367346804e+00 1.000307955102040847e+00
9.750000000000000000e+02 9.998599714285715256e-01 9.999134489795917791e-01
9.800000000000000000e+02 9.989958102040816801e-01 1.001382830612244978e+00
9.850000000000000000e+02 1.000842365306122472e+00 9.997063979591838123e-01
9.900000000000000000e+02 1.001791024489796067e+00 1.000311565306122308e+00
9.950000000000000000e+02 1.000380285714285833e+00 9.993671571428570655e-01
