0.000000000000000000e+00 3.642857142857142821e-02 3.642857142857142821e-02
5.000000000000000000e+00 9.841623734693877301e-01 9.874231530612245233e-01
1.000000000000000000e+01 9.879717612244898195e-01 9.894589244897959990e-01
1.500000000000000000e+01 9.894535673469387893e-01 9.897131653061224110e-01
2.000000000000000000e+01 9.898778836734694053e-01 9.894960000000001532e-01
2.500000000000000000e+01 9.899595102040817940e-01 9.912917408163265387e-01
3.000000000000000000e+01 9.907190183673471040e-01 9.919419755102041325e-01
3.500000000000000000e+01 9.927784959183674207e-01 9.922818061224489838e-01
4.000000000000000000e+01 9.933667448979592862e-01 9.943767571428571150e-01
4.500000000000000000e+01 9.935886938775508881e-01 9.940736265306121533e-01
5.000000000000000000e+01 9.949125020408164932e-01 9.943089673469387435e-01
5.500000000000000000e+01 9.928010489795917604e-01 9.916277551020409309e-01
6.000000000000000000e+01 9.964953346938776324e-01 9.932279244897959103e-01
6.500000000000000000e+01 9.959217285714286882e-01 9.942387979591836844e-01
7.000000000000000000e+01 9.952345510204081425e-01 9.942465122448981285e-01
7.500000000000000000e+01 9.960310693877552080e-01 9.928778408163265734e-01
8.000000000000000000e+01 9.957135061224491324e-01 9.929400142857144340e-01
8.500000000000000000e+01 9.965427285714287819e-01 9.945387877551020717e-01
9.000000000000000000e+01 9.972614571428571884e-01 9.948350755102041143e-01
9.500000000000000000e+01 9.960864102040816181e-01 9.934721857142857493e-01
1.000000000000000000e+02 9.976717489795922100e-01 9.944093326530613064e-01
1.050000000000000000e+02 9.973821979591835918e-01 9.938578959183672623e-01
1.100000000000000000e+02 9.964916530612246692e-01 9.957610387755103654e-01
1.150000000000000000e+02 9.987616877551019900e-01 9.940601755102042025e-01
1.200000000000000000e+02 9.965179000000000675e-01 9.956976571428570733e-01
1.250000000000000000e+02 9.978738346938775816e-01 9.944697142857142902e-01
1.300000000000000000e+02 9.964770142857144464e-01 9.944765877551020594e-01
1.350000000000000000e+02 9.979130857142859412e-01 9.953820714285713800e-01
1.400000000000000000e+02 9.972030081632652365e-01 9.954655326530611470e-01
1.450000000000000000e+02 9.982369795918367705e-01 9.965042489795917779e-01
1.500000000000000000e+02 9.972987897959184611e-01 9.949799816326529989e-01
1.550000000000000000e+02 9.980928244897959711e-01 9.960966408163267616e-01
1.600000000000000000e+02 9.972231510204082605e-01 9.953716612244898343e-01
1.650000000000000000e+02 9.953335775510205874e-01 9.962258632653062662e-01
1.700000000000000000e+02 9.981811387755102905e-01 9.953554122448979857e-01
1.750000000000000000e+02 9.972105265306124844e-01 9.949402244897959102e-01
1.800000000000000000e+02 9.973589061224490404e-01 9.948488448979592169e-01
1.850000000000000000e+02 9.975059346938774940e-01 9.947561081632653179e-01
1.900000000000000000e+02 9.978882591836735205e-01 9.935605081632654656e-01
1.950000000000000000e+02 9.993265591836735240e-01 9.955581367346939548e-01
2.000000000000000000e+02 9.983398102040815791e-01 9.957240204081632129e-01
2.050000000000000000e+02 9.983390795918367644e-01 9.964315163265305975e-01
2.100000000000000000e+02 9.959820591836734405e-01 9.949813979591837221e-01
2.150000000000000000e+02 9.978377612244898609e-01 9.962935714285716671e-01
2.200000000000000000e+02 9.990078632653061064e-01 9.960169999999999302e-01
2.250000000000000000e+02 9.979890122448979994e-01 9.968865938775509639e-01
2.300000000000000000e+02 9.972562877551020000e-01 9.952668224489796822e-01
2.350000000000000000e+02 9.979347020408162461e-01 9.961255387755102442e-01
2.400000000000000000e+02 9.987127244897958667e-01 9.968208673469387548e-01
2.450000000000000000e+02 9.978517448979593585e-01 9.972971061224489286e-01
2.500000000000000000e+02 9.954247428571427747e-01 9.957303306122451403e-01
2.550000000000000000e+02 9.977326734693878763e-01 9.969363510204081180e-01
2.600000000000000000e+02 9.977050693877551613e-01 9.988551571428571085e-01
2.650000000000000000e+02 9.972788918367347932e-01 9.966046489795920005e-01
2.700000000000000000e+02 9.970053959183673431e-01 9.954730653061224510e-01
2.750000000000000000e+02 9.971539571428571502e-01 9.965875204081633409e-01
2.800000000000000000e+02 9.980758448979593078e-01 9.968519387755101491e-01
2.850000000000000000e+02 9.967251612244897307e-01 9.972964673469389973e-01
2.900000000000000000e+02 9.979391857142857480e-01 9.964530224489797083e-01
2.950000000000000000e+02 9.978873530612245579e-01 9.956993020408164696e-01
3.000000000000000000e+02 9.997078285714288137e-01 9.955046387755102089e-01
3.050000000000000000e+02 9.975014857142857627e-01 9.980999510204083824e-01
3.100000000000000000e+02 9.999736795918365839e-01 9.963554326530614791e-01
3.150000000000000000e+02 9.991213734693878967e-01 9.979133979591837678e-01
3.200000000000000000e+02 9.995290244897958587e-01 9.971822326530611624e-01
3.250000000000000000e+02 9.982044428571427153e-01 9.975640591836734128e-01
3.300000000000000000e+02 9.998064183673468497e-01 9.990640612244897634e-01
3.350000000000000000e+02 9.990077591836735715e-01 9.971614428571428101e-01
3.400000000000000000e+02 9.985233040816327010e-01 9.975712632653059853e-01
3.450000000000000000e+02 9.972725326530612611e-01 9.968821510204082248e-01
3.500000000000000000e+02 1.000003673469387788e+00 9.985566102040817071e-01
3.550000000000000000e+02 9.981061367346939495e-01 9.962471632653061571e-01
3.600000000000000000e+02 9.967148489795919497e-01 9.979511469387754019e-01
3.650000000000000000e+02 9.972176714285716503e-01 9.971828204081631952e-01
3.700000000000000000e+02 1.000043585714285532e+00 9.981387918367348178e-01
3.750000000000000000e+02 9.991160714285716171e-01 9.986709408163265689e-01
3.800000000000000000e+02 9.981440020408163249e-01 1.000102375510204089e+00
3.850000000000000000e+02 9.993985183673471662e-01 9.983427530612244416e-01
3.900000000000000000e+02 9.982596775510204079e-01 9.995374183673468860e-01
3.950000000000000000e+02 9.990092857142858218e-01 9.964483979591838292e-01
4.000000000000000000e+02 9.979469142857141373e-01 9.984848571428571740e-01
4.050000000000000000e+02 9.991185000000001315e-01 9.990436775510204148e-01
4.100000000000000000e+02 9.993078775510204625e-01 9.988205000000001110e-01
4.150000000000000000e+02 9.986781734693878088e-01 9.983831836734694543e-01
4.200000000000000000e+02 1.000614842857143083e+00 9.968538265306122748e-01
4.250000000000000000e+02 9.996536816326531127e-01 9.981350959183673544e-01
4.300000000000000000e+02 9.994463306122449708e-01 9.976286346938776362e-01
4.350000000000000000e+02 9.979397387755101212e-01 9.994832000000000161e-01
4.400000000000000000e+02 9.975147408163266283e-01 9.977187163265306413e-01
4.450000000000000000e+02 9.987782489795918872e-01 9.988905285714284599e-01
4.500000000000000000e+02 9.978923000000001764e-01 9.982027877551018502e-01
4.550000000000000000e+02 9.999184081632653820e-01 1.000093524489795938e+00
4.600000000000000000e+02 9.984960265306123128e-01 1.000134459183673385e+00
4.650000000000000000e+02 9.971192877551020572e-01 9.988255734693878285e-01
4.700000000000000000e+02 9.985190755102042459e-01 9.987053244897960980e-01
4.750000000000000000e+02 9.986173775510204242e-01 9.999910265306122259e-01
4.800000000000000000e+02 9.992203020408162439e-01 1.000648993877551129e+00
4.850000000000000000e+02 9.997401897959183881e-01 9.978693061224490624e-01
4.900000000000000000e+02 9.993813081632652029e-01 9.983396122448979781e-01
4.950000000000000000e+02 9.983693244897958730e-01 9.980109959183673940e-01
5.000000000000000000e+02 9.978580530612246591e-01 9.998375632653061507e-01
5.050000000000000000e+02 9.999061204081632903e-01 9.991530857142857380e-01
5.100000000000000000e+02 9.992564428571431012e-01 9.980235469387757075e-01
5.150000000000000000e+02 9.984445204081632275e-01 9.990579591836734608e-01
5.200000000000000000e+02 9.985062040816329310e-01 9.979209163265305715e-01
5.250000000000000000e+02 9.983959122448979873e-01 1.000096608163265177e+00
5.300000000000000000e+02 9.987216040816326856e-01 9.990589000000001940e-01
5.350000000000000000e+02 9.992047714285712257e-01 9.990610693877552961e-01
5.400000000000000000e+02 9.979607714285714248e-01 1.000530726530612036e+00
5.450000000000000000e+02 9.991748469387754517e-01 9.991964244897959535e-01
5.500000000000000000e+02 9.989712775510204423e-01 1.000239636734693960e+00
5.550000000000000000e+02 9.988251163265307042e-01 9.976199244897960838e-01
5.600000000000000000e+02 9.980674183673470257e-01 9.996214755102039717e-01
5.650000000000000000e+02 9.992793448979593318e-01 1.000570346938775668e+00
5.700000000000000000e+02 9.994720673469388306e-01 9.980906938775511161e-01
5.750000000000000000e+02 9.989502448979592497e-01 1.000085342857143011e+00
5.800000000000000000e+02 9.992274938775510540e-01 9.998118632653060223e-01
5.850000000000000000e+02 9.997071510204081912e-01 9.986935102040817025e-01
5.900000000000000000e+02 1.000009765306122400e+00 9.985709938775511052e-01
5.950000000000000000e+02 1.000017122448979778e+00 9.996334244897958632e-01
6.000000000000000000e+02 9.998242734693878475e-01 1.000417920408163130e+00
6.050000000000000000e+02 9.994522734693876975e-01 9.996716612244898048e-01
6.100000000000000000e+02 1.000087342857142847e+00 1.000660275510204089e+00
6.150000000000000000e+02 9.997439510204081392e-01 9.996040306122446761e-01
6.200000000000000000e+02 1.000725197959183577e+00 9.996708857142856397e-01
6.250000000000000000e+02 9.990652795918368856e-01 9.990960428571428187e-01
6.300000000000000000e+02 1.000383487755102108e+00 9.993504897959184508e-01
6.350000000000000000e+02 1.000509848979592054e+00 9.995217775510203406e-01
6.400000000000000000e+02 9.991166551020407294e-01 1.001577691836734729e+00
6.450000000000000000e+02 1.000160857142857296e+00 1.000179163265306093e+00
6.500000000000000000e+02 1.001334875510204059e+00 9.984747469387755814e-01
6.550000000000000000e+02 9.992750897959183920e-01 1.000753271428571400e+00
6.600000000000000000e+02 9.999046081632652072e-01 9.993107428571429418e-01
6.650000000000000000e+02 9.984718632653061254e-01 1.000987140816326448e+00
6.700000000000000000e+02 9.992355428571431109e-01 9.995672306122449502e-01
6.750000000000000000e+02 1.000859155102040932e+00 9.988837408163264708e-01
6.800000000000000000e+02 9.985551755102042293e-01 9.995053877551022259e-01
6.850000000000000000e+02 1.000205142857143015e+00 9.976743653061225237e-01
6.900000000000000000e+02 1.000363883673469401e+00 1.000111414285714373e+00
6.950000000000000000e+02 9.989725387755100661e-01 9.989322408163264777e-01
7.000000000000000000e+02 9.998567122448980271e-01 1.000084006122448965e+00
7.050000000000000000e+02 1.000111216326530661e+00 1.000259673469387822e+00
7.100000000000000000e+02 1.000731830612245021e+00 1.001198940816326433e+00
7.150000000000000000e+02 9.995756040816325960e-01 1.000898585714285804e+00
7.200000000000000000e+02 1.001096485714285889e+00 9.997556448979592059e-01
7.250000000000000000e+02 9.978832632653062973e-01 1.000395755102041040e+00
7.300000000000000000e+02 1.000832704081632718e+00 1.000033687755102374e+00
7.350000000000000000e+02 9.989878591836734989e-01 9.998958306122448514e-01
7.400000000000000000e+02 9.987444938775510428e-01 9.993609285714286639e-01
7.450000000000000000e+02 9.997641183673471321e-01 9.990243816326531689e-01
7.500000000000000000e+02 1.001168024489796249e+00 1.001604002040816344e+00
7.550000000000000000e+02 1.000046302040816126e+00 1.000639426530612441e+00
7.600000000000000000e+02 1.000432102040816229e+00 9.998546346938775864e-01
7.650000000000000000e+02 9.991913816326531972e-01 9.995026020408165346e-01
7.700000000000000000e+02 9.989210367346939012e-01 9.993755551020407912e-01
7.750000000000000000e+02 9.991380306122451538e-01 9.997684959183674724e-01
7.800000000000000000e+02 1.000912428571428592e+00 9.986486408163266493e-01
7.850000000000000000e+02 9.995649571428570912e-01 1.001829971428571442e+00
7.900000000000000000e+02 9.996639591836735672e-01 9.999864857142855001e-01
7.950000000000000000e+02 1.000297802040816197e+00 1.001335816326530681e+00
8.000000000000000000e+02 9.993696306122450412e-01 1.000644369387755139e+00
8.050000000000000000e+02 9.997928857142855952e-01 1.000521197959183706e+00
8.100000000000000000e+02 9.988692346938776723e-01 9.987722408163266508e-01
8.150000000000000000e+02 9.995600489795919419e-01 1.000127665306122404e+00
8.200000000000000000e+02 1.000353910204081931e+00 1.001664842857142856e+00
8.250000000000000000e+02 1.000385520408163531e+00 1.000576548979591918e+00
8.300000000000000000e+02 9.992340897959184343e-01 9.980760367346939166e-01
8.350000000000000000e+02 9.992621306122450031e-01 1.000234553061224663e+00
8.400000000000000000e+02 1.001076555102040855e+00 1.000216859183673535e+00
8.450000000000000000e+02 9.997739571428571059e-01 1.000967491836734835e+00
8.500000000000000000e+02 1.000273224489796053e+00 1.000039893877551211e+00
8.550000000000000000e+02 1.000279795918367354e+00 1.000404163265306234e+00
8.600000000000000000e+02 1.001491710204081675e+00 9.995666918367348552e-01
8.650000000000000000e+02 1.001304063265306077e+00 9.995251530612245805e-01
8.700000000000000000e+02 9.992679775510204809e-01 9.994360673469389056e-01
8.750000000000000000e+02 9.985006000000000714e-01 1.000617251020408105e+00
8.800000000000000000e+02 1.000062942857142811e+00 1.000504095918367309e+00
8.850000000000000000e+02 1.000981163265306062e+00 9.993949224489796501e-01
8.900000000000000000e+02 1.001032379591836774e+00 1.002514632653061399e+00
8.950000000000000000e+02 1.000895879591837012e+00 9.985507040816326008e-01
9.000000000000000000e+02 1.000574697959183634e+00 1.000167804081632639e+00
9.050000000000000000e+02 9.998242408163264816e-01 9.992042857142857670e-01
9.100000000000000000e+02 1.001048587755102082e+00 1.000016108163265471e+00
9.150000000000000000e+02 9.999654244897959732e-01 1.000108879591836919e+00
9.200000000000000000e+02 1.000602406122449217e+00 1.000138291836734528e+00
9.250000000000000000e+02 1.000460793877551158e+00 1.000841061224489792e+00
9.300000000000000000e+02 9.983100285714285871e-01 1.000749848979591849e+00
9.350000000000000000e+02 1.000226108163265293e+00 1.000714595918367422e+00
9.400000000000000000e+02 9.986176673469386866e-01 1.000478824489795970e+00
9.450000000000000000e+02 9.985803755102041768e-01 9.997719714285715487e-01
9.500000000000000000e+02 1.000718051020408117e+00 1.001782161224489931e+00
9.550000000000000000e+02 1.001350324489795884e+00 9.992878510204082909e-01
9.600000000000000000e+02 9.998772020408164263e-01 1.000437104081632667e+00
9.650000000000000000e+02 9.993505306122451026e-01 1.000945197959183686e+00
9.700000000000000000e+02 9.993232816326530488e-01 1.000307955102040847e+00
9.750000000000000000e+02 9.994988979591836742e-01 9.999134489795917791e-01
9.800000000000000000e+02 9.993400428571428407e-01 1.001382830612244978e+00
9.850000000000000000e+02 9.994033857142857746e-01 9.997063979591838123e-01
9.900000000000000000e+02 9.999522673469389833e-01 1.000311565306122308e+00
9.950000000000000000e+02 1.000713061224489886e+00 9.993671571428570655e-01
